	0	1	2	3	4	5	6	7	8	9	10	11	12	13	14	15	16	17	18	19	20	21	22	23	24	25	26	27	28	29	30	31	32	33	34	35	36	37	38	39	40	41	42	43	44	45	46	47	48	49	50	51	52	53	54	55	56	57	58	59	60	61	62	63	64	65	66	67	68	69	70	71	72	73	74	75	76	77	78	79	80	81	82	83	84	85	86	87	88	89	90	91	92	93	94	95	96	97	98	99	100	101	102	103	104	105	106	107	108	109	110	111	112	113	114	115	116	117	118	119	120	121	122	123	124	125	126	127	128	129	130	131	132	133	134	135	136	137	138	139	140	141	142	143	144	145	146	147	148	149	150	151	152	153	154	155	156	157	158	159	160	161	162	163	164	165	166	167	168	169	170	171	172	173	174	175	176	177	178	179	180	181	182	183	184	185	186	187	188	189	190	191	192	193	194	195	196	197	198	199	200	201	202	203	204	205	206	207	208	209	210	211	212	213	214	215	216	217	218	219	220	221	222	223	224	225	226	227	228	229	230	231	232	233	234	235	236	237	238	239	240	241	242	243	244	245	246	247	248	249	250	251	252	253	254	255	256	257	258	259	260	261	262	263	264	265	266	267	268	269	270	271	272	273	274	275	276	277	278	279	280	281	282	283	284	285	286	287	288	289	290	291	292	293	294	295	296	297	298	299	300	301	302	303	304	305	306	307	308	309	310	311	312	313	314	315	316	317	318	319	320	321	322	323	324	325	326	327	328	329	330	331	332	333	334	335	336	337	338	339	340	341	342	343	344	345	346	347	348	349	350	351	352	353	354	355	356	357	358	359	360	361	362	363	364	365	366	367	368	369	370	371	372	373	374	375	376	377	378	379	380	381	382	383	384	385	386	387	388	389	390	391	392	393	394	395	396	397	398	399
albatross	0.40115	0.72121	0.36711	0.42401	0.47934	0.32066	0.51513	0.0	0.45426	0.51447	0.87161	0.28526	0.60341	0.24257	0.38502	0.79273	0.42731	0.49652	0.48107	0.61346	0.46595	0.52934	0.18889	0.63191	0.51461	0.6167	0.66279	0.65526	0.74527	0.37635	0.81266	0.40552	0.77823	0.48059	0.39018	0.61913	0.54624	0.26911	0.59104	0.81766	0.89558	0.58659	0.57405	0.37959	0.67841	0.5744	0.01737	0.54296	0.1561	0.66536	0.29038	0.33724	0.63778	0.59049	0.48624	0.67987	0.80964	0.41809	0.07357	0.47841	0.50167	0.39653	0.59377	0.5362	0.50295	1.0	0.59931	0.36826	0.24971	0.55455	0.57112	0.38355	0.34308	0.31027	0.0485	0.60156	0.55324	0.63192	0.60014	0.23271	0.20971	0.13648	0.54403	0.52379	0.35206	0.58613	1.0	0.53542	0.49236	0.33125	0.60532	0.26179	0.84211	0.55567	0.50458	0.22712	0.51446	0.49329	0.5962	0.38521	0.55388	0.68154	0.98251	0.42285	0.33352	0.60397	0.16853	0.4465	0.39728	0.76893	0.68734	0.09174	0.31713	0.32586	0.69591	0.25428	0.6075	0.2359	0.66269	0.47503	0.31921	0.66456	0.46276	0.47875	0.52239	0.36169	0.74802	0.38203	0.48001	0.40253	0.44519	0.33775	0.28322	0.42872	0.51574	0.564	0.32756	0.39593	0.48056	0.33207	0.37083	0.23418	0.48031	0.65366	0.7342	0.59404	0.41923	0.00807	0.68148	0.61553	0.38547	0.8639	0.06985	0.2117	0.47987	0.5898	0.55409	0.54359	0.78418	0.44223	0.26155	0.19526	0.75541	0.30712	0.69327	0.46514	0.49727	0.56503	0.52619	0.64472	0.52734	0.71885	1.0	0.547	0.38071	0.25248	0.2019	0.95109	0.38645	0.05316	0.40509	0.53251	0.65026	0.06451	0.77319	0.41826	0.32897	0.42628	0.51372	0.05068	0.33084	0.65291	0.05014	0.30618	0.08522	0.44658	0.45638	0.75186	0.57935	0.68385	0.56539	0.2447	0.5876	0.65646	0.52794	0.924	0.85674	0.86386	0.60559	0.64087	0.27968	1.0	0.54341	0.82911	0.80751	0.53559	0.71077	0.74752	0.72472	0.47552	0.86271	0.41367	0.65378	0.61644	0.33531	0.57986	0.31735	0.54776	0.59024	0.59516	0.1812	0.54167	0.60963	0.68134	0.26077	0.45307	0.56473	0.3896	0.54757	0.75806	0.51493	0.52233	0.16603	0.38901	0.70629	0.39843	0.83416	0.31405	0.43082	0.79366	0.42485	0.51962	0.34177	0.30946	0.44394	0.65756	0.22716	0.85108	0.14899	0.35717	0.4743	0.70332	0.7402	0.44946	0.52257	0.39664	0.73217	0.75219	0.38251	0.76631	0.44798	0.73952	0.45334	0.64272	0.17078	0.61211	0.47115	0.30308	0.57923	0.32132	0.44987	0.43334	0.38814	0.62809	0.49366	0.34226	0.41671	0.52537	0.45565	0.42645	0.38058	0.35055	0.54393	0.4472	0.56405	0.44055	0.78583	0.58122	0.20416	0.79096	0.68093	0.35373	0.3663	0.71802	0.14259	0.72652	0.7596	0.40956	0.44734	0.73489	0.35646	0.53904	0.46296	0.26997	0.67763	0.27179	0.56706	0.32927	0.22773	0.64438	0.29718	0.56564	0.35858	0.56049	0.67442	0.13779	0.33389	0.71212	0.47503	0.56948	0.93604	0.4933	0.29734	0.60994	0.49834	0.65248	0.30224	0.51334	0.48683	0.0	0.37965	0.86359	0.52122	0.55598	0.409	0.17029	0.42216	0.69484	0.30281	0.45714	0.42093	0.50669	0.32998	0.27361	0.72653	0.45496	0.89317	0.67148	0.41934	0.70064	0.68044	0.46058	0.63171	0.78864	0.46432	0.42259	0.60952	0.38975	0.0	0.53312	0.34474	0.59852	0.57953	0.66348	0.70779	0.61624	0.44222	0.17338	0.53393	0.35827	0.62717	0.50404	0.52929	0.63172	0.29437	0.76768	0.55744	0.55054	0.25589	0.37374	0.32957	0.42057	0.73939	0.53515	0.26274	0.77406	0.37337	0.42239	0.45976	0.47554
alligator	0.43561	0.36224	0.58166	0.63032	0.7162	0.4165	0.89738	0.51537	0.38909	0.61461	0.70781	0.76511	0.0	0.19401	0.45485	0.5095	0.24872	0.69863	0.60106	0.28494	0.6804	0.294	0.37169	0.47005	0.22426	0.41407	0.21804	0.73823	0.41249	0.35503	0.82657	0.42131	0.40469	0.88222	0.54479	0.61077	0.22232	0.43187	0.32665	0.58828	0.67436	0.67314	0.692	0.26778	0.33711	0.58472	0.56342	0.59645	0.3461	0.56479	0.30833	0.3805	0.59672	0.49944	0.91074	0.28288	0.26943	0.30841	0.84585	0.63101	0.48491	0.76085	0.4088	0.8604	0.5521	0.65561	0.23516	0.56903	0.53946	0.59979	0.53538	0.20856	0.4481	0.39242	0.57773	0.26687	0.59209	0.60322	0.26178	0.42974	0.53145	0.35554	0.613	0.41891	0.48116	0.22505	0.36909	0.30798	0.57114	1.0	0.29378	0.42313	0.38586	0.37488	0.51423	0.33255	0.34385	0.45762	0.65973	0.5182	0.37663	0.62604	0.16667	0.41742	0.55671	0.22155	0.28426	0.73209	0.84917	0.18719	0.87105	0.5855	0.22356	0.7668	0.73782	0.28082	0.57447	0.53348	0.43672	0.73011	0.7556	0.42916	0.67743	0.69688	0.29381	0.42776	0.71623	0.559	0.34139	0.58733	0.68138	0.63729	0.36827	0.44593	0.62805	0.33782	0.66769	0.39196	0.80295	0.15983	0.49524	0.41451	0.7383	0.58148	0.4883	0.59507	0.37129	0.71585	0.50921	0.53108	0.42226	0.76325	0.32831	0.54756	0.48468	0.69695	0.57455	0.25483	0.47352	0.3537	0.63168	0.2024	0.46038	0.75033	0.90045	0.59517	0.612	0.41521	0.30457	0.29307	0.42773	0.47724	0.57176	0.77453	0.51804	0.80624	0.2482	0.26483	0.44618	0.49486	0.28733	0.2662	0.56797	0.68571	0.47266	0.34793	0.1906	0.60389	0.40713	0.48765	0.51965	0.44699	0.05283	0.36956	0.34134	0.59005	0.68399	0.6338	0.41852	0.20098	0.42242	0.1425	0.60844	0.54254	0.57471	0.42777	0.41556	0.46068	0.63875	0.54877	0.56694	0.62221	0.2187	0.38713	0.25236	0.86504	0.2715	0.51361	0.76186	0.47817	0.64081	0.32306	0.42158	0.41782	0.58662	0.38248	0.35683	0.2769	0.95981	0.20521	0.77886	0.27309	0.69201	0.33043	0.46843	0.47478	0.35844	0.44613	0.64599	0.54472	0.68653	0.45663	0.76703	0.29771	0.48691	0.55125	0.38985	0.28576	1.0	0.15507	0.3427	0.45945	0.53271	0.54498	0.90882	0.57824	0.58943	0.53767	0.39004	0.48068	0.64404	0.42567	0.44388	0.39382	0.50091	0.75273	0.78867	0.42077	0.82167	0.51799	0.50287	0.53639	0.19816	0.33838	0.65429	0.79219	0.6876	0.4651	0.53505	0.78233	0.37581	0.56287	0.82969	0.1929	0.70115	0.44462	0.5421	0.4569	0.27139	0.72112	0.42433	0.6956	0.51187	0.62238	0.46043	0.53296	0.38441	0.65866	0.24598	0.31543	0.21982	0.57213	0.35943	0.12397	0.74713	0.34248	0.45903	0.28923	0.52338	0.63981	0.58787	0.80838	0.76217	0.90082	0.576	0.34189	0.4706	0.43476	0.38094	0.19655	0.31349	0.46567	0.75934	0.51308	0.36696	0.51099	0.29954	0.65187	0.45884	0.3389	0.62235	0.50056	0.31415	0.66996	0.799	0.21282	0.68775	0.0	0.65006	0.29303	0.6855	0.91145	0.4028	0.65837	0.55131	0.45194	0.61054	0.62537	0.5173	0.25305	0.31378	0.41457	0.40229	0.47031	0.71013	0.42647	0.17948	0.69857	0.53977	0.5601	0.48444	0.5964	0.5841	0.85352	0.57405	0.52412	0.7452	0.23701	0.75747	0.59741	0.20492	0.51726	0.5169	0.3467	0.32301	0.49601	0.53616	0.19597	0.47797	0.30239	0.2491	0.4799	0.4842	0.43755	0.24249	0.66868	0.55617	0.56427	0.42935	0.39861	0.37286	0.45301	0.9961	0.44285	0.46311	0.95561	0.37221	0.58869	0.32101	0.65018
ant	0.67979	0.91954	0.85045	0.60562	0.7083	0.70576	0.41262	0.32074	0.37809	0.03087	0.36252	0.73499	0.35063	0.64194	0.66074	0.51415	0.18518	0.53036	0.47726	0.53075	0.44597	0.69891	0.64461	0.30365	0.36516	0.41298	0.41102	0.26397	0.50655	0.85926	0.77597	0.27013	0.63226	0.85881	0.42661	0.5473	0.6413	0.5781	0.5381	0.27856	0.60077	0.29294	0.51521	0.44475	0.23895	0.51878	0.36718	0.73519	0.53386	0.47109	0.13564	0.3769	0.29878	0.32182	0.66162	0.80043	0.38868	0.25915	0.36932	0.54861	0.38044	0.55288	0.34154	0.45389	0.45776	0.448	0.49716	0.61718	0.77437	0.88256	0.67819	0.57535	0.52153	0.74409	0.3342	0.48369	0.0	0.55823	0.78555	0.31491	0.65518	0.72338	0.73537	0.28934	0.46295	0.77173	0.55963	0.41423	0.66426	0.26519	0.48896	0.21582	0.47914	0.53193	0.5764	0.62031	0.31902	0.49319	0.46798	0.4384	0.64772	0.40528	0.41503	0.58099	0.31424	0.86977	0.36363	0.37223	0.30141	0.14342	0.80815	0.6881	0.35392	0.62073	0.56285	0.49541	0.55967	0.48369	0.24136	0.65636	0.56193	0.58031	0.56193	0.41507	0.03957	0.62223	0.67626	0.32856	0.76257	0.57142	0.41838	0.50526	0.8374	0.55375	0.64954	0.80111	0.29334	0.46178	0.37176	0.45428	0.48743	0.41329	0.4127	0.09165	0.3354	0.45125	0.14411	0.45319	0.11429	0.25024	0.31738	0.56005	0.46856	0.32963	0.30559	0.54233	0.75002	0.41652	0.33365	0.52638	0.75255	0.43882	0.74582	0.61252	0.08236	0.50989	0.39467	0.53383	0.26261	0.18378	0.64837	0.68283	0.45177	0.7712	0.86573	0.27517	0.32131	0.64361	0.42441	0.6924	0.64355	0.44724	0.28525	0.65956	0.23516	0.18925	0.46553	0.37992	0.56073	0.46887	0.60091	0.39539	0.39925	0.50747	0.46671	0.6988	0.81804	0.44669	0.56297	0.45977	0.68248	0.5745	0.87203	0.58013	0.38492	0.78052	0.53965	0.72339	0.50192	0.46819	0.75029	0.44182	0.55387	0.40684	0.72042	0.48821	0.67939	0.42024	0.43592	0.48912	0.28744	0.4719	0.54731	0.75481	0.41772	0.53233	0.44632	0.36888	0.3833	0.73004	0.58959	0.87445	0.54039	0.47448	0.84365	0.34374	0.42076	0.46862	0.76077	0.23466	0.7197	0.58287	0.61482	0.38134	0.87107	0.51695	0.52818	0.22109	0.75906	0.0	0.53206	0.59902	0.61031	0.51652	0.53939	0.50125	0.27551	0.86081	0.60692	0.45952	0.56594	0.27796	0.49409	0.18042	0.27272	0.58377	0.51555	0.49989	0.53453	0.49931	0.26613	0.38414	0.69333	0.72071	0.48878	0.18445	0.44662	0.35572	0.59788	0.84345	0.49931	0.39925	0.28469	0.42414	0.75187	0.54639	0.55598	0.21438	0.44377	0.31109	0.43415	0.46049	0.44615	0.70352	0.50647	0.68056	0.37843	0.63188	0.47368	0.36137	0.38682	0.98184	0.79859	0.37587	0.56659	0.39335	0.80986	0.46179	0.25363	0.57896	0.67739	0.76763	0.51432	0.40691	0.68834	0.52453	0.30344	0.28088	0.53019	0.83316	0.35973	0.27581	0.46585	0.10153	0.56861	0.30918	0.64329	0.30351	0.21683	0.57228	0.69846	0.35963	0.63855	0.27851	0.36293	0.56343	0.77469	0.52004	0.39249	0.82723	0.52553	0.70936	0.67737	0.10415	0.51512	0.48398	0.33333	0.75085	0.67144	0.65487	0.45183	0.17196	0.47437	0.46027	0.17406	0.68611	0.66654	0.4245	0.38308	0.52792	0.29233	0.31032	0.62102	0.40899	0.41834	0.41005	0.44175	0.50244	0.45896	0.49374	0.56323	0.36356	0.75021	0.26196	0.46118	0.2593	0.68598	0.43899	0.40578	0.47653	0.66856	0.33237	0.75906	0.55575	0.11078	0.23959	0.23974	0.62762	0.29072	0.49647	0.45688	0.27542	0.58257	0.57671	0.56739	0.64375	0.59266	0.65157	0.17541	0.40825
anteater	0.44957	0.40384	0.56676	0.65129	0.64268	0.51189	0.41886	0.48213	0.58939	0.53	0.4176	0.61635	0.74163	0.57684	0.37614	1.0	0.36685	0.50713	0.48736	0.59099	0.53275	0.29579	0.6033	0.43311	0.883	0.52968	0.5307	0.54396	0.42536	0.71745	0.81387	0.40667	0.76009	0.33905	0.45713	0.3534	0.78058	0.45465	0.40008	0.6427	0.50661	0.62862	0.23507	0.51821	0.55094	0.35416	0.04246	0.36057	0.63112	0.11135	0.16941	0.30705	0.69789	0.76787	0.37754	0.49928	0.84433	0.63482	0.28057	0.69053	0.66331	0.61269	0.23337	0.4371	0.41477	0.46571	0.43222	0.26773	0.37163	0.59901	0.5795	0.47912	0.56342	0.58321	0.4337	0.54573	0.58557	0.41496	0.45959	0.36815	0.66615	0.71382	0.7086	0.45811	0.4134	0.66131	0.41067	0.57378	0.5686	0.00161	0.18352	0.68234	0.32004	0.71524	0.30374	0.29862	0.39504	0.69804	0.66138	0.37657	0.84742	0.5869	0.66715	0.74966	0.52071	0.43304	0.56216	0.5815	0.46154	0.71694	0.65129	0.35859	0.44473	0.30514	0.70696	0.59604	0.3561	0.53553	0.69837	0.73006	0.4618	0.5283	0.62671	0.60259	0.75763	0.22344	0.7775	0.75528	0.39969	0.53286	0.49516	0.53142	0.59098	0.21928	0.21399	0.44078	0.67101	0.28362	0.38263	0.50835	0.47381	0.56483	0.40771	0.40613	0.63064	0.50148	0.24896	0.3825	0.72555	0.38956	0.53021	0.3504	0.26413	1.0	0.67847	0.86456	0.27415	0.24965	0.71	0.34392	0.36051	0.47438	0.64272	0.47114	0.44198	0.57467	0.35916	0.52006	0.25773	0.4757	0.30289	0.39364	0.14931	0.54177	0.40288	0.38421	0.49089	0.20354	0.47538	0.77044	0.74566	0.28528	0.09417	0.25448	0.48704	0.55472	0.72976	0.19376	0.51508	0.81	0.53196	0.40272	0.64087	0.66627	0.36975	0.55173	0.57168	0.4122	0.30353	0.17873	0.50755	0.55756	0.49049	0.28099	0.43579	0.95052	0.42653	0.23306	0.47242	0.62255	0.70479	0.36054	0.5662	0.60374	0.72415	0.33682	0.37605	0.46521	0.41408	0.55702	0.62612	0.42749	0.57722	0.19961	0.52555	0.07888	0.66517	0.39605	0.56239	0.43231	0.38765	0.76922	0.42115	0.41961	0.0	0.80241	0.41446	0.48262	0.35889	0.43311	0.41571	0.39431	0.81004	0.57278	0.55423	0.31427	0.69054	0.47673	0.38634	0.73717	0.19206	0.67853	0.42227	0.507	0.43261	0.48471	0.4851	0.87374	0.59367	0.80105	0.61324	0.51952	0.5946	0.51927	0.23383	0.47664	0.35205	0.37485	0.3537	0.49654	0.73789	0.69194	0.62958	0.83533	0.48389	0.43995	0.53972	0.46787	0.58125	0.5327	0.50033	0.42833	0.57931	0.17183	0.59002	0.79027	0.88286	0.32998	0.33334	0.84033	0.56954	0.48293	0.30216	0.54814	0.5411	0.70212	0.50698	0.29213	0.33591	0.79914	0.36348	0.97314	0.42791	0.82543	0.21973	0.51952	0.39864	0.47434	0.77455	0.39617	0.4542	0.33196	0.35776	0.18226	0.77163	0.53131	0.27611	0.51303	0.63636	0.54898	0.46913	1.0	0.31956	0.62301	0.26363	0.44314	0.58815	0.34776	0.76583	0.28251	0.27011	0.60076	0.39286	0.7076	0.30942	0.58097	0.72048	0.48907	0.34572	0.30479	0.71573	0.40014	0.72075	0.12968	0.59635	0.60387	0.36816	0.5921	0.37151	0.22307	0.69709	0.42301	0.4802	0.43476	0.18327	0.66777	0.69158	0.54087	0.36817	0.09181	0.68614	0.20258	0.73977	0.37839	0.69572	0.19443	0.70789	0.4201	1.0	0.39209	0.45284	0.63054	0.59713	0.5294	0.74625	0.179	0.40058	0.89923	0.34243	0.71281	0.44591	0.44526	0.50015	0.38921	0.51504	0.76504	0.45499	0.4442	0.06378	0.49788	0.43536	0.7874	0.0	0.114	0.73606	0.61041	0.01098	0.09569	0.43929	0.3619
antelope	0.34408	0.66224	0.32131	0.79152	0.86086	0.59866	0.48711	0.9395	0.7627	1.0	0.61466	0.63602	0.41399	0.14981	0.39083	0.63417	0.45352	0.83055	0.58752	0.29268	0.42353	0.68492	0.49867	0.36642	0.34826	0.28915	0.75597	0.31528	0.61805	0.60675	0.25987	0.24176	0.43576	0.53572	0.69124	0.56011	0.48247	0.58485	0.6466	0.29936	0.6481	0.25286	0.43406	0.72898	0.32753	0.26444	0.5086	0.28139	0.5448	0.50928	0.68862	0.51919	0.45302	0.39213	0.72784	0.54111	0.68252	0.54236	0.41434	0.33883	0.44548	0.50948	0.48955	0.91698	0.33409	0.63614	0.41274	0.51597	0.60295	0.19267	0.68516	0.12039	0.46579	0.40794	0.3919	0.09442	0.76547	0.41553	0.37299	0.50963	0.29114	0.34545	0.17466	0.2503	0.64979	0.26905	0.44154	0.045	0.6137	0.55543	0.51884	0.75337	0.2718	0.50806	0.24998	0.69759	0.27242	0.65361	0.57211	0.30312	0.21614	0.0	0.46291	0.76837	0.69912	0.34861	0.40824	0.33806	0.36841	0.34761	0.67954	0.86143	0.91541	0.71889	0.44354	0.85899	0.68633	0.84347	0.41331	0.33294	0.67861	0.34212	0.47418	0.56157	0.36127	0.57457	0.29602	0.51347	0.60339	0.48408	0.54121	0.50743	0.40259	0.68682	0.21671	0.42015	0.49842	0.4776	0.44439	0.44905	0.45301	0.73582	0.68542	0.3688	0.28073	0.51734	0.37282	0.38651	0.36837	0.38395	0.43879	0.64898	0.48364	0.31833	0.59823	0.32555	0.3905	0.4196	0.7426	0.72794	0.38499	0.54023	0.50777	0.71707	0.45902	0.46236	0.3978	0.54748	0.66286	0.80823	0.62548	0.41421	0.19136	0.56358	0.36515	0.3582	0.34574	0.51089	0.51505	0.60447	0.74336	0.45089	0.82348	0.43347	0.41544	0.72278	0.4619	0.7943	0.72152	0.38947	0.52549	0.27621	0.25136	0.42052	0.37897	0.38988	0.73414	0.31025	0.40459	0.543	0.64033	0.08428	0.60241	0.45584	0.63867	0.7307	0.36901	0.62876	0.6008	0.51148	0.50408	0.42841	0.59413	0.69542	0.27698	0.53989	0.3791	0.52223	0.29496	0.56712	0.08334	0.27618	0.23389	0.64675	0.54426	0.23879	0.52985	0.36498	0.8744	0.38947	0.40364	0.15511	0.59515	0.5203	0.16446	0.68827	0.22326	0.74725	0.57805	0.62341	0.58774	0.47241	0.65244	0.42354	0.55947	0.32132	0.76991	0.48478	0.79568	0.40841	0.33132	0.48381	0.51699	0.56295	0.20001	0.82999	0.60962	0.48716	0.71061	0.49195	0.48776	0.4239	0.30383	0.32187	0.4059	0.47149	0.8806	0.87854	0.48509	0.49931	0.04421	0.54923	0.72655	0.20591	0.55836	0.0	0.39193	0.45442	0.49652	0.46008	0.62125	0.60765	0.46472	0.39078	0.68861	0.24203	0.30413	0.17603	0.44323	0.4923	0.44944	0.71523	0.72792	0.72962	0.54907	0.23281	0.37803	0.45356	0.33979	0.5723	0.44083	0.35518	0.90356	0.15628	0.75833	0.59916	0.25427	0.01131	0.65598	0.33294	0.80817	0.48426	0.59067	0.39649	0.4527	0.43096	0.79617	0.49894	0.39755	0.04851	0.58303	0.73447	0.57247	0.35473	0.65537	0.26358	0.52124	0.47555	0.69536	0.50143	0.6511	0.20596	0.56491	0.23115	0.51706	0.71929	0.83415	0.53902	0.66994	0.5478	0.46042	0.42145	0.5709	0.43091	0.44577	0.71647	0.53667	0.7103	0.75108	0.27367	0.22369	0.5638	0.34863	0.31633	0.62914	0.62948	0.24475	0.52457	0.47937	0.36257	0.84139	0.76374	0.62942	0.54251	0.17528	0.53857	0.55096	0.17644	0.41444	0.72557	0.437	0.75437	0.39134	0.4824	0.65058	0.83006	0.68589	0.86943	0.66842	0.30059	0.12791	0.60139	0.69098	0.12591	0.32084	0.61857	0.70886	0.53195	0.4125	0.6936	0.41147	0.5344	0.47014	0.52438	0.65865	0.83658	0.68615	0.30042	0.47346	0.38899
aphid	0.41299	0.47821	0.09067	0.50111	0.5526	0.0	0.39809	0.23758	0.34841	0.65935	0.08977	0.37813	0.66543	0.61603	0.68068	0.68846	0.75387	0.31783	0.28018	0.51332	0.57238	0.19176	0.681	0.41692	0.42358	0.81621	0.88038	0.44047	0.4563	0.71637	0.54553	0.56672	0.35364	0.43488	0.45074	0.4883	0.57167	0.66757	0.9587	0.53438	0.59829	0.926	0.39512	0.48582	0.03702	0.39587	0.19927	0.67586	0.22184	0.42698	0.20873	0.57703	0.61706	0.45505	0.37667	0.35828	0.82373	0.42022	0.5023	0.62337	0.71691	0.69871	0.12427	0.56939	0.46288	0.42693	0.57513	0.66587	0.76358	0.73342	0.69862	0.47839	0.35545	0.002	0.49434	0.49524	0.86695	0.21165	0.4842	0.17191	0.33388	0.69739	0.64526	0.24158	0.3168	0.49496	0.59368	0.46592	0.53274	0.46533	0.3169	0.51091	0.5245	0.83854	0.83675	0.63919	0.49552	0.70803	0.21008	0.70083	0.72469	0.53935	0.16156	0.52038	0.45684	0.52891	0.84261	0.40603	0.5807	0.61664	0.52248	0.78786	0.11445	1.0	0.79778	0.82847	0.98146	0.20424	0.31757	0.38532	0.18553	0.55747	0.30333	0.46856	0.17541	0.5461	0.39003	0.7062	0.4087	0.40302	0.21224	0.4194	0.7849	0.35675	0.15663	0.53671	0.38078	0.63438	0.6787	0.51578	0.37479	0.85906	0.59456	0.42215	0.32222	0.6401	0.55644	0.38627	0.68813	0.4898	0.25933	0.44623	0.68959	0.16896	0.47469	0.46231	0.41023	0.48992	0.53204	0.78469	0.60835	0.30627	0.43144	0.97559	0.11645	0.46424	0.59455	0.79056	0.27959	0.66152	0.64761	0.73558	0.40669	0.67881	0.35861	0.29406	0.58109	0.68452	0.36644	0.33746	0.29103	0.49496	0.21716	0.52939	0.48801	0.76656	0.37725	0.71333	0.43694	0.28744	0.51429	0.35086	0.56315	0.3508	0.50619	0.59614	0.0	0.23291	0.70217	0.53339	0.52074	0.11657	0.6961	0.18425	0.39177	0.85267	0.3221	0.36121	0.4618	0.68343	0.78134	0.34725	0.63686	0.35281	0.74218	0.68681	0.29613	0.75036	0.50799	0.45711	0.27567	0.41357	0.49437	0.47297	0.65749	0.55775	0.14706	0.43298	0.65868	0.6337	0.18235	0.44444	0.35352	0.04454	0.24568	0.38633	0.76708	0.53348	0.23661	0.55191	0.38894	0.36768	0.77653	0.58459	0.53436	0.80777	0.62812	0.26557	0.69332	0.53572	0.00267	0.3663	0.38292	0.60224	0.36806	0.31228	0.82412	0.37621	0.64226	0.66198	0.58471	0.58842	0.4921	0.71329	0.25088	0.78005	0.66471	0.69071	0.47376	0.5411	0.22493	0.34589	0.70299	0.05348	0.24313	0.35755	0.57029	0.3193	0.60761	0.45531	0.07567	0.56095	0.54138	0.30369	0.48366	0.6448	0.56352	0.45071	0.53222	0.726	0.41215	0.69392	0.57344	0.39778	0.22019	0.25625	0.45648	0.51365	0.50995	0.79184	0.19659	0.45405	0.35599	0.47589	0.52031	0.37043	0.32461	0.61012	0.9129	0.47769	0.46902	0.68713	0.51898	0.38329	0.51028	0.52377	0.8171	0.77062	0.58633	0.43201	1.0	0.51377	0.73433	0.67922	0.4048	0.44372	0.33331	0.41414	0.67857	0.65655	0.4234	0.61871	0.53128	0.59862	0.36198	0.70263	0.42642	0.78232	0.68036	0.24188	0.38966	0.84785	0.75616	0.18732	0.65752	0.66338	0.24693	0.54556	0.50061	0.81939	0.41109	0.48262	0.70147	0.35454	0.18887	0.58413	0.42375	0.30041	0.67991	0.24682	0.62672	0.64698	0.48873	0.84221	0.36906	0.42959	0.68671	0.48948	0.29969	0.61065	0.56351	0.58415	0.22857	0.78187	0.4312	0.31975	0.44261	0.58705	0.59516	0.49487	0.44889	0.59475	0.71335	0.73644	0.27227	0.42515	0.23507	0.29654	0.33267	0.35585	0.30872	0.60622	0.43017	0.53075	0.61721	0.46178	0.33815	0.34783	0.8873	0.484
armadillo	0.30254	0.47661	0.56674	0.21985	0.76937	0.26827	0.25569	0.56781	0.3451	0.83823	0.64022	0.76497	0.89785	0.32364	0.34796	0.49548	0.66376	0.64193	0.34843	0.29711	0.56422	0.47261	0.12654	0.37751	0.47792	0.44086	0.53724	0.56942	0.49376	0.53731	0.57077	0.51594	0.45874	0.67247	0.48831	0.53443	0.43917	0.5997	0.45061	0.69151	0.77076	0.30954	0.62236	0.52907	0.39908	0.29512	0.4894	0.54348	0.40733	0.30974	0.4338	0.38595	0.21984	0.44934	0.35615	0.48125	0.54273	0.60589	0.47368	0.71107	0.46794	0.59329	0.92406	0.47386	0.59324	0.50351	0.36275	0.3941	0.32271	0.47289	0.61525	0.41789	0.44324	0.40039	0.27954	0.66817	0.57904	0.35718	0.23825	0.14747	0.53914	0.29593	0.67336	0.39871	0.2541	0.1687	0.66754	0.23292	0.60052	0.49536	0.6029	0.53065	0.5006	0.55104	0.17558	0.55798	0.31968	0.57517	0.82691	0.10997	0.38445	0.44397	0.30317	0.40673	0.23602	0.18907	0.48419	0.68719	0.42969	0.14581	0.70042	0.59234	0.62462	0.46497	0.63096	0.52172	0.75306	0.48009	0.42923	0.62487	0.63364	0.15734	0.25119	0.65182	0.58007	0.44568	0.60549	0.3708	0.53659	0.63812	0.43247	0.5617	0.58189	1.0	0.50479	0.63623	0.67812	0.26153	0.71923	0.59335	0.54393	0.35179	0.81502	0.2374	0.55569	0.32508	0.55338	0.55226	0.38104	0.40134	0.65793	0.59762	0.28707	0.31208	0.25764	0.11208	0.70832	0.45015	0.55357	0.3789	0.69869	0.71558	0.1106	0.85444	0.61023	0.36943	0.4657	0.3969	0.4968	0.59531	0.46685	0.6764	0.33192	0.84882	0.4328	0.65652	0.57885	0.48791	0.52745	0.16572	0.40729	0.36273	0.64268	0.7124	0.34668	0.52219	0.23138	0.70399	0.61945	0.66733	0.61246	0.16867	0.40635	0.47791	0.36179	0.54849	0.71292	0.77153	0.44486	0.6365	0.48292	0.42543	0.427	0.61179	0.59661	0.38749	0.42442	0.12118	0.72649	0.57413	0.56104	0.54188	0.25768	0.61605	0.35376	0.73782	0.51881	0.5812	0.50119	0.38346	0.48392	0.45241	0.57022	0.80663	0.81213	0.43416	0.34518	0.06589	0.74959	0.3669	0.502	0.32966	0.67854	0.70931	0.1751	0.56914	0.45103	0.62598	0.7665	0.47542	0.52575	0.57804	0.49586	0.44366	0.68779	0.6855	0.67776	0.07657	0.71153	0.48918	0.16818	0.4266	0.47211	0.2041	0.60027	0.54357	0.43379	0.36798	0.18513	0.71168	0.66905	0.40738	0.54393	0.77361	0.3479	0.63847	0.35265	0.64772	0.45536	0.60766	0.45642	0.64392	0.71924	0.51447	0.58266	0.38377	0.56541	0.53295	0.49911	0.46544	0.82794	0.58733	0.52358	0.37105	0.586	0.0844	0.60147	0.25479	0.29863	0.52697	0.4588	0.69002	0.52071	0.56743	0.4602	0.5526	0.59082	0.78323	0.28827	0.21486	0.64832	0.62968	0.4148	0.4719	0.33679	0.55571	0.43839	0.33211	0.39321	0.69874	0.28665	0.27525	0.76577	0.49857	0.59014	0.41712	0.53464	0.38005	0.49569	0.22449	0.43242	0.70916	0.73293	0.5642	0.27972	0.34894	0.0	0.37978	0.46867	0.1641	0.80509	0.24273	0.39955	0.62626	0.53116	0.6973	0.80282	0.74454	0.56641	0.3036	0.46367	0.70378	0.53364	0.40199	0.68468	0.6678	0.75223	0.62261	0.29379	0.42272	0.26581	0.48422	0.64035	0.64599	0.72772	0.75554	0.45759	0.55281	0.82334	0.57636	0.7737	0.2433	0.67156	0.72977	0.58932	0.51687	0.4923	0.3413	0.5758	0.69577	0.30775	0.76881	0.52773	0.4794	0.49669	0.7317	0.60885	0.4847	0.69277	0.43857	0.38844	0.49168	0.33597	0.47668	0.29944	0.6397	0.36293	0.65027	0.4978	0.68623	0.39004	0.38836	0.64069	0.3384	0.54508	0.59452	0.42529	0.3109	0.56887	0.38784
baboon	0.60502	0.39242	0.769	0.82003	0.74233	0.63738	0.48117	0.56802	0.68281	0.45873	0.67802	0.15046	0.1174	0.82119	0.49412	0.37239	0.42392	0.48722	0.28413	0.55025	0.47913	0.80264	0.38694	0.4397	0.32276	0.35769	0.6382	0.8007	0.51861	0.7079	0.18287	0.3376	0.67451	0.49692	0.19778	0.90651	0.87883	0.30317	0.41951	0.62116	0.24486	0.24937	0.42312	0.70285	0.40153	0.63086	0.72286	0.49039	0.50311	0.90057	0.46765	0.32518	0.12797	0.50532	0.73219	0.68184	0.1354	0.58561	0.23819	0.47732	0.53804	0.72865	0.30607	0.61676	0.29529	0.22191	0.64307	0.24167	0.79091	0.60249	0.42304	0.51482	0.64762	0.46578	0.22127	0.64886	0.84334	0.65062	0.29444	0.65652	0.29136	0.24743	0.59299	0.68592	0.82986	0.36821	0.61392	0.35463	0.47898	0.89323	0.37939	0.76744	0.64839	0.45172	0.38577	0.41041	0.21397	0.45885	0.60641	0.75322	0.7461	0.33294	0.16261	0.75198	0.5754	0.49418	0.59155	0.4243	0.58926	0.45968	0.78718	0.2546	0.2267	0.78602	0.47816	0.5418	0.57433	0.56758	0.37804	0.54252	0.7456	0.56001	0.66315	0.39362	0.4738	0.52152	0.49204	0.41782	0.35416	0.45919	0.21224	0.41453	0.77571	0.7126	0.34112	0.62681	0.47363	0.55438	0.58612	0.41636	0.71884	0.73602	0.48191	0.09366	0.09833	0.61873	0.46812	0.2925	0.38204	0.36326	0.43213	0.54661	0.52731	0.46335	0.22194	0.67861	0.68475	0.4442	0.51733	0.9627	0.65659	0.69395	0.36801	0.38258	0.41133	0.39031	0.67228	0.49915	0.40824	0.2277	0.51905	0.60842	0.33928	0.50441	0.93208	0.61648	0.04313	0.53078	0.44109	0.29284	0.67806	0.55285	0.63747	0.69373	0.34052	0.28739	0.69472	0.51304	0.79093	0.526	0.29167	0.4585	0.85483	0.47519	0.56843	0.42005	0.47051	0.61031	0.42956	0.15789	0.29014	0.27088	0.74579	0.62758	0.7641	0.77531	0.38564	0.70335	0.40277	0.0	0.38574	0.31603	0.67877	0.22095	0.48435	0.31619	0.1238	0.54121	0.56273	0.8653	0.80659	0.34778	0.34041	0.51687	0.42309	0.18263	0.51217	0.28087	0.54201	0.43034	0.64484	0.69839	0.86935	0.40819	0.42326	0.50039	0.55713	0.58293	0.49595	0.2907	0.6928	0.18072	0.53392	0.43684	0.6953	0.81555	0.57768	0.34588	0.96906	0.58185	0.5415	0.50535	0.21098	0.28634	0.16109	0.37551	0.02526	0.47612	0.56163	0.79369	0.50389	0.09864	0.53312	0.65413	0.70007	0.8134	0.19677	0.08452	0.47359	0.23006	0.25795	0.41334	0.78704	0.70717	0.42542	0.42164	0.38781	0.63466	0.70904	0.12003	0.85236	0.42935	0.45538	0.4762	0.29555	0.68562	0.44973	0.26978	0.45221	0.51824	0.68546	0.55498	0.80462	0.61149	0.11458	0.61529	0.32781	0.5153	0.17062	0.58211	0.55073	0.45939	0.5935	0.46416	0.65913	0.80447	0.69479	0.45003	0.42036	0.56017	0.45758	0.54256	0.49666	0.32123	0.66996	0.41957	0.63013	0.42041	0.64227	0.47403	0.57892	0.46999	0.39861	0.41632	0.84298	0.43366	0.83447	0.4627	0.35286	0.50963	0.41748	0.65233	1.0	0.33757	0.60271	0.52605	0.76134	0.67081	0.39528	0.62701	0.56318	0.63535	0.34588	0.52537	0.72728	0.81837	0.07915	0.29557	0.46058	0.92859	0.26958	0.25271	0.2492	0.33497	0.69678	0.24379	0.44211	0.35674	0.56625	0.72766	0.59665	0.51907	0.69526	0.25309	0.22427	0.34843	0.34472	0.35096	0.51227	0.53953	0.23702	0.43341	0.16224	0.61427	0.72755	0.13479	0.35043	0.4978	0.53583	0.39883	0.43379	0.7378	0.74393	0.56652	0.26518	0.32438	0.31237	0.53172	0.36554	0.52776	0.86931	0.3266	0.24494	0.54984	0.7108	0.1358	0.61898	0.59978	0.3244	0.54929
badger	0.26791	0.12525	0.28991	0.58019	0.64502	0.06493	0.49714	0.25093	0.57798	0.6636	0.71026	0.51909	0.90872	0.21283	0.48688	0.81091	0.89308	0.85176	0.65327	0.45014	0.59213	0.31439	0.50866	0.5432	0.34592	0.56952	0.59353	0.61382	0.69984	0.6727	0.47411	0.52521	0.42973	0.68701	0.28047	0.58635	0.63915	0.30152	0.55479	0.58376	0.72764	0.41489	0.46888	0.52077	0.55404	0.76277	0.33055	0.42606	0.52775	0.32439	0.33318	0.45742	0.58315	0.62256	0.2521	0.46546	0.88344	0.3811	0.41127	0.63953	0.63982	0.59561	0.97288	0.39598	0.32111	0.37692	0.64044	0.42064	0.38391	0.48613	0.45072	0.17411	0.60926	0.19603	0.32271	0.8292	0.63765	0.46541	0.55395	0.39672	0.86755	0.49029	0.44776	0.57599	0.91418	0.0	0.25454	0.38791	0.53385	0.59715	0.38197	0.51786	0.21634	0.49693	0.59731	0.67274	0.30208	0.4909	0.55466	0.07851	0.36889	0.65228	0.70938	0.43252	0.44612	0.67151	0.54464	0.6227	0.38339	0.61516	0.4583	0.70881	0.69512	0.41589	0.97181	0.48589	0.06184	0.59531	0.02005	0.4681	0.47091	0.18035	0.4844	0.54873	0.59463	0.39153	0.40369	0.15961	0.6716	0.55921	0.69096	0.45546	0.14355	0.36767	0.02401	0.22893	0.48245	0.4655	0.80221	0.596	0.30074	0.47935	0.57848	0.4606	0.50123	0.63851	0.42059	0.60768	0.47756	0.37603	0.59332	0.64869	0.07188	0.70676	0.50914	0.645	0.8342	0.16464	0.45496	0.35091	0.56559	0.31603	0.41452	0.38492	0.50161	0.149	0.44868	0.90371	0.29076	0.50135	0.64614	0.68277	0.52642	0.40308	0.25582	0.67988	0.35652	0.31798	0.86679	0.58186	0.64703	0.36307	0.57283	0.41225	0.61185	0.44197	0.56053	0.38264	0.47519	0.32439	0.35936	0.46499	0.6529	0.50148	0.51839	0.33332	0.77922	0.78763	0.33211	0.2999	0.43241	0.58081	0.56823	0.62507	0.60121	0.52674	0.678	0.33525	0.3984	0.76242	0.56583	0.38835	0.37502	0.7631	0.79155	0.47633	0.57937	0.41458	0.52163	0.39304	0.23074	0.35272	0.44581	0.42787	0.2831	0.23628	0.47464	0.58821	0.3771	0.41819	0.48881	0.7179	0.60843	0.6563	0.35469	0.45184	0.73425	0.59582	0.86008	0.59474	0.32179	0.51882	0.33302	0.58565	0.53705	0.67879	0.55016	0.5839	0.63285	0.50915	0.08277	0.38644	0.49821	0.55525	0.23709	0.57636	0.60353	0.76889	0.5636	0.37142	0.44117	0.63078	0.41518	0.31658	0.67915	0.37753	0.46957	0.76842	0.67993	0.49126	0.53608	0.56401	0.36835	0.28416	0.6229	0.18804	0.58294	0.73414	0.42576	0.33825	0.72349	0.70945	0.3249	0.44279	0.39967	0.54356	0.56	0.30835	0.39158	0.45459	0.80775	0.26736	0.40859	0.23745	0.40424	0.61886	0.58233	0.52756	0.60066	0.55516	0.05988	0.65257	0.19152	0.97538	0.51795	0.39443	0.0097	0.18171	0.75504	0.74445	0.18362	0.52031	0.30625	0.54411	0.2328	0.65863	0.58353	0.6276	0.28365	0.73372	0.33911	0.55604	0.46331	0.24101	0.40172	0.7814	0.43794	0.40974	0.61374	0.6939	0.29666	0.47764	0.61723	0.86288	0.28637	0.17065	0.83801	0.80663	0.67858	0.14908	0.46367	0.83037	0.37078	0.62487	0.50399	0.57391	0.52415	0.54077	0.64678	0.26835	0.5404	0.37922	0.73833	0.55185	0.73171	0.11596	0.40527	0.31462	0.09145	0.51687	0.48374	0.30535	0.60941	0.70317	0.37132	0.76306	0.49397	0.56261	0.49004	0.58588	0.91282	0.43086	0.73219	0.9327	0.30404	0.25207	0.60577	0.58517	0.85862	0.24744	0.35982	0.81695	0.68199	0.40881	0.48936	0.58261	0.58751	0.40388	0.34533	0.34976	0.58878	0.64955	0.58335	0.46435	0.53168	0.54226	0.35685	0.39472	0.37608	0.1776
barbel	0.6954	0.69988	0.13001	0.85467	0.65044	0.45918	0.66752	0.49579	0.47957	0.56736	0.04817	0.51469	0.34995	0.65107	0.81781	0.68665	0.73471	0.74596	0.59138	0.44255	0.5905	0.2773	0.8036	0.81042	0.22563	0.56515	0.70843	0.09311	0.61917	0.54924	0.42994	0.2097	0.22895	0.61469	0.33975	0.64727	0.75714	0.38138	0.88784	0.62728	0.48424	0.62785	0.03817	0.40879	0.43576	0.68022	0.82531	0.7517	0.51804	0.67441	0.4238	0.51946	0.59646	0.52084	0.66582	0.6102	0.71304	0.33384	0.06679	0.52896	0.39142	0.6689	0.1673	0.71584	0.33746	0.39979	0.40226	0.7041	0.6793	0.05447	0.73561	0.14648	0.77884	0.39827	0.37985	0.34403	0.65004	0.3973	0.46609	0.41661	0.48144	0.50818	0.52356	0.47619	0.40607	0.31177	0.63729	0.40391	0.63037	0.61001	0.24489	0.36617	0.55252	1.0	0.65457	0.69132	0.38778	0.71005	0.23191	0.29079	0.76393	0.22499	0.28551	0.50205	0.51806	0.55705	0.65352	0.42607	0.39458	0.67016	0.4666	0.68363	0.17369	0.53954	0.82267	0.88626	0.4653	0.24258	0.22188	0.27916	0.41601	0.32531	0.57908	0.55903	0.4995	0.36189	0.2899	0.29368	0.62171	0.59902	0.13399	0.2754	0.69721	0.49118	0.40021	0.67018	0.78577	0.29638	0.7586	0.43753	0.71084	0.53443	0.49454	0.37964	0.18725	0.44506	0.6073	0.43249	0.964	0.4252	0.6782	0.58757	0.46761	0.17816	0.66218	0.40126	0.67978	0.43269	0.09515	0.69915	0.69816	0.45978	0.22614	0.47666	0.3393	0.18975	1.0	0.56419	0.37543	0.59958	1.0	0.39747	0.07747	0.74382	0.65839	0.83482	0.38016	0.69263	0.8371	0.6037	0.62744	0.34943	0.60608	0.26631	0.41888	0.83923	0.37778	0.67792	0.60503	0.73552	0.52805	0.52627	0.71406	0.558	0.52705	0.58181	0.75918	0.43604	0.82482	0.66505	0.4334	0.29663	0.51731	0.42328	0.8933	0.64015	0.40701	0.37284	0.67275	0.37255	0.57863	0.35069	0.61304	0.47678	0.09506	0.76486	0.39791	0.40254	0.58968	0.34274	0.27992	0.24547	0.21873	0.51897	0.67438	0.18555	0.50421	0.24003	0.4582	0.60039	0.69016	0.12436	0.65953	0.34664	0.25493	0.59856	0.56158	0.73875	0.50825	0.24742	0.5644	0.41751	0.86671	0.3959	0.5806	0.5803	0.61152	0.61345	0.47815	0.16738	0.13753	0.19887	0.43961	0.66941	0.0767	0.72136	0.63251	0.51865	0.76369	0.48086	0.56498	0.46494	0.6135	0.64549	0.52804	0.7336	0.7163	0.75637	0.58253	0.56435	0.47852	0.41614	0.45012	0.33906	0.56925	0.10989	0.36023	0.4489	0.668	0.0	0.49877	0.55913	0.54002	0.26368	0.35311	0.61243	0.35096	0.1633	0.24461	0.58909	0.45285	0.58119	0.70833	0.33528	0.13355	0.50472	0.32826	0.5874	0.40788	0.54595	0.27839	0.43295	0.65337	0.72383	0.82278	0.53311	0.06861	0.5736	0.60727	0.47531	0.69441	0.49809	0.47833	0.1295	0.33242	0.74683	0.70736	0.69854	0.29385	0.60339	0.66866	0.273	0.84965	0.24484	0.60902	0.76248	0.43288	0.38832	0.55857	0.52244	0.26899	0.30344	0.51372	0.56521	0.4551	0.82059	0.4751	0.69617	0.65024	0.55957	0.81645	0.66147	0.51108	0.45772	0.61834	0.51723	0.29197	0.5067	0.434	0.86678	0.45375	0.32028	0.48489	0.2512	0.4743	0.49498	0.51654	0.27034	0.36748	0.38184	0.26256	0.35571	0.29155	0.82932	0.59855	0.18447	0.62781	0.50292	0.16973	0.62873	0.41016	0.2291	0.43958	0.7782	0.57308	0.69594	0.57029	0.31026	0.18006	0.54924	0.52896	0.24973	0.73631	0.52604	0.21501	0.29822	0.28795	0.54974	0.6041	0.34598	0.14425	0.29567	0.44129	0.42257	0.26023	0.47634	0.60298	0.27478	0.5517	0.78903
barracuda	0.58668	0.48215	0.87481	0.7182	0.72967	0.78497	0.66696	0.5604	0.31509	0.8053	0.43528	0.63395	0.47278	0.72858	0.57174	0.69381	0.30423	0.66831	0.14999	0.59492	0.31079	0.49041	0.16004	0.23553	0.35773	0.49916	0.57096	0.59541	0.41041	0.47581	0.64369	0.45211	0.65361	0.45501	0.68428	0.37673	0.72167	0.29845	0.79136	0.48064	0.63746	0.5459	0.84068	0.48878	0.60527	0.5233	0.42266	0.57338	0.4404	0.21268	0.33565	0.94258	0.45998	0.58067	0.47108	0.35905	0.7316	0.45377	0.58442	0.39937	0.64935	0.65169	0.08614	0.68404	0.86993	0.47616	0.59705	0.55054	0.35834	0.44913	0.52907	0.83177	0.29873	0.53646	0.5149	0.67742	0.65722	0.49293	0.61005	0.43897	0.5721	0.35688	0.29177	0.7071	0.2699	0.53661	0.49065	0.13708	0.58263	0.60774	0.45435	0.40928	0.49726	0.55996	0.17828	0.18629	0.46537	0.44613	0.4767	0.44566	0.73212	0.5997	0.67293	0.37713	0.45831	0.15782	0.41146	0.53884	0.6074	0.35499	0.62684	0.80469	0.70988	0.55355	0.31588	0.33495	0.38971	0.31953	0.4974	0.42132	0.49651	0.6442	0.66246	0.59487	0.71174	0.56135	0.66038	0.31153	0.45782	0.56626	0.48046	0.5287	0.60047	0.62491	0.43746	0.57313	0.34854	0.28734	0.70581	0.5105	0.60886	0.41265	0.55218	0.704	0.32785	0.46554	0.3783	0.64766	0.23764	0.48855	0.45316	0.28274	0.54719	0.26572	0.3215	0.54211	0.623	0.48022	0.84999	0.72358	0.55738	0.50722	0.88356	0.53428	0.69415	0.00343	0.652	0.66109	0.22225	0.42593	0.34654	0.20854	0.54493	0.60715	0.56855	0.42005	0.27273	0.60984	0.34384	0.40402	0.12882	0.11836	0.73696	0.15172	0.68924	0.43349	0.34876	0.45241	0.56416	0.48541	0.32584	0.46299	0.56907	0.17146	0.19866	0.28769	0.46077	0.74288	0.43614	0.35511	0.11775	0.28213	0.8244	0.91177	0.57737	0.43367	0.22535	0.1561	0.50155	0.70686	0.71621	0.01377	0.57379	0.28126	0.38283	0.71917	0.21918	0.46046	0.92796	0.41881	0.41766	0.57806	0.26762	0.29998	0.67759	0.48246	0.41077	0.42491	0.65087	0.4036	0.35171	0.50008	0.79992	0.58957	0.54035	0.68112	0.33574	0.34535	0.28024	0.23801	0.37208	0.32307	0.49976	0.55032	0.6963	0.46674	0.74652	0.12866	0.68253	0.65141	0.45809	0.56336	0.34675	0.66347	0.09324	0.47998	0.13166	0.66888	0.27665	0.60842	0.84808	0.58966	0.4487	0.51151	0.4465	0.55778	0.51805	0.2546	0.4846	0.46753	0.45336	0.45191	0.24556	0.35631	0.49698	0.72718	0.4053	0.82154	0.43199	0.41701	0.54015	0.25562	0.8017	0.39124	0.5841	0.55753	0.55772	0.42128	0.61781	0.77356	0.7335	0.56494	0.67981	0.09616	0.72808	0.66918	0.29633	0.53677	0.63442	0.346	0.81413	0.67541	0.58123	0.75235	0.31798	0.40752	0.54268	0.24721	0.3299	0.7722	0.84126	0.42675	0.4607	0.42377	0.58814	0.07225	1.0	0.42078	0.37357	0.70232	0.17763	0.39085	0.54292	0.27494	0.66758	0.58398	0.63673	0.13765	0.86818	0.40441	0.48829	0.52898	0.59241	0.48618	0.41487	0.77419	0.48081	0.45018	0.61831	0.63207	0.64002	0.50337	0.45456	0.12293	0.37352	0.58411	0.5701	0.12603	0.64372	0.68125	0.46155	0.49993	0.58332	0.42231	0.39678	0.61274	0.55176	0.46453	0.62298	0.84942	0.63436	0.36252	0.68078	0.75439	0.7944	0.13146	0.59504	0.67296	0.4587	0.41596	0.44513	0.22802	0.35836	0.56015	0.32079	0.47605	0.65302	0.26743	0.62642	0.68527	0.56113	0.3647	0.59585	0.62111	0.44702	0.81119	0.27966	0.46486	0.65231	0.71773	0.47171	0.282	0.04003	0.49041	0.45111	0.54826	0.48134	0.11352	0.66145	0.48479
bat	0.472	0.3821	0.24846	0.63475	0.33883	0.5163	0.16737	0.74544	0.60242	0.93984	0.61373	0.95504	0.58159	0.2923	0.57216	0.5749	0.48695	0.7305	0.61571	0.2928	0.51333	0.48673	0.69802	0.3079	0.33835	0.52893	0.23868	0.32304	0.50601	0.51763	0.60589	0.26343	0.25296	0.53587	0.50519	0.32648	0.50685	0.5199	0.63355	0.32047	0.59014	0.51375	0.5949	0.42492	0.70982	0.67862	0.8152	0.54328	0.297	0.44047	0.63015	0.58467	0.16083	0.55055	0.50612	0.30346	0.61703	0.48638	0.59772	0.45928	0.60641	0.75977	0.56768	0.55001	0.79212	0.60634	0.5654	0.47895	0.36476	0.45883	0.78056	0.40235	0.58376	0.0819	0.31126	0.31434	0.76265	0.16988	0.44597	0.69248	0.50919	0.58767	0.23535	0.52821	0.32369	0.25978	0.48352	0.05754	0.83446	0.53916	0.30198	0.29153	0.47747	0.25308	0.28151	0.35852	0.3538	0.49139	0.50571	0.20626	0.3859	0.32875	0.61112	0.46568	0.36583	0.48382	0.59743	0.85032	0.67245	0.22929	0.38368	0.82656	0.55024	0.37503	0.39364	0.67539	0.72283	0.69186	0.53148	0.22668	0.53711	0.56489	0.43881	0.50618	0.50442	0.25583	0.06511	0.2533	0.5466	0.45821	0.84578	0.60307	0.27224	0.42147	0.33425	0.39126	0.41494	0.571	0.71298	0.54124	0.21619	0.42979	0.59784	0.1896	0.20843	0.4614	0.18664	0.42609	0.43051	0.62982	0.2381	0.63219	0.68595	0.36473	0.61181	0.71448	0.52394	0.30057	0.67062	0.47424	0.61269	0.14194	0.21142	0.75117	0.66258	0.50316	0.37605	0.6208	0.6365	0.43781	0.3399	0.37841	0.63334	0.48903	0.23659	0.54737	0.35958	0.54537	0.43074	0.1666	0.56841	0.30227	0.60446	0.72509	0.33231	0.00582	0.41383	0.33489	0.35524	0.54679	0.4288	0.44211	0.72326	0.43864	0.36213	0.73986	0.98515	0.78676	0.24658	0.39615	0.55676	0.46292	0.67534	0.68607	0.62554	0.39542	0.61731	0.14146	0.51525	0.77995	0.27151	0.7243	0.4795	0.80651	0.5393	0.68502	0.50027	0.52625	0.59559	0.64639	0.50938	0.0	0.7915	0.63379	0.63902	0.25495	0.28904	0.30466	0.57107	0.0	0.54785	0.37255	0.54577	0.55118	0.47296	0.6451	0.43039	0.6133	0.65829	0.43017	0.73213	0.65189	0.53269	0.21752	0.46762	0.34207	0.33723	0.39567	0.71931	0.2697	0.16503	0.36869	0.62772	0.46434	0.36439	0.72558	0.60386	0.27026	0.96351	0.65581	0.57823	0.48895	0.30543	0.2812	0.81663	0.75803	0.53137	0.45896	0.71499	0.74914	0.95401	0.62661	0.72353	0.32641	0.47493	0.48293	0.45447	0.34993	0.7895	0.54453	0.75179	0.58874	0.27426	0.3951	0.63146	0.57435	0.4993	0.32086	0.29253	0.27545	0.50252	0.71706	0.56196	0.53714	0.44837	0.58391	0.85428	0.38009	0.55768	0.52592	0.60016	0.80815	0.72557	0.63092	0.82063	0.38581	0.4344	0.16906	0.44437	0.59909	0.5286	0.17934	0.7467	0.64419	0.75942	0.46731	0.12737	0.48097	0.64056	0.26618	0.72952	0.41237	0.69331	0.38215	0.56215	0.37337	0.46026	0.08854	0.62856	0.46314	0.57471	0.48358	0.78107	0.27087	0.51592	0.48351	0.68598	0.68725	0.54672	0.53289	0.33917	0.67412	0.24113	0.60569	0.43423	0.22267	0.49429	0.46641	0.49559	0.37448	0.35381	0.76359	0.53066	0.72164	0.64111	0.49329	0.44473	0.25553	0.55998	0.59496	0.4633	0.37272	0.74714	0.46832	0.46671	0.76561	0.50808	0.17186	0.73076	0.78282	0.4551	0.59162	0.85235	0.47632	0.5365	0.66696	0.81668	0.58434	0.66115	0.39938	0.11135	0.69722	0.41599	0.18412	0.44592	0.60383	0.68628	0.18212	0.55278	0.63526	0.277	0.16515	0.63671	0.47102	0.48565	1.0	0.22166	0.33295	0.16843	0.35992
bear	0.49861	0.69024	0.25492	0.34166	0.53235	0.62075	0.29253	0.64821	0.61637	0.55286	0.7753	0.42479	0.72985	0.19328	0.48764	0.36659	0.01472	0.41772	0.45936	0.59054	0.54005	0.54321	0.63951	0.53023	0.24751	0.69442	0.08815	0.27866	0.52909	0.76595	0.73537	0.34178	0.5806	0.83272	0.75345	0.63284	0.36622	0.42637	0.29478	0.35006	0.72923	0.60518	0.3574	0.45171	0.15213	0.63102	0.4896	0.50728	0.75146	0.60929	0.4481	0.48593	0.38134	0.47285	0.29667	0.33452	0.43683	0.23551	0.249	0.62922	0.4204	0.88022	0.35969	0.57572	0.66067	0.32978	0.52148	0.57188	0.41543	0.81337	0.72061	0.68673	0.32312	0.18727	0.60386	0.67248	0.60144	0.36123	0.51536	0.22857	0.58938	0.34876	0.43006	0.45999	0.56082	0.57971	0.67145	0.42972	0.66201	0.54783	0.48801	0.46237	0.76932	0.48489	0.48318	0.56005	0.49353	0.64225	0.35071	0.51157	0.80786	0.47649	0.4256	0.5496	0.79805	0.4472	0.64928	0.34967	0.19718	0.70445	0.47769	0.40704	0.38317	0.60703	0.64087	0.61053	0.52222	0.15136	0.40927	0.82155	0.53008	0.94368	0.51971	0.68024	0.06448	0.88321	0.82741	0.56283	0.74776	0.19451	0.6374	0.75854	0.60106	0.39191	0.45927	0.21505	0.37466	0.57501	0.82041	0.70413	0.75668	0.32363	0.77739	0.18083	0.51375	0.44913	0.45659	0.59241	0.25734	0.19731	0.36591	0.22784	0.52132	0.3891	0.45998	0.72285	0.36879	0.52371	0.42995	0.48741	0.13485	0.41652	0.41004	0.35242	0.20864	0.44712	0.64729	0.48272	0.50684	0.17191	0.82469	0.20844	0.23681	0.65022	0.65294	0.32377	0.20602	0.59219	0.60091	0.22007	0.64143	0.26659	0.97179	0.23248	0.54277	0.40404	0.29646	0.29595	0.57393	0.4215	0.55988	0.44673	0.73978	0.44448	0.28644	0.41884	0.9841	0.71599	0.55534	0.66346	0.75766	0.89244	0.34805	0.58304	0.09882	0.39458	0.54874	0.66779	0.30458	0.27053	0.56826	0.17179	0.62475	0.76699	0.92081	0.42487	0.27413	0.69383	0.37131	0.62601	0.07233	0.50795	0.38878	0.35228	0.42421	0.60709	0.52948	0.34207	0.5979	0.56072	0.3581	0.66496	0.51113	0.80339	0.79276	0.28767	0.73529	0.45291	0.26039	0.4064	0.40193	0.33072	0.36898	0.36051	0.50228	0.60283	0.29018	0.35545	0.52715	0.37265	0.45419	0.58003	0.20325	0.78857	0.40421	0.86937	0.28368	0.67685	0.38565	0.65501	0.24925	0.55895	0.22096	0.18085	0.46678	0.50617	0.66547	0.09701	0.62598	0.72924	0.35417	0.35282	0.55291	0.23489	0.15493	0.57493	0.63803	0.71014	0.73055	0.43974	0.60073	0.6556	0.66176	0.33107	0.94572	0.65267	0.62861	0.27645	0.49673	0.50474	0.3176	0.86049	0.68282	0.73478	0.54426	0.89225	0.51112	0.48019	0.83856	0.39319	0.51167	0.51528	0.20162	0.25877	0.33499	0.41398	0.56404	0.28856	0.38752	0.55814	0.61833	1.0	0.60082	0.48364	0.477	0.62387	0.35889	0.71583	0.39401	0.54828	0.11778	0.4008	0.22039	0.82684	0.44778	0.88267	0.74384	0.65412	0.76155	0.58489	0.52935	0.32019	0.35646	0.29421	0.28149	0.71751	0.42785	0.37382	0.59846	0.53778	0.0	0.4596	0.42158	0.26751	0.16054	0.35327	0.36159	0.14053	0.74522	0.59176	0.40897	0.60023	0.55224	0.53818	0.32883	0.95256	0.38939	0.59738	0.46465	0.49428	0.61815	0.75805	0.52768	0.34953	0.67345	0.4372	0.36384	0.60085	0.44753	0.6469	0.71278	0.14364	0.37567	0.51864	0.24781	0.47977	0.33401	0.36641	0.92777	0.12833	0.61199	0.36365	0.77919	0.77698	0.43373	0.55203	0.31271	0.22365	0.60635	0.39251	0.6259	0.38387	0.52794	0.90967	0.39486	0.59874	0.54332	0.57324	0.4398	0.37668
beaver	0.66893	0.80101	0.57205	0.40459	0.64443	0.23022	0.52952	0.65277	0.41194	0.74082	0.62603	0.43558	0.8881	0.34034	0.37564	0.88654	0.46464	0.49352	0.52338	0.65311	0.51124	0.31801	0.94121	0.5207	0.72795	0.66343	0.34265	0.39312	0.6027	0.59438	0.40921	0.32801	0.31304	0.32747	0.49329	0.23746	0.28321	0.32933	0.28079	0.56166	0.49775	0.36192	0.37879	0.63075	0.63111	0.52994	0.65333	0.40185	0.43867	0.3478	0.49035	0.44265	0.57427	0.36583	0.45152	0.49561	0.50454	0.73195	0.77568	0.51503	0.73386	0.38946	0.1396	0.47359	0.40756	0.20555	0.53353	0.48039	0.44762	0.76156	0.38928	0.3894	0.45288	0.57972	0.08328	0.61524	0.88037	0.27056	0.60539	0.47671	0.24322	0.46924	0.28536	0.81019	0.16054	0.38148	0.09324	0.36057	0.41401	0.0	0.79656	0.41795	0.4175	0.77418	0.12119	0.22632	0.45809	0.57266	0.59556	0.52563	0.60395	0.56412	0.67675	0.55425	0.2687	0.14596	0.43046	0.42265	0.61316	0.52578	0.29528	0.4684	0.61131	0.67254	0.2697	0.9906	0.45507	0.62615	0.58434	0.71551	0.69066	0.53021	0.61117	0.43497	0.70065	0.78645	0.71381	0.53221	0.43345	0.64087	0.23482	0.4599	0.77839	0.64252	0.43736	0.54004	0.87117	0.56161	0.32329	0.63004	0.28451	0.30589	0.73894	0.57632	0.2828	0.63399	0.0	0.42634	0.48313	0.50816	0.7708	0.31872	0.43146	0.20166	0.57926	1.0	0.50447	0.63564	0.4243	0.09878	0.67195	0.28595	0.58056	0.38488	0.92042	0.46217	0.53801	0.6661	0.32357	0.45907	0.5255	0.30402	0.57502	0.41829	0.41468	0.31293	0.58223	0.40538	0.53858	0.5747	0.40113	0.38334	0.29938	0.12179	0.60518	0.47954	0.70183	0.02575	0.20361	0.76828	0.4501	0.53507	0.6164	0.32442	0.24731	0.50446	0.24729	0.56447	0.57129	0.21842	0.45388	0.64605	0.73357	0.39787	0.19744	0.3586	0.38284	0.29596	0.47964	0.40952	0.51847	0.27745	0.50823	0.45322	0.72366	0.89522	0.29076	0.2851	0.73839	0.33545	0.68671	0.53412	0.87052	0.03096	0.35975	0.57297	0.79969	0.66373	0.42007	0.59832	0.24669	0.57861	0.34725	0.58471	0.5035	0.54594	0.28299	0.53247	0.70319	0.40608	0.35657	0.63774	0.37398	0.48779	0.7091	0.36319	0.71702	0.43121	0.66672	0.73968	0.5654	0.47972	0.44817	0.78425	0.4632	0.12867	0.66353	0.35394	0.46446	0.44817	0.90709	0.36965	0.56666	0.35151	0.20819	0.9851	0.46007	0.57693	0.68541	0.00607	0.33793	1.0	0.58098	0.61572	0.33647	0.76663	0.45424	0.33669	0.45736	0.56702	0.24377	0.21177	0.88192	0.62729	0.74241	0.92585	0.59565	0.2025	0.75866	0.26832	0.59901	0.44317	0.58733	0.61417	0.44113	0.60451	0.92048	0.60388	0.52395	0.55179	0.20337	0.64714	0.41392	0.60819	0.16727	0.24249	0.38661	0.36521	0.46136	0.27848	0.74928	0.63665	0.59639	0.29834	0.43296	0.53716	0.56176	0.36148	0.38114	0.86254	0.34537	0.74976	0.37324	0.43588	0.35658	0.63818	0.30048	0.14823	0.374	0.60797	0.64839	0.64775	0.14272	0.85468	0.56578	0.93459	0.70396	0.55982	0.75847	0.52868	0.75966	0.30068	0.45068	0.73813	0.35378	0.73874	0.25025	0.95979	0.46319	0.1544	0.70374	0.82012	0.3224	0.66856	0.15797	0.6755	0.59692	0.35393	0.26631	0.50344	0.52056	0.54662	0.81256	0.38913	0.7658	0.17281	0.40208	0.73158	0.7129	0.56813	0.27978	0.56255	0.36732	0.54328	0.24821	0.63236	0.43244	0.77941	0.28117	0.61378	0.56872	0.54028	0.58213	0.53694	0.08998	0.24406	2e-05	0.51211	0.45424	0.6063	0.40515	0.10011	0.52914	0.3419	0.91437	0.65846	0.30901	0.54452	0.55779	0.21258
bee	0.69387	0.44438	0.51008	0.43135	0.49461	0.71692	0.90688	0.29411	0.52945	0.48914	0.73739	0.23333	0.37632	0.53162	0.44407	0.62854	0.87003	0.75554	0.49053	0.48613	0.22794	0.55112	0.05501	0.25148	1.0	0.66027	0.80885	0.43237	0.36175	0.7108	0.44194	0.20364	0.21815	0.48082	0.31828	0.29618	0.77884	0.49522	0.27694	0.72797	0.48352	0.45617	0.50255	0.32798	0.57638	0.52743	0.36461	0.39061	0.5579	0.61014	0.15113	0.62672	0.36462	1.0	0.58874	0.44804	0.5928	0.60045	0.72219	0.29195	0.46653	0.65773	0.22816	0.61387	0.5225	0.73703	0.76128	0.63404	0.07013	0.39853	0.70609	0.28226	0.17211	0.49616	0.36854	0.27095	0.40153	0.51886	0.28218	0.67632	0.06983	0.29733	0.46527	0.6167	0.42059	0.42254	0.37315	0.46545	0.79459	0.81729	0.58592	0.5808	0.42702	0.37049	0.64837	0.89598	0.23763	0.50952	0.55709	0.58222	0.35854	0.37564	0.65431	0.35242	0.46712	0.46962	0.33868	0.58444	0.51316	0.44905	0.61181	0.14133	0.50596	0.0	0.34992	0.6354	0.4097	0.85227	0.18719	0.24873	0.10059	0.31268	0.48223	0.60344	0.49646	0.63414	0.66925	0.51029	0.43772	0.4203	0.64123	0.8468	0.15414	0.42857	0.42215	0.42662	0.67693	0.78975	0.26307	0.18342	0.36575	0.6106	0.11816	0.55965	0.42072	0.38183	0.39496	0.44406	0.30484	0.51326	0.29951	0.68091	0.39087	0.50604	0.66936	0.40828	0.3805	0.6342	0.68808	0.56052	0.4496	0.20305	0.63494	0.44709	0.49	0.58686	0.3631	0.56416	0.56227	0.33764	0.32138	0.58141	0.49194	0.43831	0.26998	0.60321	0.2322	0.49845	0.52673	0.33258	0.63002	0.34159	0.82725	0.22369	0.42068	0.73773	0.36418	0.32089	0.52154	0.18271	0.47497	0.43492	0.55204	0.16973	0.53652	0.16691	0.81307	0.29909	0.54385	0.51257	0.44755	0.23634	0.67644	0.67326	0.57425	0.74675	0.46202	0.81287	0.44631	0.66587	0.44388	0.60251	0.24266	0.60621	0.51032	0.3885	0.95406	0.62773	0.51915	0.65858	0.76679	0.40482	0.50517	0.78148	0.63392	0.44753	0.27817	0.45871	0.48317	0.61415	0.25782	0.30408	0.80948	0.07173	0.14041	0.46713	0.52041	0.3413	0.60888	0.61006	0.92876	0.43394	0.60824	0.5878	0.19112	0.43366	0.57442	0.43146	0.35679	0.63923	0.33855	0.43369	0.36685	0.32231	0.35965	0.53181	0.75901	0.58337	0.40549	0.67996	0.51919	0.70935	0.46072	0.47482	0.85299	0.38812	0.37063	0.6283	0.59368	0.29221	0.75489	0.80097	0.3698	0.31113	0.72358	0.81633	0.47436	0.13178	0.62308	0.58447	0.69317	0.66211	0.85724	0.64429	0.4804	0.24128	0.70542	0.46041	0.81309	0.24166	0.32307	0.45765	0.53683	0.94367	0.48373	0.39069	0.55921	0.45782	0.38151	0.63304	0.81218	0.72035	0.72312	0.67999	0.42265	0.50772	0.39813	0.2957	0.43034	0.8301	0.52801	0.43836	0.79007	0.28723	0.39364	0.4993	0.64175	0.36559	0.45842	0.21643	0.33525	0.37221	0.37325	0.623	0.51476	0.23098	0.19505	0.73061	0.61159	0.47757	0.69254	0.64259	0.65911	0.48517	0.36986	0.30257	0.49345	0.81441	0.54422	0.52869	0.36481	0.62114	0.75807	0.56632	0.28122	0.64383	0.52019	0.46576	0.69159	0.46282	0.61739	0.51807	0.50367	0.2259	0.78918	0.43299	0.57357	0.52439	0.32276	0.45144	0.56868	0.52374	0.95054	0.56287	0.38753	0.42927	0.55385	0.2619	0.1756	0.87118	0.48743	0.47003	0.52314	0.5341	0.51461	0.43177	0.84464	0.69079	0.46971	0.44793	0.29495	0.78165	0.66118	0.40543	0.54681	0.70981	0.5172	0.49144	0.54946	0.57403	0.38116	0.60024	0.4066	0.70917	0.35377	0.43286	0.54634	0.38774	0.3232	0.25927
beetle	0.40436	0.34417	0.35639	0.53833	0.42383	0.31237	0.31098	0.36758	0.84388	0.7327	0.33905	1.0	0.79061	0.44281	0.66491	0.47895	0.63867	0.69477	0.13731	0.42724	0.64436	0.26684	0.71283	0.21696	0.38826	0.70377	0.62168	0.44427	0.47945	0.53206	0.46097	0.27578	0.14434	0.42191	0.6771	0.69744	0.46074	0.37862	0.4908	0.57999	0.6025	0.44884	0.5262	0.32929	0.39653	0.87379	0.73814	0.68889	0.56835	0.50124	0.57056	0.37879	0.10686	0.67418	0.46226	0.32946	0.6208	0.3951	0.5879	0.48187	0.4481	0.53057	0.44357	0.44727	0.41387	0.37022	0.82204	0.47157	0.35692	0.22546	0.73498	0.4893	0.54649	0.32775	0.50153	0.48945	0.7329	0.54352	0.19164	0.83486	0.67342	0.33097	0.5735	0.29663	0.43248	0.29609	0.46884	0.22668	0.72612	0.29375	0.62103	0.51398	0.68042	0.4293	0.67987	0.60273	0.17794	0.3457	0.85121	0.44029	0.608	0.46519	0.4619	0.39023	0.47683	0.44383	0.57865	1.0	0.65913	0.17629	0.71305	0.68641	0.32315	0.81038	0.61695	0.79255	0.68531	0.36238	0.18619	0.46648	0.39023	0.0568	0.44005	0.54997	0.49938	0.48427	0.45912	0.47292	0.59451	0.63204	0.47092	0.2745	0.38721	0.69719	0.37665	0.65491	0.77162	0.30266	0.654	0.26707	0.31643	0.4611	0.43595	0.28704	0.39156	0.32462	0.65515	0.67736	1.0	0.47173	0.39248	0.69782	0.37156	0.26948	0.61398	0.29579	0.33387	0.61164	0.28116	0.29934	0.6326	0.2282	0.13354	1.0	0.45855	0.47216	0.80037	0.45489	0.61612	0.90051	0.68631	0.49997	0.50849	0.49761	0.65737	0.57144	0.41529	0.33016	0.38278	0.4219	0.23715	0.49878	0.42738	0.9317	0.51796	0.16168	0.38998	0.72136	0.54167	0.47803	0.56076	0.60399	0.33173	0.61058	0.35604	0.86847	0.65348	0.24571	0.64743	0.46663	0.65911	0.51609	0.58047	0.2835	0.80466	0.4898	0.30483	0.16251	0.74076	0.59029	0.31654	0.46309	0.5259	0.34944	0.50378	0.41731	0.43787	0.61126	0.73673	0.66262	0.32327	0.39113	0.35415	0.18178	0.82936	0.33006	0.40291	0.25785	0.58286	0.54804	0.71018	0.25719	0.43072	0.39377	0.08815	0.66049	0.46483	0.65066	0.73476	0.81538	0.52009	0.71803	0.44749	0.50971	0.42219	0.56967	0.47905	0.50795	0.81535	0.46899	0.53909	0.57761	0.41945	0.37455	0.41815	0.68173	0.59544	0.41164	0.81357	0.46206	0.68283	0.56144	0.49642	0.38689	0.60799	0.58426	0.66224	0.63064	0.44675	0.28826	0.56685	0.54582	0.72169	0.34905	0.38431	0.54491	0.33324	0.6318	0.63788	0.59846	0.38924	0.5538	0.36148	0.47629	0.62901	0.5744	0.4927	0.2179	0.51196	0.36832	0.27059	0.57427	0.69922	0.66397	0.29662	0.59719	0.38139	0.52972	0.59569	0.39686	0.6528	0.69137	0.52622	0.67602	0.75181	0.30955	0.47697	0.28164	0.50386	0.26418	0.54166	0.59291	0.8715	0.54661	0.47974	0.28702	0.21121	0.52833	0.55496	0.37453	0.76647	0.46207	0.75293	0.40803	0.55164	0.56499	0.45803	0.36699	0.67657	0.55574	0.56631	0.49548	0.64602	0.28692	0.42338	0.43713	0.57046	0.46613	0.80219	0.60693	0.29558	0.53161	0.38663	0.55487	0.38709	0.49547	0.23647	0.62076	0.33113	0.46368	0.33063	0.60157	0.35799	0.48834	0.67303	0.56709	0.20527	0.32311	0.60222	0.50885	0.42893	0.32875	0.85584	0.58772	0.5677	0.60655	0.63233	0.35342	0.90001	0.85887	0.4739	0.30066	0.63258	0.51127	0.8171	0.49274	0.63299	0.52637	0.10037	0.40501	0.0	0.44867	0.0	0.21016	0.61102	0.38661	0.31582	0.72999	0.31644	0.42644	0.18441	0.35876	0.36181	0.58278	0.40472	0.75491	0.36592	0.43488	0.4458	0.41665
bengal_tiger	0.32631	0.35843	0.67759	0.54833	0.62856	0.58361	0.44223	0.74484	0.46125	0.43848	0.39541	0.81811	0.95181	0.0	0.51599	0.80305	0.40026	0.33632	0.30513	0.22805	0.61676	0.79156	0.89477	0.46971	0.10153	0.56843	0.29236	0.77712	0.34597	0.29279	0.76161	0.47628	0.38791	0.64609	0.64477	0.37544	0.24614	0.44088	0.23776	0.38232	0.8698	0.85537	0.56847	0.60221	0.42548	0.50222	0.67729	0.77199	0.10465	0.3405	0.29968	0.40044	0.24919	0.39382	0.40712	0.20054	0.55978	0.28288	0.72567	0.71522	0.45568	0.51804	0.62913	0.36701	0.54271	0.28789	0.42338	0.64523	0.67993	0.58948	0.76395	0.52002	0.37568	0.62962	0.80664	0.347	0.64923	0.66597	0.47397	0.61467	0.24	0.38759	0.54604	0.48183	0.43098	0.41745	0.86808	0.50691	0.57035	0.53782	0.42984	0.46361	0.4781	0.66827	0.45467	0.27228	0.43345	0.47922	0.55222	0.16608	0.30469	0.16421	0.63856	0.486	0.56973	0.94358	0.41032	0.70899	0.49211	0.17511	0.48388	0.77015	0.58755	0.73936	0.51898	0.56787	0.66929	0.53755	0.55484	0.8315	0.34948	0.32149	0.75262	0.53735	0.42094	0.36373	0.33141	0.27801	0.57389	0.61377	0.34874	0.52357	0.52119	0.80509	0.59013	0.3559	0.34702	0.31078	0.89025	0.57985	0.51558	0.45141	0.46818	0.54852	0.45981	0.31972	0.30532	0.52083	0.58963	0.66693	0.64756	0.61514	0.18567	0.58573	0.24371	0.62918	0.90794	0.3552	0.28824	0.48106	0.58631	0.46057	0.52739	0.51246	0.53036	0.34588	0.34599	0.40634	0.60245	0.50542	0.62056	0.51266	0.21254	0.87247	0.45509	0.48969	0.32214	0.68238	0.51513	0.44015	0.23244	0.2143	0.65857	0.49394	0.79819	0.41762	0.40548	0.52527	0.71951	0.58491	0.44217	0.49801	0.39805	0.43306	0.70196	0.36338	0.26217	0.54362	0.51498	0.5932	0.2239	0.64308	0.57005	0.43827	0.34605	0.56185	0.43833	0.25182	0.67954	0.64539	0.55531	0.41185	0.55639	0.24073	0.49701	0.4769	0.5482	0.46765	0.44956	0.79717	0.48721	0.4959	0.55163	0.77255	0.18081	0.57106	0.37545	0.35412	0.54635	0.45382	0.50896	0.45283	0.49415	0.18588	0.49689	0.56046	0.65064	0.50306	0.5614	0.5482	0.62686	0.52192	0.63154	0.32742	0.90306	0.63548	0.55262	0.21428	0.39484	0.47727	0.42849	0.4946	0.68448	0.70913	0.50338	0.80341	0.58881	0.42229	0.3994	0.38864	0.12057	0.3361	0.47277	0.31706	0.50726	0.37728	0.50279	0.62584	0.5452	0.79265	0.57402	0.38672	0.58449	0.55408	0.41026	0.55734	0.52501	0.75181	0.55646	0.36563	0.52016	0.50467	0.39257	0.22165	0.32097	0.14684	0.53954	0.40613	0.44826	0.31948	0.72348	0.62594	0.65406	0.50956	0.49168	0.58532	0.39724	0.47338	0.54803	0.23814	0.50289	0.88778	0.60051	0.21837	0.65737	0.22694	0.51487	0.3375	0.33321	0.58782	0.5351	0.61205	0.79874	1.0	0.49118	0.36196	0.4784	0.31213	0.50672	0.47595	0.54838	0.56084	0.47129	0.8336	0.41166	0.52797	0.45414	0.41274	0.61258	0.45828	0.49672	0.92882	0.43807	0.36209	0.52553	0.83971	0.36848	0.52787	0.35388	0.5175	0.3148	0.50276	0.27992	0.60776	0.40142	0.4133	0.71472	0.44096	0.50672	0.18538	0.24427	0.44658	0.5151	0.5489	0.71031	0.55067	0.38217	0.4795	0.5085	0.54621	0.63169	0.36471	0.5987	0.38367	0.48367	0.47594	0.06668	0.25921	0.48954	0.66019	0.51007	0.69545	0.91184	0.63989	0.54259	0.49989	0.65423	0.12471	0.6444	0.48182	0.31127	0.53313	0.52019	0.24783	0.4849	0.51544	0.57557	0.47153	0.33159	0.25507	0.52964	0.34807	0.61545	0.20962	0.35832	0.57261	0.86203	0.54253	0.44615	0.45623
biddy	0.12768	0.01827	0.36538	0.45609	0.78362	0.14953	0.32074	0.26534	0.47045	0.28589	0.45715	0.04114	0.63237	1.0	0.50832	0.56295	0.84754	0.86689	0.77564	0.48091	0.15672	0.32276	0.49199	0.50252	0.68433	0.35153	0.58649	0.41659	0.32191	0.64085	0.43932	0.77778	0.61835	0.40041	0.37569	0.74022	0.65973	0.24114	0.76811	0.39613	0.54037	0.79322	0.34701	0.4728	0.62341	0.58588	0.29582	0.39466	0.72727	0.18672	0.59375	0.32799	0.61026	0.52082	0.58892	0.64033	0.9572	0.59345	0.37075	0.45416	0.78171	0.62504	0.5514	0.61002	0.53761	0.33724	0.44632	0.69374	0.59968	0.26448	0.89874	0.63203	0.54803	0.42633	0.73222	0.58002	0.34217	0.388	0.83484	0.53578	0.58562	0.60571	0.48826	0.65143	0.27801	0.32787	0.47731	0.67146	0.66734	0.42583	0.01791	0.12024	0.22197	0.73519	0.48821	0.7722	0.30215	0.5407	0.44769	0.32322	0.63532	1.0	0.66182	0.54513	0.6786	0.47485	0.30584	0.71572	0.4458	0.50241	0.49041	0.81311	0.38412	0.66155	0.49575	0.52184	0.79095	0.56455	0.52572	0.36509	0.37139	0.30754	0.79597	0.50164	0.5316	0.76538	0.44031	0.31076	0.47083	0.67664	0.5163	0.36268	0.73797	0.55156	0.23707	0.39819	0.53004	0.63812	0.6051	0.42595	0.3618	0.18224	0.41538	0.48625	0.28913	0.59795	0.66163	0.28064	0.67731	0.40855	0.57582	0.78746	0.48204	0.61752	0.31451	0.56569	0.44346	0.37907	0.33274	0.45223	0.47612	0.09664	0.41157	0.38446	0.6555	0.61041	0.68361	0.46171	0.54411	0.44897	0.82358	0.3472	0.37574	0.42782	0.38689	0.249	0.58929	0.96886	0.64231	0.46555	0.44579	0.19564	0.19396	0.30701	0.38035	0.60765	0.56279	0.59467	0.67463	0.61646	0.60125	0.87587	0.52041	0.18671	0.66693	0.52274	0.58831	0.33024	0.20144	0.20079	0.61704	0.485	0.01768	0.17758	0.24332	0.57656	0.56143	0.46783	0.78911	0.41747	0.56331	0.22068	0.46216	0.67539	0.58863	0.37342	0.30405	0.9461	0.09746	0.72722	0.36405	0.68103	0.41242	0.36395	0.79027	0.50378	0.46109	0.29196	0.37435	0.32751	0.37273	0.13729	0.26461	0.42411	0.36225	0.59336	0.47023	0.63277	0.73204	0.61451	0.46621	0.40649	0.63217	0.34327	0.68901	0.41633	0.15212	0.73854	0.62433	0.78379	0.32094	0.2307	0.68403	0.60293	0.32739	0.65204	0.34742	0.5651	0.90736	0.27578	0.30852	0.13854	0.38062	0.07579	0.6742	0.35562	0.24994	0.94117	0.60335	0.21623	0.58447	0.65293	0.73136	0.37016	0.07543	0.23701	0.73678	0.81043	0.53428	0.35568	0.11066	0.59623	0.43158	0.45091	0.47072	0.57434	0.54637	0.68378	0.42648	0.24673	0.31104	0.83861	0.52593	0.34751	0.44721	0.65963	0.46315	0.74135	0.45263	0.75399	0.58498	0.45256	0.54912	0.35262	0.7	0.6289	0.71962	0.64412	0.58335	0.47376	0.99755	0.6679	0.62002	0.31444	0.54406	0.72177	0.40971	0.72733	0.3596	0.21046	0.53208	0.30766	0.50134	0.65454	0.44673	0.73179	0.62174	0.82045	0.30339	0.78357	0.56725	0.58935	0.2318	0.63512	0.56512	0.53576	0.43334	0.75168	0.53576	0.61763	0.85525	0.41605	0.40519	0.1176	0.3869	0.46358	0.653	0.78987	0.50401	0.78932	0.2466	0.38852	0.62746	0.48315	0.42113	0.76085	0.21702	0.45216	0.25402	0.41371	0.45322	0.70519	0.0	0.36164	0.64181	0.51231	0.47359	0.54587	0.57743	0.65055	0.48552	0.22192	0.42485	0.69495	0.5907	0.43041	0.54886	0.18532	0.43152	0.57225	0.28329	0.67929	0.60991	0.26008	0.38779	0.37581	0.42334	0.42874	0.54012	0.68652	0.20349	0.64288	0.37634	0.34592	0.47638	0.51374	0.40193	0.30364	0.66992	0.42579
bison	0.47884	0.14334	0.82732	0.46522	0.56481	0.73862	0.64657	0.80136	0.71215	0.41537	0.59492	0.57783	0.40524	0.63221	0.37077	0.52015	0.28927	0.65417	0.47612	0.234	0.38697	0.58528	0.34501	0.28702	0.23428	0.52562	0.50939	0.81244	0.51005	0.51891	0.47168	0.28687	0.34385	0.18803	0.23866	0.44445	0.50706	0.44347	0.28805	0.36749	0.57442	0.74261	0.35925	0.53295	0.28689	0.6993	0.47807	0.44062	0.4976	0.33102	0.26198	0.39543	0.86713	0.36868	0.50414	0.21708	0.66336	0.11259	0.0	0.41106	0.49823	0.7798	0.17494	0.79133	0.59306	0.59988	0.36931	0.55289	0.59634	1.0	0.65994	0.474	0.40706	0.76733	0.42893	0.70403	0.43446	0.80036	0.47776	0.43685	0.47973	0.35642	0.8159	0.43778	0.57371	0.38645	0.45347	0.61545	0.75949	0.15642	0.30729	0.32424	0.53377	0.50828	0.42801	0.41375	0.57687	0.58146	0.13675	0.36361	0.46508	0.7954	0.02214	0.41167	0.69437	0.72871	0.33601	0.45328	0.37235	0.3166	0.53952	0.37943	0.43611	0.5191	0.53573	0.49362	0.72663	0.59446	0.67988	0.34665	0.32585	0.81301	0.26955	0.74188	0.40598	0.65168	0.47806	0.15367	0.68166	0.58928	0.8053	0.24306	0.60519	0.42682	0.71107	0.52852	0.27389	0.32903	0.79958	0.89509	0.72772	0.54135	0.48468	0.24774	0.75343	0.38232	0.49749	0.49696	0.39554	0.44209	0.65031	0.50079	0.8384	0.32313	0.40703	0.46493	0.99276	0.57391	0.67399	0.36689	0.51744	0.33405	0.69461	0.48544	0.91169	0.46072	0.52737	0.47439	0.53278	0.25769	0.46162	0.47505	0.08078	0.67444	0.23987	0.70246	0.24685	0.37559	0.60172	0.61547	0.71696	0.04309	0.56165	0.63347	0.39159	0.53583	0.32212	0.74801	0.54777	0.53088	0.57198	0.32962	0.24255	0.04654	0.30765	0.69993	0.56156	0.72182	0.64289	0.44424	0.52622	0.41739	0.55159	0.4143	0.27446	0.43899	0.44015	0.68267	0.21972	0.42544	0.47454	0.69575	0.55729	0.63434	0.84214	0.62641	0.57936	0.73254	0.64004	0.37804	0.63634	0.30924	0.80854	0.46927	0.46747	0.6681	0.43638	0.44077	0.82423	0.60447	0.74543	0.52996	0.7486	0.65763	0.49502	0.40337	0.4191	0.58001	0.72248	0.5069	0.58381	0.29031	0.74323	0.49724	0.55846	0.68348	0.54702	0.71352	0.58325	0.56198	0.56306	0.73732	0.54445	0.83806	0.55689	0.52066	0.73927	0.55356	0.30055	0.70318	0.245	0.22727	0.50037	0.25469	0.64308	0.56357	0.52402	0.85656	0.64107	0.52023	0.0138	0.42	0.43609	0.85068	0.78141	0.34313	0.60221	0.62182	0.68414	0.70212	0.46448	0.42508	0.17969	0.46389	0.564	0.28796	0.58346	0.3577	0.64243	0.50478	0.22282	0.44412	0.06572	0.4157	0.59445	0.38281	0.30945	0.48749	0.63001	0.39694	0.37714	0.92771	0.59013	0.0257	0.65154	0.25495	0.36511	0.20928	0.08892	0.61682	0.43473	0.61013	0.43703	0.4446	0.74486	0.68915	0.29418	0.47581	0.37851	0.73158	0.34996	0.44411	0.50969	0.5825	0.25475	0.27995	0.28032	0.45467	0.21775	0.20721	0.58763	0.49382	0.67843	0.84745	0.53561	0.73723	0.52615	0.78224	0.44305	0.68112	0.6052	0.56532	0.5372	0.34124	0.56445	0.31266	0.63231	0.21831	0.48074	0.27633	0.28582	0.34021	0.59554	0.34027	0.3792	0.29374	0.0536	0.45673	0.77517	0.54025	0.48068	0.36422	0.64719	0.8563	0.5986	0.39237	0.44677	0.62899	0.51109	0.48122	0.7319	0.52443	0.50953	0.25997	0.18823	0.55592	0.53038	0.51795	0.46654	0.16743	0.35814	0.36993	0.73356	0.47761	0.12759	0.5339	0.45036	0.7409	0.54613	0.62395	0.46169	0.51306	1.0	0.24649	0.50832	0.7438	0.24326	0.49322	0.30587	0.61452
black_bear	0.56119	0.46671	0.5109	0.56556	0.44363	0.48823	0.49528	0.25116	0.61282	0.45071	0.59242	0.26112	0.57997	0.79533	0.22095	0.22994	0.63059	0.39472	0.57096	0.57696	0.59118	0.55331	0.53723	0.78367	0.61136	0.63871	0.47467	0.52195	0.43992	0.49614	0.51375	0.68554	0.35459	0.7616	0.35279	0.7649	0.54121	0.5139	0.78573	0.61002	0.92938	0.57266	0.25876	0.92025	0.84131	0.39603	0.20534	0.69615	0.4661	0.64362	0.08201	0.20209	0.49583	0.29917	0.6264	1.0	0.97321	0.24726	0.29387	0.70024	0.49343	0.4079	0.56644	0.44703	0.45154	0.38965	0.4318	0.29894	0.66878	0.60266	0.65888	0.62146	0.32421	0.49246	0.30478	0.55072	0.85716	0.95832	0.49693	0.41986	0.19934	0.40859	0.54069	0.18166	0.36825	0.73418	0.72323	0.44957	0.61819	0.23807	0.66468	0.43728	0.37175	0.43196	0.55692	0.58928	0.54768	0.49458	0.41745	0.55169	0.69459	0.59488	0.59024	0.63949	0.56335	0.77877	0.31	0.57652	0.61822	0.83764	0.60737	0.24502	0.10096	0.46343	0.74335	0.7312	0.36628	0.36124	0.67354	0.55435	0.44015	0.38225	0.52931	0.11634	0.48846	0.55561	0.533	0.63099	0.53075	0.6014	0.36278	0.67752	0.3391	0.4926	0.39752	0.26556	0.3057	0.62682	0.23259	0.62233	0.45341	0.04541	0.64005	0.30328	0.73306	0.39651	0.2096	0.29375	0.41034	0.31078	0.26883	0.95086	0.17218	0.34889	0.3436	0.48973	0.68186	0.63616	0.57909	0.2897	0.63535	0.28552	0.70261	0.33637	0.67058	0.57639	0.21119	0.89874	0.46112	0.74745	0.36654	0.53567	0.72757	0.32204	0.5509	0.37818	0.71935	0.28434	0.24819	0.28535	0.69305	0.41959	0.67222	0.2788	0.71744	0.7433	0.36241	0.53512	0.45192	0.3127	0.37464	0.53926	0.62087	0.87856	0.50509	0.33871	0.79977	0.7801	0.64437	0.63269	0.26704	0.34486	0.67772	0.90518	0.99252	0.78677	0.68734	1.0	0.33902	0.51736	0.51471	0.54261	0.55565	0.41972	0.9062	0.42773	0.63972	0.30968	0.78232	0.61942	0.58013	0.36331	0.2638	0.65682	0.61197	0.50325	0.30254	0.30151	0.48017	0.55363	0.41768	0.54769	0.56936	0.86115	0.40743	0.12451	0.66065	0.70188	0.7761	0.17808	0.36092	0.48736	0.49903	0.16688	0.70458	0.47596	0.56711	0.18752	0.41729	0.65846	0.15823	0.84233	0.39684	0.30911	0.77449	0.49581	0.46464	0.41111	0.24723	0.40478	0.38083	0.45679	0.64734	0.46514	0.50556	0.60131	0.39803	0.16696	0.42717	0.57731	0.28501	0.66233	0.89983	0.3176	0.72199	0.48542	0.51944	0.16782	0.71841	0.44031	0.38477	0.49163	0.30126	0.54884	0.29392	0.55661	0.44554	0.47419	0.49876	0.36546	0.45453	0.3737	0.16358	0.43504	0.61359	0.3668	0.48914	0.59998	0.16404	0.54882	0.24499	0.12764	0.40693	0.73715	0.27752	0.47558	0.48696	0.14951	0.6998	0.14895	0.37768	0.51525	0.51328	0.30116	0.22299	0.70988	0.67165	0.0	0.62083	0.68395	0.55833	0.30723	0.34455	0.37195	0.67987	0.29632	0.62041	0.60466	0.2546	0.54738	0.58068	0.40824	0.39646	0.46421	0.47917	0.37635	0.7904	0.80553	0.38087	0.55461	0.68715	0.68389	0.40164	0.54853	0.55833	0.22475	0.75015	0.53354	0.56801	0.82471	0.40757	0.41182	0.362	0.62081	0.45666	0.53004	0.59751	0.54542	0.3907	0.71714	0.79064	0.18798	0.43733	0.48531	0.27828	0.67343	0.45835	0.72283	0.48886	0.56839	0.40704	0.64556	0.51306	0.41361	0.56229	0.32	0.59317	0.72056	0.70983	0.33298	0.61053	0.45184	0.44119	0.20085	0.51025	0.57451	0.48753	0.40716	0.26099	0.34507	0.3084	0.0945	0.44105	0.4328	0.24483	0.46003	0.38952	0.37361	0.3345	0.45598
blackbird	0.65924	0.6941	0.71212	0.31502	0.41958	0.55556	0.15959	0.60908	0.40598	0.27133	0.47859	0.53429	0.60086	0.57393	1.0	0.67809	0.50413	0.70245	0.19561	0.31737	0.37445	0.55673	0.41525	0.04044	0.4807	0.60238	0.6683	0.71491	0.73863	0.62464	0.28315	0.64862	0.45712	0.41671	0.2672	0.34922	0.2962	0.55224	0.65985	0.61942	0.35376	0.48275	0.5827	0.55107	0.26702	0.50265	0.30036	0.23972	0.36955	0.77031	0.44394	0.32974	0.38903	0.72697	0.54017	0.42512	0.28973	0.61748	0.35314	0.57379	0.27777	0.75499	0.7942	0.72203	0.36766	0.15167	0.27699	0.53002	0.39312	0.36995	0.70887	0.49669	0.43714	0.44076	0.31775	0.31599	0.50061	0.58145	0.39068	0.33419	0.56597	0.71061	0.60925	0.53513	0.7275	0.54086	0.33441	0.30351	0.66572	0.49114	0.46788	0.5371	0.3029	0.28594	0.45271	0.59834	0.35906	0.83868	0.62881	0.44816	0.59655	0.3916	0.42	0.52071	0.55448	0.31183	0.51329	0.51825	0.54742	0.48271	0.78133	0.47845	0.46332	0.47327	0.41797	0.57882	0.42146	0.5771	0.28976	0.17454	0.21034	0.48266	0.4262	0.70155	0.94292	0.63743	0.90191	0.34207	0.43573	0.53246	0.49924	0.43327	0.52607	0.70286	0.67288	0.85327	0.60115	0.55482	0.54627	0.37382	0.35505	0.54257	0.62533	0.48757	0.50182	0.46835	0.43121	0.66891	0.27774	0.15726	0.38339	0.76265	0.58055	0.49977	0.19049	0.48425	0.39001	0.96919	0.66332	0.62165	0.60703	0.67292	0.57152	0.33163	0.55794	0.3786	0.5601	0.6712	0.41469	0.33716	0.57678	0.83212	0.44344	0.56335	0.36643	0.65782	0.28429	0.55311	0.49634	0.36298	0.71299	0.47506	0.90608	0.4967	0.67114	0.5804	0.36542	0.39443	0.8199	0.59993	0.07263	0.26122	0.41911	0.37477	0.92892	0.55874	0.3943	0.56286	0.23844	0.19113	0.56825	0.33816	0.49179	0.37976	0.3543	0.46334	0.39118	0.48706	0.61411	0.36132	0.48827	0.39024	0.49743	0.64441	0.58272	0.14905	0.57025	0.50302	0.41671	0.32996	0.31621	0.31613	0.75622	0.70318	0.48312	0.35002	0.38767	0.55177	0.48159	0.49214	0.53465	0.2824	0.56053	0.62033	0.61557	0.36756	0.33156	0.5126	0.43776	0.63445	0.20126	0.11845	0.44409	0.38392	0.41143	0.36966	0.34246	0.5857	0.53569	0.63356	0.40647	0.67419	0.32669	0.67755	0.53672	0.02509	0.56138	0.53871	0.58404	0.49462	0.4977	0.33808	0.65232	0.5788	0.37201	0.57451	0.24361	0.0	0.6872	0.60768	0.55784	0.58455	0.7747	0.45424	0.23699	0.35839	0.58455	0.39788	0.4584	0.4506	0.68888	0.42796	0.51208	0.74048	0.2337	0.47807	0.77694	0.46327	0.66593	0.4892	0.59152	0.05658	0.67307	0.70069	0.70421	0.22206	0.50107	0.4499	0.95663	0.43517	0.67496	0.50622	0.72185	0.46421	0.48688	0.33282	0.63276	0.50625	0.46566	0.40587	0.31244	0.44493	0.55015	0.317	0.43178	0.43029	0.14605	0.40465	0.60683	0.39456	0.5361	0.26665	0.31069	0.5222	0.60398	0.63639	0.65834	0.74779	0.50396	0.43421	0.99447	0.51068	0.74253	0.36837	0.57064	0.4239	0.58872	0.79488	0.48783	0.7534	0.11993	0.49729	0.68517	0.29201	0.48141	0.7038	0.47803	0.61825	0.68473	0.42788	0.49145	0.58521	0.5369	0.62958	0.6795	0.54014	0.0	0.67765	0.48969	0.66178	0.38314	0.47116	0.83065	0.66056	0.62762	0.58787	0.42935	0.53259	0.20463	0.81379	0.47139	0.20973	0.26237	0.38553	0.73604	0.59251	0.34026	0.71858	0.71582	0.67149	0.44371	0.88841	0.31913	0.91009	0.60368	0.35456	0.63522	0.71939	0.19527	0.29541	0.41575	0.52367	0.70734	0.5457	0.39187	0.26331	0.67997	0.52616	0.29978	0.20631
blindworm	0.38687	0.05252	0.71749	0.56805	0.4244	0.45443	0.26534	0.79407	0.63564	0.67624	0.42457	0.47888	0.45096	0.55417	0.5667	0.21628	0.59364	0.81372	0.66049	0.54156	0.42119	0.42914	0.57198	0.38549	0.64985	0.0	0.25519	0.71834	0.24975	0.59037	0.36079	0.41066	0.41021	0.48155	0.59868	0.44497	0.46016	0.71228	0.41661	0.40248	0.75098	0.16117	0.66162	0.15666	0.79805	0.63972	0.60162	0.56012	0.39672	0.69205	0.21662	0.06111	0.96735	0.75019	0.4246	0.39882	0.38691	0.34192	0.60491	0.60475	0.0	0.6104	0.09164	0.5546	0.69175	0.38101	0.48278	0.18381	0.54261	0.31625	0.79554	0.47718	0.4493	0.51011	0.01448	0.2428	0.74663	0.74777	0.25464	0.36802	0.53519	0.74702	0.56383	0.71437	0.41304	0.65752	0.78466	0.24875	0.49697	0.61994	0.17307	0.57685	0.70831	0.36537	0.49138	0.56697	0.16234	0.49018	0.62517	0.6171	0.53682	0.7638	0.35676	0.40027	0.80871	0.0655	0.6079	0.69182	0.49336	0.17849	0.55531	0.43582	0.11824	0.37696	0.25327	0.55588	0.59385	0.43435	0.37458	0.35744	0.0	0.46314	0.47521	0.39256	0.55253	0.39441	0.16147	0.3606	0.66214	0.53518	0.24405	0.3954	0.42834	0.37266	0.49878	0.17276	0.84186	0.47803	0.77079	0.26233	0.63352	0.23822	0.62068	0.61127	0.51805	0.46509	0.41875	0.58859	0.86361	0.66937	0.35169	0.37743	0.47172	0.47214	0.56865	0.404	0.68305	0.50358	0.35879	0.33995	0.65231	0.77787	0.33481	0.53759	0.66753	0.0574	0.52882	0.50975	0.1345	0.51328	0.49283	0.04484	0.54816	0.49573	0.51084	0.28038	0.23841	0.58711	0.27536	0.51698	0.42677	0.81269	0.53864	0.87257	0.52194	0.3249	0.42352	0.50758	0.38329	0.22009	0.49511	0.64394	0.74085	0.65609	0.47343	0.23305	0.45031	0.65519	0.70268	0.58611	0.72801	0.43425	0.77961	0.48682	0.74387	0.51927	0.66291	0.41248	0.71788	0.57379	0.4445	0.39222	0.28442	0.45029	0.24539	0.71955	0.38069	0.58264	0.58909	0.70381	0.48923	0.52214	0.47879	0.34589	0.49136	0.91435	0.63866	0.09288	0.5353	0.28264	1.0	0.55693	0.54018	0.57217	0.42727	0.6269	0.40107	0.0	0.49102	0.22189	0.30273	0.58874	0.81779	0.59293	0.63601	0.35673	0.58893	0.25098	0.25502	0.78135	0.21705	0.30522	0.39829	0.39173	0.50786	0.53095	0.62247	0.50091	0.40487	0.44957	0.42082	0.36175	0.44013	0.22337	0.48593	0.21336	0.68236	0.69799	0.76375	0.70688	0.59929	0.50555	0.84452	0.59447	0.28882	0.72309	0.50235	0.43363	0.83021	0.85779	0.45533	0.5352	0.77621	0.7942	0.64517	0.66575	0.45546	0.29878	0.08135	0.5675	0.51584	0.70926	0.71902	0.46215	0.34464	0.65298	0.28878	0.62742	0.30164	0.63031	0.39422	0.40763	0.53408	0.72071	1.0	0.35759	0.56379	0.58922	0.59601	0.49398	0.49008	0.20529	0.73845	0.25564	0.13235	0.58161	0.62822	0.9128	0.69132	0.69026	0.36749	0.76456	0.40055	0.45297	0.54618	0.867	0.46769	0.58016	0.39717	0.84009	0.67847	0.55799	0.46017	0.52048	0.70537	0.88289	0.6836	0.79365	0.36547	0.58719	0.79037	0.40273	0.68158	0.20254	0.75887	0.46049	0.1199	0.57293	0.5606	0.57212	0.30303	0.63547	0.50673	0.38841	0.56725	0.56458	0.52709	0.31353	0.70504	0.22175	0.39011	0.51007	0.87194	0.35855	0.21104	0.41153	0.68399	0.3432	0.51242	0.71081	0.12519	0.39359	0.72381	0.49656	0.69575	0.7946	0.5137	0.11626	0.40868	0.18821	0.35843	0.29764	0.59418	0.58068	0.45851	0.6593	0.21297	0.2525	0.25555	0.66366	0.4394	0.33591	0.63105	0.56232	0.82457	0.60351	0.54763	0.69868	0.42274	0.09364
blue_whale	0.3205	0.4561	0.61238	0.49638	0.66589	0.66242	0.50151	0.4516	0.54916	0.41819	0.54058	0.41217	0.42243	0.59576	0.38539	0.6002	0.29222	0.50765	0.55739	0.42714	0.45085	0.0	0.60443	0.00566	0.53046	0.53211	0.25412	0.4272	0.38868	0.68253	0.63979	0.53227	0.71835	0.68137	0.67171	0.36885	0.3976	0.70862	0.2849	0.56315	0.58268	0.54109	0.39701	0.78361	0.34347	0.32106	0.29926	0.55138	0.68302	0.63194	0.29815	0.39032	0.43172	0.26709	0.90555	0.90612	0.7384	0.43446	0.51684	0.65676	0.55405	0.91893	0.84193	0.39413	0.64609	0.48863	0.32029	0.51774	0.60541	0.90583	0.41299	0.44878	0.21287	0.75444	0.13179	0.34584	0.44328	0.41696	0.54742	0.46315	0.42177	0.42207	0.44006	0.56957	0.51078	0.22417	0.4518	0.3748	0.5624	0.47578	0.23995	0.5034	0.15381	0.45881	0.39069	0.3125	0.49592	0.52148	0.16671	0.55737	0.18961	0.91477	0.47927	0.62521	0.808	0.45259	0.43554	0.61706	0.50317	0.74318	0.33188	0.27355	0.46339	0.52203	0.0	0.75535	0.53698	0.63107	0.46157	0.57792	0.84146	0.74618	0.73012	0.44476	0.21557	0.21611	0.47256	0.68279	0.59439	0.64103	0.62965	0.44149	0.54676	0.79132	0.49167	0.6653	0.23537	0.49063	0.46646	0.57948	0.71875	0.57007	0.66172	0.20233	0.25839	0.22862	0.4924	0.52109	0.43233	0.40525	0.88856	0.76244	0.54033	0.62809	0.8787	0.86797	0.6224	0.19907	0.54709	0.54643	0.35613	0.45033	0.29858	0.39314	0.64892	0.36505	0.64786	0.537	0.34685	0.52561	0.5122	0.35809	0.42161	0.52403	0.77812	0.7445	0.18126	0.31976	0.33753	0.66749	0.46169	0.16462	0.31483	0.0	0.55035	0.6137	0.35985	0.4375	0.65289	0.44964	0.70275	0.44465	0.56487	0.56315	0.44478	0.59791	0.42872	0.34946	0.44052	0.40879	0.38015	0.54639	0.67386	0.52295	0.54027	0.72367	0.45282	0.90915	0.05776	0.61007	0.73319	0.38103	0.46947	0.52221	0.41266	0.66585	0.61955	0.61728	0.67715	0.81807	0.32077	0.52494	0.80981	0.46286	0.36043	0.72206	0.50028	0.20244	0.45389	0.52237	0.43965	0.58592	0.63226	0.59934	0.46363	0.49833	0.43808	0.28748	0.6398	0.44058	0.48272	0.47857	0.53584	0.5146	0.55453	0.23039	0.7195	0.52419	0.63078	0.94147	0.70393	0.49314	0.49866	0.67719	0.33287	0.22097	0.4511	0.61131	0.7039	0.41165	0.56978	0.27757	0.74312	0.52065	0.17551	0.88081	0.37152	0.58262	0.8413	0.681	0.4151	0.53273	0.69107	0.71589	0.48985	0.51621	0.56046	0.26277	0.4349	0.71591	0.34364	0.26994	0.27153	0.60065	0.57716	0.5665	0.6685	0.48356	0.56679	0.45539	0.10663	0.34374	0.40223	0.45221	0.40909	0.56596	0.58689	0.56129	0.35577	0.49554	0.51489	0.56538	0.4137	0.56832	0.5871	0.27036	0.5687	0.47812	0.33088	0.39426	0.76081	0.5012	0.42795	0.48059	0.50399	0.64048	0.35871	0.61223	0.47139	0.25526	0.37257	0.33538	0.21485	0.62831	0.42438	0.45124	0.54021	0.49034	0.49009	0.35798	0.62851	0.28049	0.46312	0.83517	0.84314	0.76022	0.4494	0.83114	0.56014	0.60276	0.63748	0.44069	0.44913	0.15409	0.53923	0.64809	0.64467	0.37407	0.58134	0.38861	0.42882	0.15561	0.52119	0.63499	0.54386	0.53591	0.34242	0.60205	0.09914	0.49202	0.40789	0.62895	0.70619	0.34742	0.37978	0.30713	0.71472	0.88419	0.53384	0.59085	0.49355	0.53997	0.47886	0.33288	0.38455	0.11738	0.59493	0.54455	0.36321	0.0	0.1719	0.32347	0.64685	0.25476	0.21714	0.37176	0.42649	0.66239	0.3576	0.33285	0.69259	0.61208	0.6274	0.33164	0.45395	0.66043	0.3391	0.30711	0.54986	0.30805
boa	0.57996	0.63448	0.70991	0.26163	0.6366	0.56345	0.99951	0.23485	0.42425	0.37671	0.51573	0.47031	0.44059	0.45668	0.39324	0.4782	0.21404	0.75959	0.3433	0.496	0.42338	0.6572	0.28673	0.64059	0.5155	0.80491	0.10678	0.88129	0.47304	0.3828	0.43421	0.10849	0.49284	0.3491	0.51639	0.50589	0.75618	0.29402	0.38208	0.49018	0.68404	0.32809	0.19067	0.21108	0.48357	0.36452	0.67774	0.60752	0.65316	0.28322	0.37749	0.12982	0.2942	0.72844	0.36111	0.31324	0.80524	0.58063	0.49616	0.5038	0.51739	0.53006	0.34733	0.63792	0.38557	0.54186	0.25716	0.49634	0.50104	0.58839	0.54728	0.43722	0.83005	0.33169	0.33738	0.15827	0.64617	0.33296	0.39751	0.02673	0.03715	0.36032	0.67746	0.68195	0.63513	0.58382	0.62841	0.65656	0.61427	0.76506	0.39673	0.49682	0.58648	0.45654	0.53826	0.75486	0.51372	0.0	0.66998	0.62412	0.59333	0.89818	0.4658	0.54847	0.35041	0.4391	0.70604	0.427	0.40532	0.42294	0.48276	0.3651	0.7846	0.88739	0.82455	0.27374	0.68985	0.41704	0.59891	0.31421	0.71221	0.60375	0.60275	0.11145	0.16876	0.89923	0.56508	0.33479	0.56387	0.45902	0.66803	0.77703	0.52775	0.51787	0.47683	0.69246	0.97808	0.35674	0.40062	0.54026	0.14264	0.73967	0.52194	0.73413	0.91672	0.39685	0.55706	0.56638	0.56562	1.0	0.1956	0.9063	0.3606	0.23591	0.33679	0.37024	0.57567	0.89364	0.44825	0.52254	0.18421	0.1097	0.613	0.70565	0.44823	0.17872	0.42185	0.70714	0.29614	0.50983	0.49365	0.24334	0.95838	0.49302	0.37011	0.18695	0.73074	0.17903	0.30552	0.56477	0.62712	0.25581	0.05141	0.56572	0.94117	0.52932	0.08955	0.62029	0.62358	0.57151	0.5687	0.45675	0.2515	0.40979	0.75056	0.64648	0.18235	0.49349	0.30757	0.21282	0.58723	0.72081	0.42969	0.66542	0.55749	0.68129	0.49409	0.26751	0.57786	0.57486	0.65443	0.58012	0.36412	0.6407	0.50425	0.46436	0.26	0.82108	0.40573	0.53688	0.71882	0.33548	0.4305	0.99654	0.3757	0.6413	0.86251	0.47802	0.72275	0.59254	0.36145	0.31547	0.45856	0.7271	0.42754	0.60659	0.36398	0.72225	0.69783	0.40731	0.24248	0.77054	0.6726	0.39307	0.41054	0.781	0.80426	0.187	0.00991	0.33621	0.66576	0.67945	0.3346	0.60407	0.68359	0.66536	0.21229	0.41719	0.55287	0.49419	0.75196	0.45282	0.07754	0.0796	0.50133	0.66474	0.68456	0.46123	0.33825	0.65011	0.58288	0.45587	0.2646	0.54067	0.29293	0.63559	0.46376	0.55438	0.55391	0.47183	0.37166	0.55521	0.69183	0.6834	0.58048	0.59771	0.66886	0.42464	0.4094	0.70744	0.63381	0.63513	0.46007	0.94674	0.75436	0.39271	0.69795	0.33655	0.44519	0.72216	0.18881	0.45769	0.51803	0.29038	0.46238	0.49379	0.87248	0.61163	0.63644	0.34503	0.08318	0.49716	0.72124	0.53976	0.56053	0.4433	0.46824	0.76361	0.53636	0.65014	0.06429	0.6267	0.48156	0.4912	0.51897	0.15327	0.43539	0.57364	0.60397	0.51016	0.32494	0.54355	0.59094	0.11213	0.44166	0.21963	0.6557	0.8783	0.40936	0.19259	0.48175	0.43146	0.52166	0.31855	0.35374	0.49061	0.44277	0.82618	0.0	0.3698	0.72711	0.41791	0.48855	0.42496	0.56927	0.27998	0.52254	0.30332	0.85755	0.58866	0.54162	0.66002	0.52583	0.38641	0.5257	0.03365	0.60975	0.31768	0.3543	0.52111	0.49818	0.60913	0.4728	0.66847	0.64369	0.65219	0.25251	0.5176	0.27463	0.60032	0.42007	0.68652	0.29488	0.65069	0.39131	0.20582	0.23505	0.65314	0.5446	0.76088	0.67056	0.25889	0.26439	0.51407	0.54638	0.58164	0.49141	0.35822	0.50664	0.67437
bonobo	0.37343	0.87095	0.24785	0.39759	0.70483	0.54036	0.3786	0.38627	0.40637	0.58248	0.42096	0.34821	0.54723	0.08735	0.34046	0.8103	0.67456	0.88843	0.1945	0.28844	0.30365	0.4079	0.20447	0.95442	0.15017	0.65722	0.0945	0.64982	0.48706	0.50155	0.40351	0.21193	0.57882	0.29219	0.41965	0.63518	0.20518	0.55777	0.38968	0.58379	0.61299	0.54942	0.51611	0.45554	0.53586	0.59212	0.62934	0.33935	0.05185	0.55767	0.29381	0.24161	0.46672	0.92982	0.70288	0.06581	0.31704	0.37194	0.23186	0.55594	0.46837	0.28825	0.67589	0.6906	0.78179	0.26923	0.52204	0.37299	0.71703	0.68145	0.49231	0.38779	0.42991	0.61956	0.27518	0.16557	0.48663	0.64428	0.57279	0.31171	0.45984	0.43011	0.95608	0.78186	0.18342	0.29038	0.5496	0.3278	0.7637	0.4237	0.43881	0.77106	0.54044	0.71125	0.32837	0.5544	0.04096	0.42601	0.75934	0.85197	0.35051	0.46934	0.72304	0.39324	0.59114	0.2792	0.54646	0.64734	0.69643	0.43807	0.48899	0.66621	0.24806	0.53144	0.6579	0.38011	0.59296	0.25706	0.30349	0.6659	0.20051	0.66149	0.50839	0.68004	0.6161	0.71996	0.50919	0.3	0.68246	0.6103	0.5809	0.34779	0.49356	0.44924	0.38374	0.57697	0.71937	0.58818	0.51623	0.36204	0.38943	0.46281	0.69774	0.63141	0.45249	0.53825	0.28619	0.32572	0.85511	0.54025	0.37183	0.56004	0.30895	0.24715	0.15931	0.27547	0.3374	1.0	0.57921	0.54594	0.43199	0.55231	0.38435	0.76364	0.48207	0.41562	0.6999	0.56322	0.75615	0.3345	0.25116	0.49691	0.90806	0.41233	0.20263	0.23698	0.48779	0.33044	0.46653	0.48995	0.46808	0.65879	0.73299	0.99188	0.45106	0.45631	0.33448	0.47849	0.3202	0.54834	0.41634	0.35427	0.25638	0.35825	0.66556	0.69997	0.19085	0.95253	0.31717	0.59898	0.42803	0.50396	0.71082	0.22598	0.45223	0.88049	0.39281	0.523	0.91953	0.5496	0.47364	0.53498	0.40123	0.46007	0.36328	0.77713	0.36287	0.72468	0.67394	0.61032	0.67931	0.55914	0.49333	0.39498	0.37674	0.32618	0.55751	0.21237	0.73834	0.7847	0.15747	0.68716	0.42536	0.55662	0.50195	0.54788	0.69914	0.39932	0.61874	0.71774	0.17869	0.55708	0.77085	0.38522	0.53797	0.56203	0.55959	0.34265	0.3127	0.73737	0.5274	0.85855	0.12955	0.51523	0.8627	0.43153	0.39542	0.34812	0.49502	0.65695	0.69675	0.37685	0.46288	0.71525	0.20381	0.59744	0.20557	0.90958	0.60232	0.57295	0.72483	0.78914	0.4866	0.32209	0.67375	0.33895	0.69547	0.41801	0.5738	0.59104	0.21997	0.51909	0.58686	0.66124	0.56736	0.67319	0.55113	0.44526	0.29626	0.66537	0.5368	0.26185	0.47959	0.46181	0.62565	0.37113	0.3623	0.65559	0.40684	0.27011	0.47394	0.37621	0.39533	0.41646	0.27488	0.36095	0.19295	0.23039	0.55796	0.50965	0.26848	0.74876	0.73256	0.73125	0.41264	0.49625	0.46106	0.80173	0.40825	0.53622	0.55549	0.55814	0.44519	0.28909	0.38488	0.28966	0.50498	0.46881	0.33	0.52306	0.64037	0.61866	0.23786	0.5125	0.42312	0.74013	0.46693	0.6496	0.00208	0.33704	0.50779	0.36526	0.52008	0.84669	0.66872	0.63832	0.63919	0.61788	0.34177	0.4215	0.43297	0.71625	0.53049	0.84351	0.64959	0.41636	0.6565	0.65728	0.71734	0.45039	0.6336	0.39273	0.60638	0.65805	0.54623	0.18562	0.73061	0.04263	0.73956	0.75671	0.27471	0.45195	0.66569	0.58699	0.72854	0.54089	0.57737	0.50871	0.403	0.37221	0.28792	0.48269	0.70558	0.59081	0.48339	0.49717	0.72693	0.49918	0.43406	0.30665	0.03735	0.28624	0.66124	0.52896	0.80416	0.29579	0.51135	0.39548	0.46213	0.54528
buffalo	0.01241	0.32842	0.41583	0.36767	0.67727	0.55362	0.44714	0.45747	0.54531	0.58204	0.26184	0.42347	0.94931	0.208	0.49079	0.81346	0.61872	0.93331	0.36491	0.3765	0.37875	0.5395	0.27329	0.3211	0.29516	0.76349	0.63682	0.83303	0.54558	0.85463	0.45793	0.39246	0.41022	0.30647	0.19663	0.47765	0.62295	0.3113	0.64015	0.57567	0.58795	0.47237	0.53657	0.37538	0.5522	0.30786	0.32649	0.0	0.64661	0.29839	0.4416	0.52836	0.20351	0.54877	0.49039	0.56217	0.89017	0.37027	0.49663	0.24954	0.57235	0.50902	0.68797	0.34777	0.48315	0.53831	0.76007	0.78241	0.4217	0.37526	0.42666	0.35234	0.5482	0.30458	0.36984	0.56702	0.55446	0.51107	0.38847	0.50767	0.62632	0.47004	0.78223	0.808	0.3577	0.31802	0.38555	0.503	0.47366	0.46226	0.38729	0.73228	0.09394	0.34369	0.47495	0.47239	0.3782	0.56874	0.59132	0.55733	0.26516	0.50015	0.35423	0.55156	0.53763	0.46507	0.52734	0.88994	0.67869	0.42784	0.11937	0.56222	0.39346	0.58476	0.57596	0.47798	0.57843	0.82992	0.29596	0.32753	0.17628	0.44097	0.50849	0.68844	0.45316	0.61857	0.32362	0.49623	0.53711	0.46456	0.60616	0.5678	0.23774	0.2615	0.33878	0.40325	0.85581	0.52879	0.68829	0.26371	0.40377	0.07238	0.56958	0.62941	0.48992	0.51434	0.49545	0.2106	0.64095	0.5119	0.30326	0.69137	0.34023	0.49472	0.44276	0.63735	0.51208	0.63101	0.46762	0.62049	0.45951	0.90063	0.45944	0.72161	0.62853	0.42826	0.44902	0.35485	0.60767	0.61811	0.5308	0.50696	0.53308	0.42868	0.50546	0.72698	0.43969	0.81696	0.61663	0.27995	0.52919	0.32745	0.69706	0.91055	0.32838	0.95737	0.27948	0.4355	0.4118	0.68586	0.52657	0.61562	0.80194	0.31373	0.34282	0.1641	0.51923	0.12144	0.48737	0.4613	0.70046	0.60127	0.75153	0.39616	0.25595	0.52138	0.69773	0.55538	0.79238	0.70755	0.36112	0.5539	0.45224	0.68435	0.78234	0.51992	0.84569	0.53216	0.46563	0.74143	0.1998	0.28665	0.38146	0.90243	0.46854	0.14024	0.41155	0.74871	0.63521	0.51251	0.4299	0.48022	0.61557	0.71072	0.2658	0.1291	0.81051	0.76985	0.6326	0.69989	0.5768	0.56521	0.30367	0.36876	0.0	0.37931	0.45131	0.57671	0.47186	0.47394	0.54182	0.54923	0.61286	0.66475	0.46797	0.34411	0.0908	0.55713	0.59599	0.34203	0.40591	0.72946	0.37242	0.35266	0.68823	0.65273	0.53492	0.61332	0.39798	0.39055	0.69515	0.78061	0.71334	0.32469	0.27788	0.31863	0.72812	0.68515	0.46248	0.33247	0.60212	0.57858	0.17266	0.43759	0.3519	0.4971	0.81337	0.45954	0.61968	0.41474	0.28734	0.5676	0.2881	0.38011	0.4399	0.47562	0.57545	0.4437	0.66165	0.28125	0.41655	0.59503	0.48706	0.5208	0.4115	0.62742	0.38104	0.0	0.76821	0.21479	0.54607	0.32461	0.65079	0.30556	0.3007	0.39211	0.39749	0.51774	0.39146	0.3698	0.26015	0.20499	0.39617	0.81441	0.50682	0.76658	0.54475	0.35037	0.8928	0.72918	0.21959	0.28483	0.47743	0.34292	0.35927	0.35126	0.84284	0.68462	0.45298	0.16946	0.2369	0.7752	0.29511	0.25113	0.77152	0.3458	0.54008	0.72755	0.29771	0.32044	0.75884	0.65463	0.16033	0.57561	0.86148	0.35919	0.40093	0.37501	0.41989	0.20474	0.6323	0.28689	0.7451	0.74971	0.83163	0.59366	0.56639	0.35745	0.53731	0.84412	0.56856	0.80852	0.84669	0.83372	0.60386	0.69024	0.8761	0.73767	0.59012	0.46788	0.58368	0.63914	0.48588	0.38108	0.38544	0.45829	0.65722	0.2997	0.28469	0.2004	0.41334	0.77235	0.34433	0.40084	0.47698	0.5285	0.50746	0.55452	0.18203	0.59422
bullock	0.40415	0.55686	0.50205	0.67615	0.36677	0.61731	0.36441	0.56477	0.58203	0.33898	0.73127	0.49846	0.71999	0.35151	0.58311	0.57572	0.76175	0.42828	0.58662	0.44419	0.35824	0.43432	0.42205	0.29187	0.38525	0.46103	0.41	0.39704	0.49566	0.63003	0.7682	0.24953	0.81616	0.74315	0.68942	0.69543	0.22783	0.53957	0.34882	0.34379	0.78058	0.67109	0.61327	0.55313	0.26091	0.33369	0.46031	0.30464	0.55094	0.30799	0.5082	0.13935	0.47134	0.44924	0.45723	0.34307	0.39597	0.12533	0.21842	0.7503	0.55257	0.75072	0.67993	0.75626	0.62989	0.4024	0.39567	0.6329	0.42604	0.56644	0.63189	0.83872	0.34257	0.47748	0.32631	0.53217	0.55074	0.62797	0.62115	0.5335	0.34228	0.34721	0.49175	0.57802	0.36301	0.33018	0.37459	0.62883	0.53923	0.76868	0.20232	0.2164	0.4448	0.47322	0.26871	0.68024	0.30041	0.50897	0.59034	0.39162	0.48765	0.40798	0.7438	0.70329	0.7618	0.36434	0.29733	0.43865	0.26437	0.72302	0.66594	0.45171	0.70735	0.66984	0.84467	0.63349	0.3652	0.35484	0.53264	0.55936	0.5133	0.46668	0.42143	0.49734	0.42432	0.36121	0.54079	0.23454	0.45108	0.429	0.73045	0.21472	0.81251	0.46052	0.53787	0.60847	0.51028	0.32608	0.64386	0.55214	0.73628	0.30248	0.48188	0.42046	0.27198	0.44095	0.1777	0.58915	0.41323	0.71246	0.47614	0.30648	0.67864	0.47395	0.48136	0.63702	0.65876	0.71291	0.53102	0.7287	0.19152	0.73841	0.6701	0.49294	0.57132	0.22447	0.5509	0.58982	0.48395	0.33423	0.50558	0.64738	0.24244	0.71472	0.76349	0.55264	0.58068	0.65562	0.48075	0.35785	0.4574	0.14465	0.54757	0.44637	0.52281	0.26378	0.36608	0.1256	0.53393	0.58565	0.53136	0.31626	0.43668	0.35476	0.84906	0.42349	0.64898	0.0236	0.27187	0.41558	0.30347	0.69892	0.69615	0.42401	0.17311	0.49278	0.47301	0.72946	0.54331	0.31857	0.43697	0.20577	0.587	0.53792	0.04636	0.33571	0.41456	0.39872	0.29325	0.62424	0.17813	0.15657	0.33277	0.79896	0.49495	0.71537	0.24724	0.36818	0.78519	0.45882	0.35004	0.3526	0.36798	0.72827	0.68206	0.43185	0.71011	0.19693	0.25136	0.37262	0.85608	0.40441	0.51515	0.44987	0.86088	0.40184	0.4313	0.33214	0.51155	0.59563	0.43121	0.64496	0.53023	0.75771	0.52156	0.50346	0.34923	0.7427	0.64819	0.53352	0.33278	0.38304	0.47071	0.77938	0.55544	0.33412	0.43958	0.46627	0.7872	0.75639	0.43595	0.11589	0.63884	0.51303	0.53665	0.38685	0.81462	0.58069	0.43204	0.61394	0.70836	0.42388	0.731	0.40452	0.28003	0.42705	0.7546	0.72381	0.40666	0.48521	0.61017	0.44384	0.69719	0.69226	0.38333	0.36995	0.4302	0.3255	0.62481	0.52619	0.47186	0.52227	0.75788	0.41381	0.39888	0.37328	0.59306	0.53962	0.18115	0.51428	0.44278	0.73114	0.6593	0.65255	0.50003	0.53096	0.24609	0.53229	0.38779	0.515	0.34078	0.39039	0.14701	0.68039	0.53482	0.61718	0.63045	0.73378	0.63309	0.41498	0.81323	0.6418	0.62003	0.66758	0.68585	0.58862	0.39568	0.60111	0.71722	0.60584	0.49598	0.48479	0.68124	0.34021	0.27576	0.34989	0.37962	0.58289	0.82588	0.49795	0.19495	0.35366	0.46622	0.50549	0.76895	0.53722	0.22514	0.85443	0.40206	0.38243	0.39828	0.52473	0.79061	0.67354	0.74417	0.34585	0.55082	0.40781	0.14252	0.50426	0.48421	0.32741	0.53948	0.55157	0.47308	0.4517	0.60101	0.56161	0.94377	0.28893	0.43064	0.7488	0.6079	0.64963	0.33719	0.60153	0.69439	0.5648	0.53809	0.39782	0.30216	0.62632	0.57618	0.4493	0.33165	0.42648	0.83484	0.40583	0.40764	0.0318
bumblebee	0.38273	0.53811	0.47619	0.69822	0.73986	0.81743	0.51652	0.37497	0.63001	0.47686	0.58709	0.426	0.68379	0.73438	0.49264	0.72454	0.31129	0.60761	0.3242	0.39084	0.39344	0.45435	0.50474	0.83292	0.4044	0.69842	0.24161	0.25236	0.34713	0.51611	0.63165	0.50909	0.4194	0.47434	0.66323	0.16406	0.61829	0.60491	0.72584	0.38283	0.65337	0.8804	0.44605	0.68457	0.19725	0.6076	0.47926	0.25423	0.49282	0.72204	0.45355	0.61843	0.91132	0.6597	0.69089	0.25534	0.51579	0.49525	0.57789	0.65367	1.0	0.80828	0.0074	0.78521	0.34164	0.30589	0.41807	0.58211	0.50068	0.43163	0.59162	0.60003	0.51883	0.26401	0.63521	0.28832	0.67625	0.24352	0.7474	0.2577	0.63358	0.58124	0.35563	0.29876	0.27691	0.42029	0.4993	0.8344	0.59412	0.49485	0.69414	0.46077	0.52973	0.34563	0.29596	0.3567	0.49013	0.55974	0.58476	0.28144	0.75537	0.56125	0.72318	0.62585	0.62386	0.61836	0.50547	0.165	0.72986	0.62891	0.78156	0.24497	0.66051	0.32011	0.35095	0.25759	0.41519	0.58463	0.68857	0.87323	0.73148	0.41189	0.40034	0.53643	0.73499	0.43583	0.49081	0.66347	0.53551	0.39809	0.50625	0.25023	0.58788	0.091	0.12027	0.67835	0.46284	0.4349	0.77279	0.48567	0.38943	0.37859	0.55105	0.60714	0.58	0.33508	0.29346	0.10454	0.36079	0.54022	0.57679	0.43736	0.34534	0.24609	0.38176	0.54887	0.541	0.17334	0.98279	0.36628	0.63029	0.23634	0.71208	0.27388	0.77499	0.54422	0.36214	0.28871	0.37655	0.06361	0.35867	0.66994	0.6453	0.53084	0.02256	0.23769	0.66802	0.39223	0.44839	0.83777	0.68507	0.33287	0.10557	0.22014	0.58697	0.36638	0.35668	0.51635	0.41339	0.73074	0.76248	0.52976	0.25063	0.145	0.43721	0.49289	0.31093	0.47362	0.4361	0.62212	0.67385	0.57318	0.63558	0.83907	0.2569	0.53176	0.14206	0.51634	0.64408	0.41701	0.40857	0.21252	0.45037	0.63182	0.40413	0.23612	0.12607	0.61838	0.70025	0.41058	0.23725	1.0	0.37367	0.53156	0.64115	0.52698	0.42373	0.74349	0.66617	0.54115	0.3751	0.52583	0.64689	0.48979	0.64826	0.79853	0.63951	0.21791	0.33278	0.29987	0.49574	0.33067	0.56761	0.37499	0.44305	0.51809	0.66503	0.55641	0.70977	0.77446	0.68296	0.5289	0.52737	0.83578	0.68929	0.0	0.53799	0.88058	0.6002	0.69675	0.50723	0.61441	0.09503	0.32229	0.19774	0.62664	0.46193	0.62152	0.66403	0.47266	0.5814	0.82537	0.15469	0.54802	0.38635	0.68994	0.31352	0.52411	0.43195	0.50989	0.33927	0.42982	0.82036	0.43561	0.54155	0.97024	0.66593	0.58459	0.44148	0.66165	0.43565	0.49015	0.41992	0.4836	0.46807	0.75895	0.52938	0.4481	0.71178	0.48254	0.33912	0.98003	0.43237	0.61253	0.45052	0.4386	0.35146	0.53766	0.33065	0.29542	0.10149	0.38626	0.4187	0.43248	0.11406	0.42433	0.5194	0.61717	0.52686	0.82523	0.88185	0.6676	0.41251	0.45615	0.56649	0.26447	0.69022	0.63962	0.55042	0.6104	0.26331	0.54394	0.31674	0.84058	0.44027	0.4663	0.71567	0.34623	0.25254	0.37611	0.7394	0.2342	0.24823	0.1133	0.57665	0.55646	0.68708	0.47576	0.32476	0.29883	0.4325	0.59455	0.2842	0.51831	0.2973	0.46159	0.4335	0.37619	0.81608	0.6454	0.52796	0.66404	0.71469	0.38373	0.53035	0.22454	0.30633	0.72484	0.71932	0.52128	0.26541	0.733	0.4195	0.60306	0.65674	0.3424	0.30355	0.6589	0.36	0.54722	0.40051	0.55224	0.61704	0.80504	0.58848	0.38032	0.06621	0.26456	0.43486	0.34431	0.91686	0.40291	0.4766	0.57669	0.33512	0.48388	0.23861	0.28932	0.54239	0.29694
butterfly	0.4089	0.57073	0.72576	0.6357	0.51403	0.64348	0.42431	0.41908	0.52016	0.34247	0.5198	0.77088	0.64851	0.44219	0.67629	0.61407	0.27509	0.69862	0.07998	0.28639	0.37739	0.57274	0.53009	0.30561	0.66862	0.73817	0.53573	0.5223	0.60888	0.68689	0.44677	0.35034	0.53311	0.43438	0.60649	0.44247	0.48792	0.71567	0.49798	0.3871	0.54569	0.46449	0.72864	0.46021	0.58664	0.41861	0.28697	0.49864	0.46095	0.40347	0.48291	0.3444	0.04821	0.5549	0.60305	0.38398	0.0	0.42334	0.14783	0.53684	0.52845	0.7556	0.77412	0.62708	0.53016	0.39896	0.36606	0.50018	0.52522	0.71953	0.61132	0.4505	0.55554	0.55349	0.38185	0.39186	0.80164	0.43921	0.50341	0.3929	0.575	0.75124	0.33978	0.48864	0.73261	0.52717	0.42626	0.79366	0.84229	0.45812	0.26269	0.55104	0.93366	0.37725	0.27161	0.33483	0.30474	0.79905	0.67143	0.53368	0.67655	0.53132	0.47372	0.44851	0.5086	0.55515	0.49804	0.50513	0.62721	0.42407	0.39058	0.55516	0.62063	0.62975	0.11004	0.53698	0.55774	0.74848	0.31856	0.45361	0.14439	0.29734	0.32962	0.10482	0.61346	0.61374	0.58651	0.28554	0.77619	0.42942	0.6249	0.29638	0.23758	0.38009	0.45146	0.67643	0.48274	0.43573	0.60115	0.55484	0.80288	0.34815	0.75554	0.62639	0.22546	0.14728	0.16715	0.37319	0.03726	0.35404	0.38825	0.62242	0.55363	0.45359	0.43642	0.6093	0.58798	0.61031	0.80536	0.41029	0.50405	0.65993	0.53073	0.29627	0.35754	0.33822	0.63375	0.72913	0.61449	0.42546	0.38135	0.48541	0.45964	0.66583	0.24855	0.51091	0.64694	0.5298	0.59616	0.47368	0.41193	0.33948	0.51772	0.42446	0.9842	0.35268	0.38441	0.40508	0.69594	0.46931	0.65283	0.32869	0.37703	0.35049	0.57622	0.58651	0.34773	0.67429	0.0	0.67774	0.72445	0.58157	0.52071	0.68406	0.34846	0.63006	0.54272	0.36962	0.41193	0.56529	0.34306	0.42824	0.77073	0.41263	0.31816	0.54278	0.28161	0.23396	0.50407	0.58365	0.68023	0.4425	0.60733	0.49535	0.51898	0.26199	0.46488	0.26596	0.72766	0.42948	0.45248	0.60393	0.62862	0.61861	0.71288	0.49377	0.52209	0.54561	0.49887	0.53915	0.43522	0.15775	0.67161	0.56195	0.80754	0.09735	0.09961	0.41589	0.49777	0.67237	0.74354	0.57213	0.4334	0.72122	0.69584	0.55885	0.43337	0.05148	0.41835	0.69093	0.90746	0.53304	0.47654	0.53325	0.57418	0.8762	0.45897	0.87635	0.49589	0.8161	0.57941	0.83617	0.54488	0.83339	0.56134	0.37715	0.29953	0.34889	0.43742	0.53821	0.62163	0.28159	0.72634	0.45826	0.33903	0.51198	0.43449	0.52538	0.45449	0.46856	0.36331	0.35051	0.4262	0.90961	0.50725	0.27378	0.47914	0.47724	0.6934	0.43619	0.29161	0.69372	0.50836	0.49208	0.66289	0.37865	0.2741	0.27533	0.32763	0.58375	0.37938	0.50261	0.72133	0.86173	0.67075	0.43219	0.28737	0.33367	0.45439	0.66975	0.69929	0.45064	0.51506	0.54593	0.4863	0.11806	0.61488	0.25204	0.43766	0.42388	0.59965	0.73711	0.60562	0.63634	0.41092	0.68463	0.458	0.43973	0.51378	0.70447	0.6998	0.668	0.49563	0.36725	0.43634	0.63582	0.448	0.25585	0.33134	0.35057	0.43758	0.4604	0.59194	0.72344	0.66182	0.44765	0.34749	0.35794	0.88554	0.80805	0.52299	0.27853	0.68865	0.60467	0.31479	0.46586	0.48543	0.4859	0.83447	0.53622	0.2123	0.39466	0.71087	0.4164	0.45116	0.46262	0.49724	0.42084	0.82342	0.36772	0.28761	0.46353	0.44439	0.54376	0.35313	0.71425	0.31811	0.3324	0.31601	0.37699	0.52743	0.21601	0.36087	0.28548	0.55622	0.32617	0.55799	0.56145	0.24198	0.53645
caiman	0.19944	0.62228	0.75143	0.69505	0.34534	0.69064	0.61571	0.37843	0.25336	0.51029	0.71047	0.38282	0.45115	0.55055	0.49673	0.5481	0.5164	0.55928	0.44494	0.57204	0.15622	0.71082	0.07228	0.36714	0.27778	0.50481	0.57907	0.5912	0.86532	0.58736	0.6352	0.35482	0.35047	0.36253	0.53205	0.45899	0.69503	0.2241	0.4109	0.38125	0.61154	0.56426	0.37195	0.44389	0.36946	0.63071	0.29948	0.47113	0.46639	0.11593	0.26407	0.62503	0.44287	0.66648	0.84416	0.49383	0.65055	0.30463	0.63239	0.26367	0.65535	0.67456	0.331	0.71749	0.48109	0.65059	0.40033	0.64944	0.37873	0.64354	0.55481	0.3626	0.49541	0.35504	0.57138	0.54129	0.31574	0.4803	0.81147	0.71987	0.45781	0.68891	0.46869	0.42045	0.27784	0.35744	0.44499	0.29989	0.69699	0.45538	0.34556	0.44816	0.19837	0.18274	0.79213	0.18268	0.42203	0.46007	0.54203	0.57229	0.5606	0.55119	0.26262	0.35666	0.25508	0.60254	0.54792	0.57962	0.32482	0.54201	0.41447	0.0353	0.44885	0.22852	0.35336	0.38515	0.45676	0.35176	0.44574	0.73012	0.30058	0.64194	0.51327	0.63468	0.41829	0.51903	0.49657	0.44587	0.69042	0.44027	0.83299	0.7704	0.43864	0.30392	0.13615	0.42257	0.22109	0.65217	0.70104	0.54344	0.5431	0.71386	0.58254	0.28897	0.742	0.64516	0.55068	0.36936	0.26959	0.53392	0.67585	0.6208	0.15256	0.56543	0.55121	0.79166	0.58341	0.53368	0.57917	0.4204	0.48884	0.233	1.0	0.35337	0.39838	0.34674	0.27052	0.5044	0.406	0.39607	0.20139	0.20988	0.50349	0.41832	0.60023	0.76807	0.37778	0.71203	0.63112	0.51774	0.68011	0.4949	0.57473	0.26819	0.67941	0.39444	0.01255	0.42145	0.62265	0.07153	0.77232	0.39352	0.8403	0.66585	0.03674	0.43223	0.42287	0.37173	0.15732	0.44342	0.42744	0.73458	0.64936	0.6172	0.75718	0.57676	1.0	0.43783	0.31354	0.66446	0.18665	0.74346	0.63536	0.61367	0.19728	0.28541	0.83511	0.61384	0.75808	0.38423	0.40622	0.73451	0.7435	0.41565	0.24552	0.22122	0.4709	0.52642	0.53059	0.6382	0.29168	0.61446	0.44005	0.26326	0.52553	0.28893	0.46508	0.28516	0.75217	0.20357	0.80161	0.29729	0.6427	0.30833	0.43998	0.73398	0.53229	0.36495	0.22696	0.53427	0.50607	0.90394	0.28453	0.3851	0.33761	0.63475	0.38394	0.57281	0.76895	0.58018	0.17949	0.75402	0.24665	0.49634	0.38766	0.25484	0.59938	0.64787	0.4404	0.73071	0.40915	0.56753	0.13601	0.66805	0.31643	0.467	0.58673	0.42946	0.53794	0.37645	0.40701	0.50374	0.51423	0.63219	0.41738	0.4295	0.67321	0.67639	0.81577	0.31761	0.39071	0.82117	0.13442	0.47856	0.9259	0.41257	0.29943	0.42516	0.43176	0.82924	0.55171	0.25902	0.45462	0.88122	0.63107	0.22647	0.59322	0.3401	0.48648	0.50523	0.55677	0.48218	0.71102	0.55757	0.29432	0.35219	0.43529	0.51841	0.14065	0.50321	0.28667	0.51291	0.46461	0.64176	0.51252	0.50261	0.19937	0.37372	0.42486	0.50932	0.48912	0.54809	0.5068	0.49463	0.37467	0.31525	0.64621	0.59563	0.23735	0.40408	0.54536	0.59501	0.47741	0.5903	0.54915	0.55595	0.68787	0.59595	0.10554	0.91169	0.31449	0.68893	0.53786	0.2549	0.63731	0.84813	0.61947	0.47429	0.24384	0.72999	0.55174	0.50075	0.92402	0.78033	0.54719	0.59934	0.91288	0.50043	0.345	0.69508	0.7639	0.56371	0.773	0.99678	0.41516	0.244	0.77252	0.59048	0.91514	0.56297	0.56708	0.75205	0.70224	0.45627	0.51975	0.70149	0.61412	0.3921	0.09166	0.51777	0.4867	0.53317	0.43869	0.62776	0.57387	0.53014	0.71737	0.22398	0.26609	0.02936
camel	0.34819	0.43475	0.51658	0.63896	0.69068	0.67018	0.52823	0.58919	0.40477	0.78193	0.39577	0.88748	0.71066	0.39044	0.34444	0.99838	0.1874	0.63047	0.47803	0.7254	0.35388	0.43925	0.36168	0.24493	0.4649	0.35219	0.37261	0.27511	0.70122	0.69966	0.57756	0.48223	0.67561	0.28101	0.72927	0.11589	0.43061	0.62955	0.54134	0.35781	0.52445	0.66045	0.35058	0.58814	0.32691	0.42538	0.28013	0.4849	0.56431	0.30864	0.40751	0.38916	0.44891	0.31756	0.70841	0.51132	0.60885	0.43714	0.51329	0.53585	0.74316	0.65287	0.20909	0.55102	0.36373	0.05569	0.35057	0.20211	0.7433	0.90619	0.86301	0.09867	0.48402	0.27896	0.18427	0.65207	0.74922	0.38515	0.5148	0.53379	0.7033	0.67567	0.38596	0.44817	0.6275	0.71451	0.51914	0.33179	0.40295	0.371	0.56302	0.53366	0.63424	0.53339	0.00798	0.42739	0.43964	0.63375	0.65882	0.19867	0.3125	0.48351	0.72933	0.52414	0.65009	0.51283	0.43099	0.39806	0.50014	0.19337	0.62035	0.577	0.9601	0.55951	0.4711	0.57408	0.32058	0.3025	0.39894	0.42001	0.94226	0.59788	0.45879	0.60354	0.50427	0.28568	0.46095	0.69039	0.54214	0.22388	0.66354	0.67757	0.37034	0.68267	0.36963	0.46755	0.5192	0.54594	0.39567	0.74982	0.75246	0.71179	0.54814	0.63124	0.4021	0.71383	0.68337	0.44645	0.36456	0.68821	0.6655	0.47517	0.50078	0.65816	0.59136	0.68486	0.54033	0.24487	0.40583	0.36714	0.59796	0.44461	0.88981	0.55413	0.57771	0.35394	0.42907	0.36753	0.35797	0.56462	0.42091	0.07766	0.08306	0.50899	0.3297	0.08153	0.15137	0.63329	0.3789	0.81474	0.47455	0.32442	0.34554	0.38358	0.6957	0.27309	0.6536	0.27192	0.51832	0.58907	0.92038	0.41695	0.29513	0.36505	0.24878	0.52346	0.3494	0.52575	0.23282	0.22981	0.31922	0.39281	0.55165	0.51432	0.25645	0.5851	0.91104	0.24334	0.55447	0.29689	0.5463	0.44044	0.69248	0.55797	0.69867	0.15688	0.53635	0.12744	0.40864	0.5476	0.1484	0.53828	0.55057	0.65945	0.48976	0.61126	0.26647	0.51615	0.60872	0.79994	0.64236	0.54434	0.72287	0.7192	0.31902	0.60748	0.21334	0.66208	0.23508	0.42891	0.37804	0.42155	0.61096	0.49627	0.31244	0.72411	0.76615	0.52621	0.59533	0.55909	0.3772	0.33555	0.64902	0.89886	0.30398	0.30904	0.62507	0.76376	0.7883	0.52647	0.456	0.13834	0.31553	0.15442	0.28118	0.53206	0.67122	0.40578	0.54048	0.36823	0.0	0.31924	0.45373	0.58794	0.40283	0.37679	0.71146	0.6282	0.50009	0.49623	0.61023	0.31332	0.90676	0.43826	0.67824	0.39709	0.54824	0.58026	0.67876	0.08036	0.44704	0.45995	0.57684	0.49134	0.65762	0.45824	0.5156	0.36357	0.58264	0.46524	0.40997	0.70477	0.86861	0.48216	0.58473	0.54198	0.55565	0.61954	0.64619	0.42168	0.77895	0.81514	0.38595	0.75017	0.44871	0.48309	0.30978	0.65077	0.59228	0.73964	0.34525	0.32115	0.36539	0.47136	0.39785	0.33939	0.59177	0.52481	0.68698	0.48869	0.40969	0.51702	0.49937	0.75141	0.46515	0.75091	0.96513	0.46634	0.45986	0.75543	0.64624	0.61342	0.09628	0.00437	0.43164	0.51262	0.376	0.71313	0.43221	0.43559	0.42423	0.62047	0.44077	0.54211	0.38911	0.47892	0.15548	0.54791	0.42227	0.18101	0.72519	0.6344	0.57298	0.3578	0.44781	0.52362	0.6608	0.48089	0.71398	0.45709	0.27302	0.67438	0.44386	0.21219	0.4777	0.64961	0.55811	0.99159	0.75421	0.51062	0.66739	0.67356	0.58241	0.31418	0.00728	0.63855	0.12888	0.64388	0.38357	0.5815	0.84498	0.4108	0.31868	0.40758	0.62975	0.71345	0.13099	0.25615	0.4783	0.43383
canary	0.25127	0.30935	0.37068	0.58267	0.50391	0.73576	0.19198	0.49385	0.42647	0.46624	0.0	0.48955	0.80339	0.69613	0.54871	0.79256	0.79009	0.42244	0.21653	0.48669	0.40296	0.55117	0.4003	0.59365	0.57967	0.28699	0.56352	0.74777	0.78285	0.70704	0.0147	0.28051	0.27769	0.28398	0.48245	0.44094	0.4888	0.42744	0.63543	0.61126	0.40382	0.47991	0.61179	0.3412	0.4929	0.71258	0.31659	0.60287	0.4474	0.16563	0.1566	0.24841	0.50799	0.47311	0.18828	0.4873	0.46846	0.66706	0.66754	0.16976	0.58673	0.27823	0.4085	0.64439	0.37054	0.67205	0.43019	0.72792	0.43311	0.7254	0.41755	0.7115	1.0	0.07376	0.20886	0.43484	0.7561	0.61428	0.64653	0.47685	0.34142	0.54511	0.47126	0.38549	0.57234	0.27639	0.55054	0.4171	0.79921	0.66902	0.71999	0.78261	0.17276	0.62145	0.47264	0.62079	0.49133	0.46745	0.38795	0.35805	0.38649	0.10099	0.76832	0.56275	0.16674	0.64137	0.39899	0.46026	0.62588	0.27015	0.77921	0.4904	0.7419	0.39548	0.33286	0.51815	0.20963	0.5431	0.49161	0.42337	0.2373	0.4547	0.22931	0.85731	0.57275	0.46131	0.65891	0.66251	0.54763	0.28704	0.40782	0.05755	0.37648	0.21569	0.36936	0.45707	0.61614	0.58352	0.93793	0.56003	0.3093	0.06714	0.5889	0.37918	0.73252	0.38942	0.56017	0.32742	0.78137	0.69929	0.16531	0.20301	0.11129	0.60018	0.63404	0.74046	0.48805	0.79322	0.68132	0.48327	0.72293	0.83544	0.79821	0.3974	0.37245	0.40851	0.50171	0.58547	0.0	0.7623	0.58174	0.40781	0.43746	0.39427	0.53803	0.28997	0.38343	0.65714	0.71095	0.16026	0.75609	0.57523	0.38054	0.27235	0.86501	0.96374	0.45803	0.41431	0.59523	0.47634	0.2819	0.61764	0.67894	0.69187	0.42498	0.67857	0.37765	0.73852	0.6542	0.0432	0.39925	0.86184	0.6991	0.66369	0.52521	0.5638	0.41181	0.56377	0.68818	0.78144	0.38097	0.44305	0.58384	0.82644	0.8214	0.51305	0.33621	0.74221	0.37992	0.60614	0.23287	0.04867	1.0	0.6843	0.56142	0.38237	0.79381	0.3409	0.29456	0.43172	0.2493	0.5908	0.81956	0.49423	0.74898	0.43362	0.52065	0.51618	0.49078	0.16568	0.50844	0.69211	0.62693	0.05957	0.61225	0.60009	0.52653	0.546	0.55849	0.70029	0.56238	0.55639	0.46888	0.5678	0.10209	0.4755	0.35125	0.83455	0.83405	0.71635	0.79803	0.42472	0.13897	0.07257	0.56615	0.22671	0.28161	0.38134	0.59715	0.5801	0.68588	0.33916	0.55989	0.40611	0.16775	0.48921	0.39762	0.6116	0.67467	0.44014	0.64288	0.16328	0.51411	0.5699	0.65133	0.62699	0.97728	0.74866	0.68235	0.61301	0.46558	0.21391	0.36971	0.62034	0.64196	0.92082	0.33552	0.36663	0.70547	0.44508	0.24446	0.22029	0.53359	0.268	0.5708	0.23375	0.68133	0.36758	0.54823	0.66926	0.53785	0.42035	0.44152	0.75687	0.31216	0.40104	0.59849	0.5948	0.23236	0.6913	0.44973	0.03838	0.57205	0.59372	0.52678	0.38475	0.49939	0.5172	0.48548	0.73086	0.33174	0.27459	0.60913	0.40797	0.43495	0.79516	0.64081	0.95647	0.53641	0.61434	0.67541	0.63523	0.46124	0.48365	0.56678	0.28155	0.28101	0.77809	0.12216	0.0	0.30794	1.0	0.58773	0.4101	0.33315	0.36151	0.8073	0.79417	0.20723	0.53759	0.46587	0.31094	0.84541	0.34296	0.46838	0.51362	0.73074	0.65968	0.48225	0.04925	0.67316	0.52854	0.4534	0.60089	0.25785	0.4429	0.42484	0.23552	0.31153	0.73233	0.70571	0.51388	0.74638	0.55608	0.74021	0.36813	0.3065	0.28626	0.38631	0.38663	0.24558	0.39225	0.31117	0.49485	0.61922	0.63479	0.72829	0.28246	0.4008	0.18778
carp	0.23679	0.69172	0.39309	0.60921	0.43934	0.56471	0.53165	0.64065	0.26702	0.467	0.91886	0.26104	0.63549	0.66739	0.46278	0.83263	0.64486	0.53335	0.52046	0.52527	0.44046	0.39277	0.33318	0.30753	0.13422	0.42872	0.7878	0.99162	0.30442	0.45545	0.83012	0.28993	0.36737	0.49325	0.48766	0.50219	0.6271	0.60445	0.44442	0.7009	0.71364	0.62982	0.34391	0.41415	0.64044	0.2918	0.48091	0.61905	0.55895	0.52537	0.49664	0.2223	0.15368	0.90948	0.54733	0.4261	0.3311	0.29063	0.20626	0.73821	0.64358	0.75281	0.3724	0.324	0.55062	0.43091	0.30711	0.65938	0.30606	0.48043	0.47172	0.35244	0.3048	0.6171	0.71615	0.45773	0.54757	0.50382	0.51629	0.42556	0.54964	0.37754	0.43877	0.47839	0.44122	0.20089	0.40383	0.54787	0.50689	0.58817	0.20586	0.30175	0.74838	0.82131	0.4298	0.29151	0.335	0.70305	0.42679	0.45995	0.39624	0.50179	0.54845	0.40646	0.75613	0.52462	0.34295	0.33201	0.57626	0.5778	0.39854	0.23981	0.70802	0.3605	0.54145	0.62093	0.50311	0.70874	0.45246	0.40449	0.4644	0.44338	0.74259	0.40539	0.61366	0.32029	0.5483	0.15551	0.50808	0.56144	0.36677	0.69885	0.55063	0.52033	0.71583	0.44508	0.85482	0.50217	0.50454	0.53815	0.62908	0.62379	0.63881	0.2209	0.63325	0.43919	0.5725	0.67722	0.64184	0.19149	0.46024	0.63347	0.52027	0.61626	0.28568	0.37659	0.86498	0.36604	0.5777	0.47156	0.78532	0.35134	0.75082	0.3721	0.69225	0.32057	0.7787	0.60464	0.28942	0.31563	0.64243	0.53024	0.27209	0.39954	0.55001	0.48784	0.37034	0.35613	0.62069	0.44337	0.48921	0.21229	0.37978	0.31096	0.6427	0.43002	0.21007	0.41686	0.46571	0.29112	0.55337	0.42425	0.25312	0.07981	0.32252	0.7323	0.84229	0.40868	0.57693	0.44338	0.23617	0.68245	0.34252	0.32969	0.39119	0.54483	0.65851	0.50347	0.76714	0.59511	0.0	0.7248	0.67978	0.48453	0.65522	0.30109	0.46576	0.45237	0.58248	0.45097	0.22811	0.32961	0.36972	0.67439	0.29972	0.31375	0.72703	0.13541	0.56086	0.44501	0.41939	0.73946	0.63662	0.59899	0.42585	0.59531	0.6815	0.43585	0.69429	0.39766	0.84067	0.4196	0.50132	0.23006	0.55667	0.56011	0.98432	0.12555	0.31172	0.6748	0.48266	0.70833	0.60585	0.69978	0.3505	0.01026	0.58741	0.41628	0.64346	0.58051	0.64842	0.45785	0.66953	0.70823	0.66829	0.51369	0.48134	0.55463	0.90301	0.93002	0.15594	0.27311	0.66493	0.40292	0.21998	0.27359	0.87056	0.47678	0.29248	0.54844	0.4319	0.22945	0.82197	0.43044	0.33243	0.608	0.77077	0.37533	0.53527	0.48271	0.54585	0.33285	0.59311	0.2092	0.42927	0.35794	0.46857	0.62851	0.3694	0.7919	0.61676	0.3374	0.0	0.57133	0.61292	0.49677	0.41137	0.55165	0.47064	0.40541	0.58028	0.58096	0.72481	0.53824	0.64791	0.458	0.53389	0.33706	0.63898	0.646	0.33656	0.49007	0.34914	0.39613	0.43159	0.44412	0.28607	0.3495	0.5932	0.54053	0.83974	0.46416	0.56848	0.69559	0.70723	0.60408	0.5953	0.38789	0.94031	0.14007	0.74514	0.5548	0.31397	0.40246	0.60091	0.67092	0.27732	0.49234	0.74478	0.3258	0.15584	0.22172	0.73273	0.68467	0.82778	0.49953	0.6092	0.47864	0.96098	0.52439	0.45216	0.36315	0.33977	0.54017	0.41241	0.40114	0.38181	0.26401	0.40703	0.4776	0.50848	0.24683	0.69674	0.61124	0.38559	0.3348	0.75549	0.81219	0.53401	0.66732	0.28442	0.43586	0.45973	0.37312	0.49581	0.70602	0.78073	0.41867	0.56669	0.45329	0.26764	0.61048	0.68437	0.12451	0.50313	0.79263	0.77966	0.27947	0.59151	0.20917
cat	0.56792	0.33423	0.45079	0.74067	0.38895	0.67118	0.08304	0.41866	0.70995	0.6544	0.63806	0.50621	0.8238	0.30292	0.39596	0.4483	0.68832	0.78064	0.12374	0.52512	0.62468	0.56701	0.52286	0.49177	0.31403	0.40512	0.34145	0.43252	0.52703	0.44364	0.52316	0.46948	0.5264	0.87213	0.42863	0.35135	0.54637	0.51866	0.4952	0.50831	0.61994	0.35592	0.79736	0.72844	0.47354	0.67253	0.42402	0.59359	0.234	0.32313	0.26385	0.48143	0.7265	0.51989	0.30114	0.29363	0.26498	0.81174	0.56455	0.3974	0.62967	0.43104	0.67715	0.8057	0.38331	0.27054	0.60549	0.61714	0.13409	0.60559	0.34194	0.73044	0.34194	0.24968	0.27848	0.61648	0.79326	0.44473	0.53771	0.58815	0.40138	0.32152	0.79839	0.33633	0.82863	0.65681	0.75755	0.48462	0.46081	0.46026	0.79615	0.23866	0.6044	0.712	0.50239	0.64232	0.44538	0.37436	0.52548	0.28617	0.34338	0.61773	0.72758	0.50166	0.16487	0.66099	0.56288	0.39828	0.45926	0.32409	0.60534	0.66581	0.36717	0.7163	0.47479	0.39352	0.21374	0.6773	0.38251	0.5473	0.36446	0.49	0.24809	0.59542	0.84688	0.6624	0.19052	0.36511	0.59324	0.53342	0.38231	0.31256	0.3106	0.64412	0.42971	0.23618	0.77142	0.22486	0.61751	0.62223	0.4794	0.32824	0.71788	0.59134	0.91085	0.36805	0.36811	1.0	0.4809	0.48455	0.75973	0.56491	0.29844	0.35594	0.2407	0.62036	0.70683	0.7104	0.63738	0.59013	0.416	0.60513	0.83509	0.55128	0.48865	0.00969	0.4771	0.74928	0.28073	0.45264	0.51198	0.28765	0.30496	0.33965	0.15802	0.35755	0.50865	0.4504	0.58708	0.45452	0.45342	0.06053	0.5941	0.27796	0.96851	0.4954	0.65416	0.34997	0.35136	0.55929	0.29993	0.60339	0.43769	0.5101	0.54565	0.52004	0.15726	0.48636	0.22789	0.43024	0.3735	0.72524	0.34864	0.78678	0.49162	0.87697	0.53581	0.45853	0.30343	0.80244	0.61904	0.57137	0.50046	0.52122	0.80247	0.61874	0.4358	0.48682	0.64172	0.26826	0.74228	0.4852	0.4682	0.69018	0.71422	0.09133	0.51443	0.26211	0.69126	0.54801	0.52861	0.53007	0.80434	0.63071	0.46792	0.56749	0.47787	0.5226	0.53122	0.71577	0.68212	0.42902	0.19999	0.58712	0.48124	0.74101	0.63934	0.55419	0.52197	0.81762	0.76434	0.55758	0.45472	0.62857	0.55387	0.49628	0.30656	0.64536	0.33082	0.57788	0.6951	0.43794	0.41176	0.32448	0.52099	0.55282	0.43346	0.66724	0.59164	0.29795	0.4468	0.30331	0.37627	0.49925	0.23121	0.68877	0.46742	0.54253	0.47918	0.55019	0.51068	0.64223	0.86021	0.40991	0.67345	0.20099	0.57041	0.5256	0.54587	0.58521	0.39424	0.5866	0.46362	0.46531	0.84757	0.81687	0.44998	0.44659	0.41032	0.71576	0.63758	0.75034	1.0	0.52842	0.24642	0.63456	0.38561	0.4906	0.35847	0.67378	0.32461	0.0	0.74704	0.62297	0.48598	0.35533	0.56338	0.14354	0.53713	0.49071	0.2543	0.49422	0.49977	0.77566	0.18011	0.20723	0.46374	0.45613	0.65749	0.4841	0.47797	0.45649	0.38271	0.657	0.34434	0.52333	0.48982	0.31523	0.68844	0.56374	0.16378	0.54915	0.54769	0.26532	0.27222	0.42662	0.59992	0.38999	0.23888	0.51421	0.13414	0.12513	0.76652	0.43368	0.58028	0.40054	0.3216	0.41033	0.51924	0.60481	0.39368	0.47152	0.66758	0.65375	0.3386	0.42139	0.4542	0.34983	0.25273	0.48262	0.18496	0.48186	0.48646	0.39992	0.71907	0.56429	0.52051	0.4831	0.67418	0.42187	0.2491	0.4406	0.56298	0.53083	0.40169	0.91636	0.34424	0.36101	0.16628	0.41537	0.6974	0.3248	0.51916	0.70101	0.80869	0.62832	0.36866	0.41877	0.66735	0.34234
caterpillar	0.38737	0.5264	0.49312	0.68874	0.70215	0.69026	0.91468	0.52562	0.64692	0.38315	0.42583	0.82497	0.63597	0.36497	0.41508	0.94353	0.47551	0.77787	0.52167	0.30479	0.0	0.32452	0.46982	0.24402	0.32307	0.76487	0.1717	0.66556	0.29691	0.58499	0.75034	0.29624	0.57115	0.59517	0.47487	0.40841	0.27774	0.47111	0.65653	0.57681	0.49961	0.41251	0.69404	0.50864	0.05815	0.28846	0.36405	0.39477	0.22436	0.2091	0.68833	0.16142	0.27996	0.70028	0.70066	0.30392	0.50272	0.4754	0.60824	0.52316	0.48275	0.49898	0.43174	0.6405	0.68498	0.4355	0.52827	0.21136	0.35436	0.37512	0.56555	0.47025	0.5067	0.67581	0.40892	0.39863	0.60113	0.42223	0.44461	0.38296	0.53688	0.62895	0.56027	0.59214	0.76808	0.30033	0.54307	0.25701	1.0	0.70982	0.37727	0.67964	0.4921	0.51218	0.26179	0.67242	0.14062	0.42429	0.47734	0.4529	0.20279	0.29247	0.28426	0.443	0.23092	0.40217	0.6459	0.49342	0.6545	0.53804	0.50579	0.52841	0.46761	0.75497	0.30624	0.75531	0.35394	0.54134	0.44911	0.40598	0.40123	0.42001	0.5272	0.51455	0.42096	0.55436	0.56266	0.45667	0.48679	0.37465	0.80568	0.36965	0.48603	0.55032	0.21097	0.58857	0.61316	0.78381	0.7272	0.46766	0.7038	0.30975	0.70525	0.10018	0.1096	0.26901	0.21178	0.44631	0.43921	0.2446	0.38323	0.437	0.178	0.46326	0.36386	0.56332	0.42614	0.34196	0.56315	0.5045	0.31013	0.479	0.13988	0.61284	0.47558	0.43236	0.69383	0.71342	0.79262	0.28972	0.41539	0.58131	0.32057	0.68736	0.71862	0.62163	0.48375	0.28163	0.44844	0.47056	0.67357	0.28474	0.54283	0.60679	0.88115	0.4467	0.35233	0.24869	0.2137	0.49998	0.4622	0.55621	0.37128	0.60022	0.51114	0.63459	0.3642	0.70595	0.42107	0.4744	0.62032	0.60946	0.76144	0.28214	0.72601	0.54882	0.2072	0.78806	0.8117	0.64848	0.50561	0.47359	0.43454	0.72275	0.49984	0.39346	0.35453	0.6198	0.74785	0.76283	0.48053	0.38268	0.59131	0.51565	0.17379	0.30696	0.47583	0.34369	0.63435	0.39266	0.73491	0.55851	0.72513	0.44222	0.6164	0.51587	0.4531	0.53881	0.54986	0.61401	0.65147	0.24904	0.70021	0.48906	0.63499	0.31484	0.65364	0.1669	0.23617	0.74038	0.69563	0.54664	0.43979	0.46228	0.53069	0.18361	0.40447	0.44297	0.16393	0.32926	0.47957	0.57381	0.3029	0.62239	0.37242	0.75009	0.52691	0.85135	0.65847	0.90255	0.49898	0.64701	0.59002	0.45698	0.52874	0.34209	0.58603	0.50693	0.46225	0.44191	0.62729	0.41121	0.30633	0.7785	0.32073	0.49518	0.75048	0.47894	0.22398	0.75084	0.79538	0.62875	0.43477	0.73769	0.49084	0.47343	0.62864	0.62947	0.62465	0.12854	0.79092	0.28016	0.25087	0.73333	0.56202	0.47799	0.30566	0.31502	0.50265	0.48177	0.5348	0.56165	0.67101	0.93677	0.42947	0.77768	0.83038	0.48317	0.59606	0.46856	0.79979	0.40004	0.22038	0.52752	0.41238	0.47968	0.54451	0.30521	0.33023	0.44745	0.65212	0.61865	0.46962	0.5839	0.67068	0.66189	0.42152	0.77308	0.62685	0.38665	0.63526	0.27655	0.63291	0.57165	0.74025	0.64563	0.44459	0.57652	0.75803	0.29992	0.50279	0.0	0.53796	0.48924	0.36526	0.72908	0.48164	0.53474	0.61013	0.49058	0.33782	0.45205	0.56132	0.37651	0.35711	0.25592	0.70046	0.26794	0.42196	0.50717	0.35041	0.48556	0.74365	0.65027	0.50839	0.35338	0.75909	0.5367	0.58854	0.26513	0.2109	0.44239	0.59023	0.62832	0.32117	0.46466	0.70151	0.34257	0.4266	0.19207	0.43193	0.61825	0.5892	0.30208	0.71511	0.49556	0.50559	0.50324	0.59146	0.51489
catfish	0.59908	0.26729	0.72239	0.24442	0.68943	0.61178	0.80138	0.48601	0.70206	0.47635	0.45116	0.49793	0.84724	0.26568	0.40748	0.58731	0.41523	0.5659	0.4468	0.25307	0.50939	0.23805	0.31368	0.04655	0.51654	0.40865	0.5289	0.70449	0.57734	0.69831	0.60307	0.05737	0.64708	0.6022	0.64241	0.43087	0.34632	0.53356	0.57934	0.52916	0.78804	0.55991	0.62207	0.55656	0.583	0.31539	0.37611	0.58292	0.37989	0.73349	0.19897	0.53012	0.3796	0.52836	0.47698	0.19688	0.61693	0.64458	0.64552	0.67178	0.49812	0.69821	0.29078	0.49582	0.7591	0.29135	0.54345	0.48211	0.73544	0.61036	0.76068	0.33882	0.38984	0.34304	0.25395	0.52338	0.49253	0.67949	0.47541	0.36708	0.61718	0.79801	0.39689	0.49994	0.21897	0.74677	0.50664	0.63459	0.72293	0.1507	0.40882	0.65479	0.64305	0.55762	0.08179	0.52795	0.43478	0.713	0.72786	0.56529	0.44881	0.44622	0.51474	0.71632	0.4163	0.27094	0.38071	0.35086	0.20327	0.35165	0.35575	0.68654	0.60193	0.68656	0.48013	0.56821	0.51077	0.44026	0.68755	0.51238	0.82553	0.20581	0.37186	0.45186	0.30312	0.53233	0.84674	0.49322	0.66088	0.64012	0.62653	0.70222	0.42765	0.20118	0.23457	0.64849	0.74345	0.20755	0.60266	0.76273	0.75641	0.27415	0.54746	0.23524	0.60128	0.37379	0.35288	0.58573	0.12427	0.62295	0.56156	0.51368	0.30448	0.4365	0.74822	0.32874	0.848	0.1737	0.40809	0.47913	0.58709	0.67179	0.55557	0.39807	0.54861	0.76397	0.61085	0.79292	0.67006	0.3042	0.29817	0.73425	0.61364	0.86575	0.35104	0.59482	0.36022	0.73789	0.50952	0.45556	0.59131	0.29112	0.25373	0.61482	0.55123	0.42336	0.19912	0.19966	0.24881	0.47831	0.68723	0.32925	0.29772	0.31057	0.48354	0.68275	0.63245	0.58158	0.59252	0.33845	0.37232	0.42287	0.66535	0.49708	0.61264	0.61525	0.4032	0.50307	0.36134	0.57955	0.93342	0.16301	0.40512	0.66805	0.42348	0.73721	0.32396	0.3268	0.59699	0.40095	0.43816	0.62751	0.53119	0.96077	0.44289	0.61704	0.33645	0.54801	0.4949	0.64289	0.47706	0.36066	0.52871	0.23861	0.49653	0.52901	0.47514	0.24095	0.47119	0.63652	0.38403	0.63305	0.50057	0.7051	0.82587	0.78071	0.57722	0.32591	0.64223	0.67718	0.22777	0.81225	0.501	0.53235	0.23918	0.44473	0.45886	0.49534	0.58647	0.65344	0.6012	0.36856	0.59186	0.4146	0.52374	0.69911	0.19924	0.56888	0.49122	0.50218	0.56273	0.60887	0.38647	0.6744	0.56618	0.33839	0.52225	0.33537	0.55483	0.7973	0.39813	0.35708	0.52629	0.46533	0.55125	0.61727	0.69307	0.44203	0.54315	0.66539	0.74942	0.17135	0.33967	0.52359	0.4327	0.63565	0.50955	0.41072	0.36469	0.25408	0.0	0.42876	0.47517	0.69135	0.18422	0.10491	0.17734	0.40075	0.62826	0.60315	0.51674	0.35289	0.47391	0.74494	0.43695	0.11821	0.53237	0.4065	0.54639	0.78048	0.41409	0.44022	0.47089	0.77372	0.47483	0.42082	0.64879	0.45637	0.41445	0.18811	0.63709	0.53265	0.25156	0.77439	0.43385	0.3601	0.62725	0.47994	0.32493	0.5894	0.91103	0.52399	0.35702	0.32918	0.41983	0.65329	0.62512	0.3776	0.29795	0.51498	0.55761	0.62412	0.59339	0.46803	0.56462	0.58969	0.20639	0.25413	0.37431	0.39707	0.34905	0.42881	0.61409	0.73181	0.63498	0.59218	0.50885	0.41425	0.74455	0.39406	0.18494	0.50059	0.56756	0.40916	0.49939	0.38372	0.39329	0.29418	0.47346	0.51824	0.41923	0.77629	0.44306	0.56023	0.25874	0.46441	0.53809	1.0	0.39596	0.56215	0.44751	0.27288	0.33165	0.34442	0.81326	0.59628	0.47967	0.00106	0.68599	0.37934
centipede	0.22574	0.74495	0.5809	0.60959	0.23622	0.1616	0.36656	0.37748	0.5674	0.47386	0.4792	0.46701	0.55845	0.73552	0.57038	0.75934	0.76561	0.64815	0.41663	0.54149	0.20308	0.42005	0.56804	0.37917	0.55895	0.78114	0.54558	0.86267	0.72264	0.61626	0.85769	0.45206	0.26225	0.52869	0.56943	0.52725	0.47478	0.45465	0.56214	0.5215	0.51654	0.47012	0.04506	0.6898	0.58609	0.63806	0.55241	0.5199	0.79193	0.53317	0.45951	0.12776	0.27858	0.70808	0.62337	0.50845	0.47362	0.40067	0.67966	0.58546	0.50994	0.51915	0.7565	0.42347	0.26779	0.61803	0.22485	0.46023	0.13144	0.53929	0.85646	0.20143	0.34813	0.13612	0.40184	0.86017	0.63788	0.26377	0.35329	0.64017	0.4543	0.40941	0.49086	0.72229	0.28857	0.40422	0.52613	0.35277	0.63918	0.74206	0.56018	0.64145	0.29161	0.52158	0.35814	0.64838	0.25387	0.46784	0.32547	0.54574	0.26483	0.2869	0.14546	0.51001	0.71789	0.44666	0.74375	0.74842	0.79683	0.47144	0.24808	0.31687	0.2661	0.58609	0.58288	0.72567	0.63063	0.56407	0.21948	0.56123	0.23504	0.35339	0.53691	0.4628	0.93746	0.53651	0.63179	0.57495	0.75992	0.30415	0.46578	0.6477	0.50705	0.3678	0.07047	0.47616	0.69125	0.57568	0.58909	0.51462	0.56276	0.63531	0.34096	0.492	0.43885	0.51273	0.50128	0.20717	0.29187	0.24428	0.40906	0.58952	0.32661	0.44797	0.11346	0.58497	0.36087	0.2346	0.36288	0.50508	0.45771	0.50161	0.25454	0.33757	0.31136	0.64696	0.77654	0.49752	0.77501	0.61206	0.18564	0.38744	0.29625	0.52255	0.33391	0.59391	0.29592	0.54214	0.53028	0.47826	0.0	0.2565	0.50642	0.60256	0.57404	0.51701	0.41495	0.01482	0.2878	0.55004	0.40946	0.45237	0.65779	0.6445	0.3931	0.34228	0.61976	0.58247	0.56366	0.56571	0.50419	0.45989	0.65433	0.69437	0.67636	0.68803	0.43825	0.54975	0.01986	0.63958	0.25435	0.60547	0.39238	0.38529	0.47403	0.26066	0.67422	0.33807	0.37949	0.45508	0.35785	0.54017	0.70908	0.6311	0.57536	0.38135	0.60737	0.45569	0.72668	0.44608	0.84611	0.40396	0.41784	0.18963	0.53941	0.19607	0.46667	0.61341	0.78424	0.52265	0.40967	0.31792	0.74824	0.41368	0.32989	0.82815	0.53435	0.51284	0.1971	0.57034	0.51657	0.46011	0.46909	0.56819	0.63614	0.31178	0.39339	0.33013	0.36475	0.3836	0.46591	0.54164	1.0	0.31233	0.58696	0.73822	0.61922	0.67274	0.82603	0.67765	0.44305	0.64026	0.51286	0.82664	0.26976	0.70508	0.46757	0.2949	0.5098	0.21359	0.48598	0.66729	0.69842	0.64781	0.45436	0.61016	0.57075	0.60802	0.43277	0.32451	0.26343	0.60298	0.53129	0.4536	0.55955	0.53028	0.62028	0.6105	0.75894	0.44518	0.68343	0.75817	0.1698	0.61173	0.57761	0.6239	0.38846	0.42745	0.46786	0.67724	0.55295	0.37304	0.27859	0.48378	0.32679	0.73744	0.63356	0.74956	0.82614	0.59499	0.42179	0.40819	0.40998	0.41203	0.62911	0.83571	0.31792	0.54583	0.97282	0.3714	0.86564	0.36885	0.5908	0.38157	0.23484	0.52513	0.8261	0.45579	0.71968	0.34032	0.49783	0.57617	0.41719	0.55856	0.36892	0.62386	0.73337	0.78982	0.4399	0.27979	0.80335	0.31466	0.64328	0.48898	0.67153	0.39531	0.3482	0.28144	0.68138	0.67082	0.77273	0.11476	0.37519	0.33658	0.58948	0.23608	0.6307	0.38676	0.56661	0.55639	0.52874	0.80569	0.85446	0.24568	0.6196	0.43382	0.92215	0.67238	0.60908	0.3223	0.57783	0.59104	0.4139	0.54865	0.31983	0.5993	0.35582	0.15191	0.16612	0.46421	0.33406	0.51766	0.09473	0.3418	0.79541	0.58703	0.52398	0.41679	0.52774	0.19166
chameleon	0.76238	0.25873	0.6405	0.59869	0.52593	0.80287	0.62441	0.32709	0.50515	0.46538	0.5574	0.61798	0.50535	0.64657	0.45238	0.45044	0.37675	0.41816	0.88364	0.32538	0.4522	0.57212	0.49591	0.59863	0.44119	0.64843	0.07582	0.62073	0.19852	0.64155	0.39497	0.58254	0.70999	0.71776	0.81453	0.53388	0.36863	0.5386	0.61108	0.12631	0.78565	0.51816	0.4423	0.53101	0.32822	0.29923	0.55444	0.61876	0.59347	0.46657	0.28593	0.43963	0.0	0.25691	0.58005	0.53816	0.85836	0.56509	0.61225	0.27848	0.45151	0.6556	0.46935	0.54999	0.6654	0.60452	0.6156	0.55766	0.9114	0.77995	0.50862	0.54231	0.05767	0.47644	0.27799	0.32871	0.55337	0.39736	0.47295	0.64245	0.2141	0.61684	0.28189	0.21888	0.77442	0.43767	0.64984	0.47606	0.55656	0.33836	0.41004	0.4699	0.57425	0.62677	0.23287	0.31224	0.319	0.63792	0.57975	0.63442	0.31991	0.64039	0.83503	0.51602	0.88	0.50251	0.521	0.71494	0.57698	0.68392	0.57073	0.64379	0.58078	0.72041	0.45948	0.595	0.52148	0.67303	0.5122	0.37989	0.62532	0.34804	0.37133	0.75149	0.15996	0.55998	0.68381	0.74435	0.41057	0.4791	0.7446	0.35437	0.35148	0.97568	0.726	0.37141	0.26394	0.6187	0.57493	0.74588	0.33945	0.56963	0.32898	0.19719	0.09989	0.48889	0.42658	0.51433	0.44826	0.25723	0.41737	0.33765	0.42783	0.23655	0.5341	0.63278	0.48093	0.20412	0.46913	0.53077	0.60976	0.26415	0.42245	0.19636	0.02354	0.37225	0.75616	0.51273	0.45291	0.44916	0.54824	0.58011	0.56611	0.51322	0.53048	0.23202	0.23897	0.42014	0.50813	0.60165	0.70595	0.05616	0.68513	0.62678	0.40552	0.28645	0.47003	0.58911	0.30029	0.62934	0.47926	0.29552	0.80098	0.35138	0.45304	0.57215	0.08058	0.20774	0.58183	0.18791	0.37569	0.22787	0.46389	0.57191	0.53279	0.66637	0.45044	0.65379	0.37098	0.67016	0.68831	0.34521	0.55558	0.0	0.58912	0.38732	0.52847	0.43039	0.28355	1.0	0.15634	0.84603	0.77098	0.51789	0.52286	0.73413	0.85564	0.51058	0.38504	0.57486	0.49779	0.77482	0.31656	0.52927	0.74003	0.2606	0.40137	0.33466	0.47114	0.24883	0.51522	0.7123	0.57739	0.07387	0.63921	0.43491	0.5293	0.33143	0.45978	0.54185	0.2901	0.54999	0.56291	0.83842	0.23278	0.30809	0.42358	0.9179	0.77516	0.26348	0.47055	0.26633	0.97758	0.67692	0.0	0.58656	0.47472	0.92104	0.7153	0.4118	0.61366	0.74026	0.5063	0.9599	0.18148	0.23677	0.33402	0.6242	0.63007	0.60716	0.36992	0.61072	0.51318	0.25988	0.46021	0.30831	0.75555	0.67484	0.54713	0.31682	0.06177	0.36859	0.54294	0.53307	0.46175	0.20898	0.48028	0.65798	0.3144	0.40246	0.67273	0.44516	0.30172	0.16186	0.8061	0.3739	0.72544	0.58421	0.40679	0.6526	0.88326	0.69005	0.77493	0.34707	0.20957	0.73741	0.33283	0.82778	0.24754	0.61049	0.62107	0.54277	0.32936	0.98315	0.44895	0.76223	0.46238	0.35047	0.41708	0.44797	0.51605	0.38663	0.30191	0.34646	0.7057	0.79416	0.49588	0.79195	0.60641	0.5247	0.81277	0.07705	0.64921	0.19444	0.0	0.36497	0.10229	0.57895	0.43156	0.61093	0.58192	0.58946	0.42271	0.22504	0.51914	0.5329	0.30356	0.68557	0.55759	0.61609	0.47301	0.53551	0.76778	0.4551	0.37398	0.48879	0.63772	0.4008	0.30421	0.49378	0.44219	0.32388	0.27153	0.63551	0.44459	0.59844	0.367	0.55849	0.53023	0.45929	0.48448	0.29589	0.72945	0.629	0.48673	0.5957	0.34518	0.5928	0.33303	0.53958	0.80382	0.69668	0.68208	0.49904	0.88858	0.68208	0.47033	0.10895	0.3848	0.30908
chicken	0.61452	0.29161	0.27751	0.49312	0.70623	0.27449	0.18095	0.76327	0.48291	0.67287	0.51212	0.56066	0.59667	0.27803	0.48161	0.60723	0.60321	0.54032	0.50632	0.35721	0.46548	0.62289	0.61062	0.60726	0.41001	0.48608	0.65799	0.4835	0.278	0.19693	0.55676	0.45913	0.61643	0.72916	0.69953	0.55506	0.62218	0.46981	0.17446	0.29559	0.78294	0.53647	0.5727	0.53293	0.58696	0.49408	0.66336	0.82628	0.6204	0.79959	0.34141	0.76458	0.55779	0.44242	0.40467	0.10944	0.48381	0.27274	0.46199	0.44677	0.46725	0.61383	0.80442	0.6484	0.31682	0.19125	0.23453	0.56197	0.58933	0.42114	0.53261	0.45647	0.53645	0.33076	0.60814	0.52287	0.6661	0.53405	0.20461	0.78557	0.42749	0.66656	0.46697	0.52284	0.43899	0.79769	0.40902	0.0	0.63274	0.55105	0.71025	0.40468	0.23706	0.49987	0.46541	0.45347	0.38137	0.658	0.58861	0.4179	0.64583	0.35986	0.60654	0.56667	0.45995	0.28027	0.62422	0.52261	0.48992	0.38236	0.84686	0.51327	0.34847	0.54082	0.89266	0.56399	0.69862	0.28196	0.58846	0.31906	0.42043	0.1492	0.38591	0.43018	0.51727	0.23198	0.71364	0.57479	0.56519	0.52288	0.63924	0.46919	0.46066	0.67925	1.0	0.69257	0.65959	0.0	0.64996	0.4535	0.40171	0.45054	0.53815	0.42771	0.43362	0.35119	0.42838	0.40179	0.36865	0.48486	0.74234	0.56413	0.39688	0.24772	0.42049	0.22425	0.10409	0.37073	0.58346	0.42952	0.22432	0.41003	0.32931	0.69191	0.58671	0.45806	0.46287	0.40484	0.44431	0.40703	0.40191	0.7049	0.45716	0.64493	0.66819	0.98023	0.18377	0.62085	0.4663	0.11976	0.42496	0.66903	0.74464	0.72522	0.24696	0.31015	0.53491	0.27388	0.93789	0.64906	0.0	0.51449	0.69484	0.49169	0.62077	0.37798	0.78443	0.80342	0.26492	0.39714	0.85412	0.43691	0.70024	0.63078	0.27209	0.54559	0.23544	0.0639	0.55763	0.39768	0.59272	0.39026	0.43975	0.39964	0.28687	0.46317	0.34187	0.91036	0.64572	0.49791	0.39221	0.01052	0.37076	0.75314	0.53276	0.48504	0.51688	0.43029	0.60018	0.4412	0.46669	0.56763	0.62042	0.48485	0.70279	0.38343	0.68815	0.82255	0.72333	0.41204	0.37013	0.54593	0.39496	0.42634	0.72776	0.33744	0.35909	0.50854	0.50893	0.4528	0.43236	0.62849	0.53809	0.56795	0.52654	0.38357	0.66696	0.28856	0.34132	0.26331	0.51649	0.47348	0.37293	0.47507	0.78396	0.59172	0.5609	0.32058	0.41829	0.20863	0.61909	0.38775	0.69982	0.29719	0.59088	0.52271	0.24739	0.54481	0.69908	0.74736	0.56742	0.49415	0.6613	0.68219	0.38794	0.69604	0.42485	0.21585	0.55758	0.51728	0.56862	0.38909	0.59841	0.6611	0.50964	0.38324	0.0	0.46892	0.69858	0.55779	0.65005	0.69126	0.40802	0.07296	0.50068	0.37465	0.3781	0.42739	0.37633	0.60755	0.07568	0.22009	0.72192	0.73014	0.45342	0.54328	0.35359	0.39969	0.77825	0.50655	0.51924	0.25688	0.79943	0.35387	0.72749	0.39934	0.58065	0.17668	0.44201	0.30743	1.0	0.44942	0.71278	0.30794	0.5074	0.55702	0.18925	0.50146	1.0	0.54765	0.16349	0.71896	0.75811	0.44829	0.84756	0.48541	0.68058	0.46863	0.53963	0.42787	0.45899	0.64114	0.52533	0.66925	0.70638	0.47198	0.33842	0.8913	0.44187	0.75097	0.30013	0.45788	0.58806	0.58799	0.64002	0.40073	0.51809	0.56392	0.32568	0.89858	0.53257	0.59474	0.6351	0.82771	0.50216	0.30219	0.50366	0.29187	0.45627	0.64311	0.14044	0.60882	0.29994	0.03828	0.35961	0.12549	0.5645	0.79571	0.59606	0.56006	0.71986	0.35195	0.71761	0.62744	0.29541	0.35776	0.50861	0.44722	0.29676	0.29158
chimpanzee	0.44154	0.22931	0.2366	0.53692	0.52311	0.68381	0.76086	0.41264	0.31608	0.69169	0.41356	0.50944	0.45012	0.25216	0.43797	0.55824	0.44436	0.11644	0.25246	0.52899	0.35359	0.77471	0.54884	0.40725	0.63363	0.75314	0.78528	0.41439	0.44126	0.46422	0.79958	0.49133	0.60002	0.79941	0.67543	0.50669	0.4056	0.35488	0.06094	0.60145	0.69934	0.46346	0.63623	0.60825	0.43228	0.39527	0.67121	0.52375	0.5775	0.69345	0.41334	0.83341	0.42503	0.40884	0.44437	0.25817	0.76199	0.49996	0.4169	0.2711	0.51222	0.71504	0.54563	0.94421	0.42497	0.49946	0.43316	0.49945	0.43062	0.74003	0.61739	0.40057	0.29735	0.62147	0.72744	0.04294	0.63299	0.49743	0.46523	0.69266	0.53605	0.84816	0.41532	0.3416	0.80393	0.84775	0.25683	0.29673	0.89268	0.72148	0.47734	0.49272	0.23614	0.41667	0.51996	0.43374	0.36721	0.78552	0.58252	0.05663	0.46345	0.46613	0.6024	0.49258	0.64941	0.51566	0.49391	0.7301	0.66791	0.50234	0.61362	0.37269	0.42454	0.58664	0.77433	0.47888	0.43826	0.2807	0.37056	0.52965	0.33542	0.19914	0.73317	0.29929	0.4021	0.33587	0.71112	0.3335	0.53358	0.47764	0.48823	0.33375	0.27854	0.48763	0.80641	0.83944	0.5487	0.15664	0.53287	0.52162	0.34726	0.34136	0.5213	0.34386	0.55902	0.37359	0.51703	0.31437	0.124	0.39016	0.37167	0.52675	0.48375	0.27261	0.58067	0.40253	0.24937	0.67344	0.7861	0.54305	0.20523	0.72748	0.73476	0.46631	0.73994	0.49697	0.50665	0.62641	0.23628	0.34235	0.61832	0.6028	0.50762	0.59535	0.47676	0.76651	0.51703	0.64347	0.524	0.30378	0.69058	0.38588	0.67571	0.53926	0.36163	0.5129	0.57021	0.12262	0.85182	0.31647	0.23833	0.46762	0.56968	0.40209	0.75429	0.56331	0.60359	0.64235	0.24503	0.55854	0.75536	0.36399	0.60335	0.6347	0.39073	0.65802	0.37081	0.23305	0.80754	0.04798	0.58926	0.32241	0.42798	0.51858	0.41056	0.32239	0.28843	0.62	0.61015	0.42453	0.57832	0.31478	0.65424	0.75501	0.35099	0.38697	0.4363	0.42426	0.66105	0.53583	0.53112	0.80979	0.68131	0.82696	0.61292	0.43193	0.45466	0.49416	0.41751	0.48165	0.42602	0.32693	0.55129	0.39064	0.60705	0.17462	0.24972	0.40508	0.5255	0.43913	0.45412	0.80085	0.48657	0.69605	0.61775	0.3364	0.65066	0.46867	0.26215	0.382	0.57975	0.36662	0.2107	0.53519	0.4785	0.53783	0.57837	0.27644	0.36032	0.36236	0.60589	0.35013	0.37032	0.39581	0.51411	0.57988	0.64631	0.39552	0.56065	0.49641	0.34864	0.41232	0.48632	0.46954	0.329	0.67771	0.61313	0.34696	0.78591	0.26905	0.52545	0.44775	0.63763	0.79753	0.34994	0.35127	0.48932	0.3813	0.80368	0.56113	0.47265	0.95695	0.52353	0.12916	0.40405	0.45611	0.64912	0.55413	0.29548	0.32288	0.39816	0.223	0.42873	0.47555	0.28024	0.63177	0.29875	0.1904	0.66948	0.60842	0.21154	0.60158	0.60243	0.41639	0.7317	0.32504	0.76303	0.44096	0.69448	0.19278	0.82937	0.19094	0.66025	0.66385	0.46982	0.50683	0.0	0.56478	0.74561	0.4573	0.39168	0.69773	0.7894	0.47905	0.66751	0.49037	0.66089	0.62843	0.84367	0.48902	0.51786	0.76659	0.49007	0.57957	0.29082	0.43033	0.39656	0.77606	0.28901	0.60095	0.51373	0.31534	0.62456	0.85419	0.56658	0.47094	0.42527	0.58814	0.68622	0.70082	0.77106	0.2478	0.6907	0.6507	0.6471	0.10109	0.30515	0.46065	0.48427	0.71723	0.21982	0.71717	0.57156	0.62368	0.41589	0.27851	0.47859	0.57493	0.32312	0.65805	0.97282	0.18245	0.5837	0.78258	0.098	0.36155	0.57926	0.54357	0.06356	0.13514
chipmunk	0.54982	0.50683	0.73987	0.50168	0.69961	0.6639	0.58564	0.51393	0.52528	0.49364	0.33764	0.57511	0.57571	0.13328	0.66138	0.73612	0.45071	0.636	0.55286	0.12982	0.35336	0.63165	0.60668	0.39072	0.55879	0.67951	0.1969	0.68056	0.40845	0.4355	0.45891	0.43835	0.58126	0.80014	0.62164	0.43722	0.50695	0.57507	0.51084	0.17364	0.64834	0.44489	0.78106	0.24337	0.59418	0.63203	0.67298	0.49873	0.3848	0.65829	0.36012	0.28634	0.13191	0.36745	0.56059	0.37719	0.23359	0.39078	0.25601	0.38139	0.44693	0.54412	0.68541	0.72475	0.58272	0.5269	0.3651	0.5647	0.55132	0.46896	0.69591	0.56295	0.4904	0.66002	0.4365	0.34876	0.87059	0.50241	0.45272	0.36068	0.47904	0.46337	0.42107	0.43901	0.48387	0.32855	0.7175	0.58879	0.82921	0.53734	0.51895	0.53267	0.76963	0.32654	0.43262	0.15884	0.23555	0.77189	0.50208	0.59493	0.40389	0.68573	0.61405	0.50986	0.26019	0.32819	0.44881	0.75414	0.63042	0.53226	0.58752	0.46263	0.70044	0.76459	0.39647	0.28128	0.54662	0.72919	0.37269	0.66686	0.38267	0.4912	0.18847	0.38624	0.33117	0.75866	0.52234	0.57068	0.52783	0.54503	0.5192	0.60935	0.12519	0.63471	0.44156	0.61286	0.36342	0.1035	0.93044	0.37812	0.67965	0.61742	0.78409	0.68543	0.33942	0.11521	0.27251	0.51517	0.68083	0.39599	0.4227	0.44695	0.77389	0.2897	0.70705	0.30182	0.08114	0.38505	0.55513	0.71842	0.71249	0.75034	0.36701	0.49289	0.2076	0.37571	0.71249	0.62203	0.48401	0.4026	0.46338	0.81268	0.49424	0.65923	0.25058	0.46242	0.47556	0.34937	0.40365	0.25196	0.33263	0.24603	0.73207	0.68533	0.79955	0.33884	0.26276	0.59545	0.13258	0.80647	0.39144	0.66888	0.47103	0.46974	0.1155	0.60052	0.53795	0.66567	0.11188	0.73356	0.4709	0.53956	0.49789	0.81778	0.51825	0.71001	0.60679	0.39716	0.43053	0.65076	0.36692	0.10018	0.63762	0.31421	0.66317	0.49069	0.18491	0.75171	0.59949	0.7013	0.41318	0.41618	0.65938	0.55166	0.35514	0.43988	0.47308	0.32119	0.67708	0.46985	0.50531	0.56596	0.45173	0.39604	0.52167	0.64266	0.44938	0.21192	0.46966	0.26062	0.53211	0.35953	0.81477	0.13395	0.87098	0.47735	0.24963	0.55292	0.58446	0.75266	0.48249	0.62855	0.59821	0.83019	0.80601	0.55557	0.41639	0.28778	0.35069	0.45857	0.74212	0.53489	0.53356	0.19785	0.46678	0.55815	0.42557	0.89147	0.52389	0.91155	0.80245	0.65928	0.52804	0.4963	0.66875	0.82531	0.60044	0.37976	0.53826	0.34794	0.12135	0.39071	0.77723	0.40131	0.36776	0.11136	0.63069	0.31483	0.24073	0.49642	0.22482	0.23408	0.41249	0.706	0.43096	0.36062	0.56764	0.58713	0.89339	0.20234	0.39253	0.74273	0.46668	0.4027	0.48251	0.26122	0.2314	0.2881	0.46023	0.35564	0.32093	0.51254	0.57748	0.69695	0.47474	0.35775	0.4317	0.537	0.36363	0.31146	0.66558	0.48082	0.44084	0.50936	0.41885	0.37836	0.71095	0.43329	0.17047	0.66669	0.68698	0.61982	0.48041	0.42928	0.38444	0.53246	0.55528	0.4482	0.30417	0.51499	0.85347	0.85142	0.33599	0.20151	0.63933	0.60104	0.60716	0.39567	0.58178	0.4376	0.45985	0.33172	0.15717	0.63638	0.62994	0.49857	0.62426	0.69144	0.89261	0.79799	0.52077	0.61565	0.83409	0.74641	0.30102	0.62713	0.45838	0.42668	0.40055	0.45501	0.46544	0.47856	0.63959	0.3722	0.32676	0.55546	0.57284	0.38037	0.60302	0.34147	0.41916	0.46269	0.52005	0.66638	0.6185	0.66025	0.46418	0.68244	0.50324	0.31465	0.44254	0.28713	0.4671	0.27601	0.63298	0.53456	0.62009	0.17326	0.36284	0.5293
clown_fish	0.21785	0.89316	0.51617	0.53794	0.76552	0.57786	0.15428	0.47744	0.63679	0.63594	0.75105	0.58176	0.44879	0.5664	0.65067	0.24763	0.40697	0.4225	0.25682	0.27445	0.60415	0.7304	0.48473	0.0	0.33664	0.57235	0.85035	1.0	0.48213	0.55475	0.52101	0.50325	0.81899	0.38611	0.50025	0.67476	0.63715	0.65519	0.22215	0.69671	0.49911	0.26687	0.43849	0.53443	0.45724	0.37261	0.66038	0.38794	0.58364	0.85064	0.55578	0.34164	0.04012	0.77519	0.53115	0.29274	0.47863	0.47288	0.58302	0.10387	0.48221	0.78565	0.45682	0.88103	0.25829	0.31004	0.35622	0.43669	0.50175	0.43001	0.61827	0.23189	0.49948	0.28721	0.19706	0.48646	0.66121	0.32101	0.1413	0.30897	0.48338	0.75566	0.52978	0.66198	0.38885	0.44729	0.54001	0.48148	0.76688	0.61816	0.48524	0.72569	0.52089	0.45442	0.39423	0.79214	0.21871	0.48392	1.0	0.60579	0.53038	0.37414	0.52523	0.65765	0.40103	0.23294	0.77486	0.61136	0.40945	0.21918	0.36759	0.18183	0.30443	0.78499	0.6268	0.88834	0.60879	0.48337	0.21268	0.25643	0.25508	0.40606	0.39004	0.60014	0.72772	0.63751	0.67169	0.40679	0.54505	0.42402	0.49066	0.63051	0.55195	0.12078	0.5204	0.78403	0.47853	0.73272	0.79371	0.3536	0.70239	0.64938	0.5066	0.42551	0.36089	0.32691	0.52566	0.46052	0.57051	0.28613	0.36706	0.35804	0.3236	0.27578	0.36023	0.44925	0.41798	0.72209	0.36014	0.53214	0.59796	0.42373	0.30753	0.69478	0.12006	0.56885	0.88118	0.56672	0.48421	0.56758	0.25461	0.73169	0.27474	0.61121	0.42554	0.75801	0.53601	0.35445	0.42227	0.30718	0.69549	0.53176	0.89725	0.55975	0.13133	0.36263	0.2213	0.40646	0.63796	0.47958	0.22558	0.21374	0.46425	0.30348	0.75679	0.80076	0.38867	0.4485	0.36221	0.32563	0.68261	0.33614	0.62128	0.38988	0.70159	0.6548	0.12836	0.44977	0.83696	0.70504	0.30697	0.35106	0.59336	0.41309	0.4827	0.21229	0.52679	0.45953	0.36586	0.52703	0.59591	0.5932	0.59885	0.53093	0.49183	0.31669	0.3662	0.41994	0.79662	0.39675	0.8241	0.38018	0.78483	0.1548	0.49112	0.3081	0.42705	0.65908	0.49727	0.53809	0.54159	0.32876	0.78217	0.64214	0.70091	0.25829	0.48734	0.58844	0.58236	0.59754	0.45827	0.19267	0.29454	0.37252	0.56127	0.47854	0.44099	0.54191	0.38008	0.76553	0.79471	0.4876	0.41027	0.81772	0.40815	0.69062	0.4215	0.01958	0.64362	0.39451	0.26237	0.73976	0.47571	0.67275	0.22585	0.50228	0.24601	0.52982	0.4131	0.4742	0.81302	0.30411	0.66119	0.41458	0.3881	0.60386	0.59041	0.02004	0.55147	0.48595	0.3515	0.37537	0.79515	0.14787	0.59045	0.48793	0.10077	0.4589	0.57282	0.48629	0.51336	0.39984	0.60546	0.44182	0.3387	0.39835	0.45313	0.50207	0.16287	0.63391	0.16296	0.46486	0.76415	0.55003	0.5525	0.37743	0.58122	0.55179	0.62254	0.30896	0.43903	0.79555	0.2042	0.57535	0.51672	0.41067	0.44361	0.68935	0.50494	0.19537	0.73166	0.42966	0.67781	0.40927	0.46777	0.64262	0.5642	0.73797	0.54446	0.67457	0.75843	0.61613	0.71342	0.37188	0.64307	0.7198	0.54751	0.50007	0.49997	0.90872	0.57324	0.67375	0.32759	0.76723	0.44055	0.38898	0.41199	0.5035	0.87642	0.62949	0.34072	0.49721	0.42726	0.56528	0.46487	0.3197	0.6459	0.42855	0.53574	0.7462	0.54517	0.52884	0.23697	0.35124	0.70035	0.472	0.54571	0.58578	0.67487	0.52092	0.22624	0.26236	0.39441	0.70176	0.56201	0.45716	0.61912	0.52903	0.5744	0.55632	0.27095	0.59174	0.51303	0.44114	0.66649	0.20524	0.64343	0.59387	0.57708	0.39981
cockroach	0.55403	0.40796	0.43352	0.58014	0.64502	0.32967	0.46213	0.80445	0.50341	0.76748	0.28124	0.40228	0.55451	0.49279	0.68145	0.58654	0.60964	0.69428	0.12027	0.29735	0.54525	0.54585	0.61013	0.33494	0.39262	0.51222	0.21062	0.61911	0.34636	0.45056	0.19717	0.57485	0.48517	0.3656	0.37932	0.78138	0.37398	0.40785	0.29571	0.46086	0.45995	0.33316	0.65035	0.75823	0.3894	0.60433	0.78857	0.44489	0.64116	0.66969	0.4606	0.42265	0.13594	0.71612	0.45787	0.23544	0.46792	0.40022	0.13409	0.20115	0.41161	0.42586	0.47672	0.65561	0.42376	0.44744	0.65662	0.64687	0.31757	0.50173	0.61676	0.51566	0.51581	0.33274	0.65457	0.50534	0.85166	0.4857	0.28172	0.6207	0.59601	0.68955	0.83807	0.66773	0.41965	0.74323	0.53701	0.1028	0.6816	0.7923	0.68806	0.5268	0.34243	0.68709	0.52379	0.53727	0.36899	0.59186	0.54288	0.41033	0.61699	0.23429	0.28122	0.60529	0.52245	0.54198	0.76799	0.86704	0.75266	0.36973	0.92666	0.42779	0.58016	0.39784	0.48875	0.46386	0.64149	0.60903	0.28937	0.36203	0.39041	0.28371	0.1183	0.39448	0.38855	0.73646	0.68705	0.5468	0.4697	0.58544	0.44757	0.50893	0.32667	0.65775	0.48723	0.85329	0.50527	0.36515	0.70257	0.39695	0.86239	0.79232	0.82276	0.45114	0.55544	0.30535	0.41177	0.42365	0.46082	0.30781	0.3992	0.72845	0.65442	0.14014	0.40735	0.3141	0.25516	0.64505	0.75834	0.53795	0.53413	0.6265	0.04242	0.47154	0.27658	0.34693	0.43243	0.23558	0.49594	0.45658	0.70187	0.74135	0.57297	0.72207	0.55172	1.0	0.25148	0.54691	0.53336	0.72409	0.47345	0.47211	0.79386	0.61687	0.24552	0.52403	0.25416	0.44962	0.46808	0.30016	0.1718	0.64377	0.20638	0.34513	0.83337	0.23232	0.4318	0.71984	0.17557	0.44003	0.34071	0.43349	0.46615	0.66214	0.16027	0.76814	0.27873	0.311	0.64299	0.2132	0.37079	0.24522	0.26244	0.34594	0.27731	0.45891	0.39258	0.91571	0.47151	0.49413	0.69965	0.02408	0.39623	0.35055	0.39206	0.33501	0.38935	0.54439	0.49968	0.2575	0.56208	0.25379	0.66326	0.28453	0.51067	0.63272	0.73905	0.56646	0.60676	0.51495	0.52113	0.3434	0.61371	0.44391	0.71705	0.56913	0.40128	0.42054	0.51452	0.51835	0.24411	0.17308	0.32515	0.71606	0.38922	0.6388	0.4835	0.23887	0.5714	0.58275	0.42441	0.43188	0.7011	0.20305	0.5256	0.84918	0.44186	0.28803	0.70804	0.11632	0.6449	0.66211	0.57812	0.32649	0.60961	0.38081	0.39622	0.46924	0.63224	0.42526	0.63353	0.47974	0.98847	0.60107	0.2028	0.31989	0.66048	0.23459	0.49233	0.60021	0.53498	0.54755	0.72357	0.55869	0.55906	0.36717	0.43769	0.43188	0.60175	0.43249	0.34518	0.43937	0.5016	0.40034	0.48245	0.50839	0.59917	0.30955	0.5044	0.40771	0.14545	0.562	0.72893	0.32113	0.5695	0.71505	0.42467	0.43946	0.82385	0.41674	0.68782	0.52892	0.74415	0.46253	0.51889	0.51703	0.7012	0.54123	0.67094	0.18142	0.69561	0.2623	0.51763	0.44137	0.6411	0.36801	0.33349	0.67574	0.69236	0.69097	0.20131	0.46868	1.0	0.52901	0.60691	0.65272	0.46365	0.43291	0.58058	0.5305	0.21318	0.88654	0.59948	0.45836	0.67063	0.30938	0.74223	0.38085	0.49835	0.54668	0.48834	0.58534	0.89203	0.46935	0.33604	0.62352	0.18874	0.44445	0.3405	0.8685	0.37407	0.86854	0.68022	0.6397	0.73883	0.90449	0.45283	0.59763	0.22647	0.60623	0.22464	0.604	0.42634	0.50325	0.64564	0.4886	0.65841	0.77396	0.32265	0.49888	0.52279	0.38078	0.47407	0.52088	0.39116	0.20796	0.47506	0.50327	0.31727	0.40484
cod	0.47284	0.44343	0.52096	0.63724	0.44143	0.41785	0.0	0.29072	0.57697	0.41368	0.62456	0.67758	0.67903	0.20423	0.59084	0.68963	0.50548	0.65817	0.33776	0.28636	0.32285	0.56395	0.51835	0.36401	0.60665	0.4932	0.50154	0.76675	0.344	0.41406	0.37494	0.33209	0.40022	0.24977	0.50959	0.68323	0.48181	0.60853	0.74711	0.42885	0.7332	0.6618	0.95234	0.49933	0.39919	0.35546	0.59366	0.2578	0.25432	0.08793	0.29017	0.16387	0.26359	0.83433	0.3773	0.38473	0.37079	0.41531	0.33885	0.58133	0.44267	0.60513	0.57188	0.59165	0.42305	0.45521	0.32356	0.3514	0.4253	0.34676	0.57518	0.52681	0.52906	0.50175	0.02086	0.17978	0.69462	0.49322	0.257	0.32122	0.55226	0.69664	0.67714	1.0	0.30513	0.24403	0.42021	0.42596	0.89202	0.61935	0.18632	0.5923	0.50791	0.60031	0.21229	0.63334	0.24701	0.14379	0.80971	0.66659	0.31168	0.49855	0.66866	0.46199	0.28648	0.52231	0.50062	0.51164	0.69502	0.30319	0.38857	0.39542	0.52345	0.36681	0.65016	0.6116	0.54667	0.22136	0.47546	0.54167	0.28295	0.52107	0.59118	0.56508	0.50055	0.45537	0.57507	0.52388	0.78158	0.23835	0.66237	0.36173	0.40861	0.21368	0.29442	0.5419	0.69189	0.74782	0.86986	0.4132	0.22252	0.62383	0.70936	0.514	0.51552	0.55686	0.37925	0.49718	0.64348	0.55622	0.07891	0.45421	0.46096	0.24595	0.10088	0.49886	0.39844	0.74013	0.48446	0.31828	0.35112	0.64599	0.29701	0.83118	0.33115	0.64409	0.46445	0.5331	0.52401	0.3853	0.34411	0.62454	0.62337	0.54621	0.32391	0.28469	0.39862	0.38215	0.39889	0.37916	0.50444	0.35928	0.90121	0.55862	1.0	0.17573	0.31004	0.28018	0.50857	0.52108	0.39793	0.48103	0.50858	0.46328	0.50373	0.45028	0.55698	0.59219	0.25294	0.73708	0.78736	0.39803	0.89494	0.71554	0.3512	0.46042	0.5136	0.40061	0.6806	0.54965	0.56829	0.48795	0.67014	0.63936	0.3341	0.52865	0.35364	0.4128	0.44102	0.48604	0.48128	0.6131	0.6875	0.78409	0.68657	0.3807	0.43759	0.09314	0.7038	0.52803	0.52903	0.47991	0.54282	0.49627	0.51731	0.22944	0.70614	0.70194	0.41758	0.65576	0.38582	0.64197	0.66972	0.51499	0.60352	0.77855	0.5476	0.24508	0.21564	0.58846	0.45878	0.56119	0.33715	0.48738	0.71894	0.37414	0.45699	0.45161	0.32937	0.70538	0.5516	0.32045	0.67227	0.31438	0.30925	0.84384	0.61938	0.91931	0.73149	0.7826	0.75873	0.47787	0.68787	0.47266	0.38176	0.55137	0.54996	0.31396	0.71336	0.59501	0.29524	0.57997	0.3352	0.52622	0.41673	0.54308	0.62444	0.37045	0.15268	0.46686	0.44388	0.52174	0.51365	0.59514	0.65505	0.52751	0.51292	0.54667	0.66439	0.2456	0.47549	0.70408	0.69593	0.45548	0.49888	0.24525	0.21682	0.62448	0.54878	0.40071	0.41217	0.61255	0.7955	0.84126	0.74462	0.24639	0.44962	0.56078	0.602	0.42073	0.39015	0.58483	0.35104	0.35846	0.53755	0.557	0.40051	0.3421	0.4358	0.64257	0.47465	0.56263	0.27504	0.50555	0.32869	0.83475	0.48941	0.92813	0.70014	0.42478	0.65476	0.83633	0.61563	0.31815	0.7245	0.56766	0.49193	0.71172	0.5427	0.22661	0.39099	0.65885	0.34624	0.82232	0.58874	0.48512	0.54339	0.74906	0.73929	0.17047	0.59957	0.1942	0.54753	0.3366	0.4641	0.40613	0.51122	0.13973	0.66404	0.62219	0.56104	0.73356	0.64511	0.49676	0.85173	0.38667	0.65591	0.40479	0.69036	0.2614	0.31316	0.64708	0.67495	0.25235	0.49957	0.47537	0.75976	0.40788	0.48088	0.50534	0.28308	0.48592	0.65823	0.46475	0.7986	0.46316	0.50101	0.43503	0.47881	0.2706
constrictor_snake	0.23016	0.33935	0.5001	0.53494	0.4971	0.59194	0.50165	0.509	0.45265	0.65412	0.61384	0.66258	0.91758	0.05521	0.51298	0.72163	0.86277	0.71301	0.32112	0.3113	0.27129	0.49831	0.42243	0.42649	0.58857	0.85152	0.357	0.50307	0.61448	0.52066	0.51245	0.24829	0.49833	0.24967	0.65518	0.45058	0.72267	0.39493	0.68721	0.52739	0.53527	0.59369	0.45871	0.32746	0.00185	0.87579	0.71924	0.47889	0.60619	0.30116	0.10484	0.62052	0.33901	0.71054	0.40702	0.21176	0.74951	0.52089	0.43295	0.56399	0.66988	0.69302	0.67335	0.23823	0.30213	0.53912	0.59284	0.44307	0.12762	0.37105	0.79788	0.28212	0.43488	0.12878	0.44531	0.64694	0.6188	0.65372	0.47735	0.50421	0.4509	0.65476	1.0	0.53615	0.32378	0.51597	0.52512	0.64456	0.5719	0.47224	0.15445	0.54401	0.59763	0.55431	0.91292	0.54318	0.39099	0.38874	0.62104	0.38177	0.33407	0.23523	0.48456	0.47623	0.42334	0.7192	0.51442	0.89347	0.6278	0.28302	0.31119	0.20187	0.77276	0.69158	0.52465	0.64567	0.13856	0.36141	0.33913	0.49794	0.2748	0.32238	0.51644	0.59214	0.41651	0.75713	0.64172	0.47987	0.67269	0.40324	0.44431	0.61478	0.37726	0.42492	0.28539	0.32188	0.86255	0.3567	0.67406	0.37452	0.45568	0.5841	0.59831	0.25936	0.33333	0.5582	0.43594	0.37086	0.49812	0.68288	0.49874	0.8907	0.17598	0.5216	0.53159	0.49399	0.47761	0.38785	0.30736	0.33121	0.34724	0.50002	0.19278	0.87508	0.61905	0.36294	0.5067	0.44085	0.58931	0.6318	0.29363	0.4359	0.2831	0.75867	0.53875	0.70812	0.25031	0.61116	0.28272	0.43225	0.43289	0.3444	0.6928	0.60009	0.70404	0.58174	0.01139	0.32939	0.59412	0.49899	0.45003	0.46767	0.05713	0.54001	0.1963	0.11594	0.69088	0.18866	0.45361	0.45408	0.25279	0.22172	0.45755	0.52952	0.50905	0.48353	0.36141	0.46469	0.55364	0.68336	0.53628	0.41595	0.44716	0.61955	0.50305	0.37199	0.54647	0.72029	0.76163	0.34081	0.32979	0.48609	0.34419	0.71017	0.16286	0.42783	0.42329	0.42123	0.6999	0.41372	0.51278	0.31973	0.64952	0.40883	0.39949	0.57323	0.67863	0.67166	0.82099	0.60844	0.50444	0.48134	0.73943	0.2092	0.41918	0.97959	0.50164	0.54731	0.58067	0.5235	0.32213	0.47083	0.38436	0.47499	0.46219	0.32817	0.73481	0.62041	0.58663	0.5816	0.50998	0.64154	0.61315	0.25826	0.46983	0.64115	0.62821	0.2559	0.5324	0.70939	0.53986	0.4399	0.54744	0.50273	0.3657	0.56397	0.48004	0.56446	0.76436	0.36171	0.48432	0.59747	0.84934	0.70298	0.44674	0.23747	0.67967	0.55012	0.55805	0.35256	0.58312	0.32706	0.28568	0.42321	0.53711	0.73054	0.44209	0.43001	0.69636	0.39623	0.49709	0.59227	0.49121	0.49785	0.61872	0.51055	0.46176	0.3129	0.78337	0.37177	0.42974	0.2988	0.51787	0.51427	0.40795	0.69297	0.50431	0.45592	0.71578	0.44964	0.35416	0.37902	0.3498	0.6442	0.45201	0.92521	0.59619	0.62021	0.78175	0.69512	0.49358	0.62921	0.50572	0.57886	0.46498	0.31539	0.66537	0.65143	0.68067	0.2722	0.29588	0.91682	0.33589	0.51703	0.46864	0.5824	0.6564	0.67665	0.34427	0.44635	0.51701	0.77945	0.29328	0.59087	0.93806	0.50224	0.49593	0.38896	0.66372	0.11295	0.4864	0.27973	0.60646	0.52442	0.53274	0.39642	0.4496	0.06869	0.33672	0.55076	0.54081	0.49205	0.87893	0.54995	0.66475	0.54698	0.73474	0.86601	0.7262	0.52584	0.3392	0.37412	0.56519	0.49496	0.44933	0.696	0.81067	0.30451	0.35004	0.4584	0.39524	0.53526	0.35299	0.40561	0.37049	0.43803	0.37356	0.35195	0.35977	0.36409
copperhead	0.55134	0.51242	0.30457	0.66154	0.69345	0.37069	0.3803	0.70565	0.65792	0.87505	0.3812	0.42482	0.25593	0.26334	0.53877	0.49939	0.53324	0.56214	0.60728	0.31781	0.20968	0.31618	0.41608	0.72275	0.58856	0.54126	0.77547	0.88218	0.49867	0.0	0.69609	0.43308	0.67779	0.07408	0.32735	0.3796	0.65151	0.62076	0.34976	0.46527	0.57452	0.1714	0.04099	0.55295	0.44828	0.37957	0.7175	0.34654	0.74514	0.41571	0.53773	0.03898	0.2155	0.4094	0.58995	0.43521	0.15452	0.5443	0.34169	0.39919	0.1972	0.36026	0.46909	0.44201	0.42048	0.58211	0.39629	0.42424	0.56741	0.68218	0.85876	0.31962	0.29363	0.47321	0.3975	0.53699	0.72849	0.40328	0.36732	0.08148	0.37838	0.21074	0.29799	0.53262	0.77131	0.42697	0.58897	0.4567	0.49281	0.52023	0.73919	0.33429	0.28107	0.70986	0.6783	0.6748	0.51111	0.2565	0.75912	0.61623	0.4778	0.69105	0.32853	0.6015	0.61833	0.47679	0.52968	0.83585	0.90909	0.4841	0.77044	0.21022	0.21716	0.71166	0.72259	0.43603	0.49431	0.30036	0.35936	0.29513	0.57967	0.17617	0.16644	0.3143	0.6587	0.70727	0.5571	0.48125	0.68017	0.55101	0.55753	0.29165	0.46106	0.24389	0.46656	0.51823	0.30297	0.35159	0.62672	0.25931	0.32118	0.60549	0.18313	0.6691	0.66827	0.48462	0.48754	0.25948	0.84416	0.30974	0.43916	0.50328	0.70919	0.34588	0.62849	0.19913	0.19008	0.47255	0.45417	0.21497	0.50149	0.3853	0.29505	0.25673	0.66275	0.38543	0.57761	0.71823	0.43632	0.56387	0.57655	0.71168	0.56758	0.66955	0.69608	0.51664	0.32573	0.24825	0.32125	0.16846	0.56107	0.45625	0.54495	0.62774	0.47764	0.20846	0.30192	1.0	1.0	0.63672	0.27885	0.48121	0.5986	0.37369	0.41966	0.37511	0.69246	0.52359	0.4623	0.11541	0.11387	0.57162	0.97897	0.44166	0.63377	0.52686	0.49395	0.05373	0.86342	0.46724	0.28077	0.35747	0.09134	0.67728	0.53963	0.4672	0.56789	0.81121	0.47564	0.76219	0.60134	0.50694	0.56442	0.42402	0.11351	0.21121	0.38556	0.37538	0.81852	0.43745	0.70801	0.50989	0.55735	0.76713	0.57952	0.31201	0.70797	0.56575	0.7219	0.71541	0.46326	0.71543	0.69061	0.29778	0.26188	0.44417	0.63833	0.39384	0.7054	0.74172	0.41789	0.54435	0.30541	0.72607	0.64868	0.4902	0.19415	0.66109	0.19903	0.36431	0.56773	0.39206	0.16581	0.32806	0.38231	0.68591	0.70996	0.65287	0.68485	0.83621	0.68283	0.56767	0.44218	0.32893	0.32171	0.6159	0.60574	0.46747	0.37511	0.70626	0.59298	0.80205	0.52503	1.0	0.56952	0.4217	0.63047	0.59873	0.30193	0.6413	0.53438	0.91029	0.64185	0.60796	0.80045	0.43051	0.30695	0.64257	0.4431	0.40994	0.39378	0.50541	0.66573	0.58836	0.70149	0.4023	0.20364	0.42057	0.36349	0.62705	0.26229	0.02687	1.0	0.45983	0.37057	0.46612	0.79755	0.49778	0.68921	0.42816	0.74602	0.15868	0.39267	0.45276	1.0	0.86731	0.62305	0.60331	0.68822	0.65717	0.47741	0.64275	0.73712	0.5571	0.34978	0.44092	0.47351	0.80675	0.45255	0.43608	0.2329	0.68414	0.81639	0.50984	0.40719	0.3503	0.57598	0.48487	0.29273	0.33561	0.58493	0.67292	0.14916	0.46762	0.89611	0.16225	0.38645	0.73111	0.84818	0.43874	0.71734	0.6297	0.66118	0.41086	0.30597	0.22985	0.61819	0.14806	0.48857	0.61059	0.43734	0.4726	0.45926	0.65875	0.20938	0.51742	0.73081	0.48431	0.43602	0.32374	0.36547	0.04545	0.71104	0.61544	0.56315	0.19572	0.40269	0.23994	0.36621	0.79195	0.53021	0.2275	0.72264	0.68011	0.73534	0.76399	0.51307	0.53095	0.46455	0.65277
coral_snake	0.52692	0.47754	0.79665	0.30401	0.66271	0.38205	0.73072	0.63102	0.37331	0.71147	0.19213	0.39435	0.56462	0.73976	0.628	0.84484	0.70158	0.72412	0.2511	0.61169	0.48598	0.50749	0.54877	0.5732	0.51274	0.34653	0.64473	0.61268	0.53267	0.7376	0.4649	0.63384	0.2653	0.58866	0.56778	0.48095	0.79046	0.79742	0.70801	0.58468	0.51868	0.80333	0.03965	0.2884	0.35215	0.78744	0.6727	0.42006	0.59683	0.61703	0.39269	0.1971	0.19448	0.34383	0.60273	0.30671	0.37193	0.51675	0.60719	0.4859	0.48845	0.51988	0.37118	0.48058	0.0876	0.37878	0.50665	0.79792	0.6202	0.41872	0.85412	0.16116	0.74044	0.01953	0.27583	0.57617	0.80286	0.36639	0.57786	0.41186	0.35975	0.43831	0.50574	0.35761	0.77211	0.10149	0.38562	0.66395	0.59983	0.46556	0.41812	0.49137	0.01917	0.73395	0.62005	0.63669	0.70903	0.36837	0.45347	0.36825	0.69269	0.46059	0.65293	0.0	0.50264	0.80137	0.63244	0.32732	0.77083	0.71686	0.0	0.49582	0.3115	0.60361	0.71146	0.54657	0.55677	0.30126	0.46589	0.57203	0.69998	0.43266	0.54535	0.24239	0.69212	0.51572	0.47995	0.51591	0.51396	0.46122	0.0608	0.52192	0.3327	0.70728	0.60786	0.54678	0.33138	0.689	0.92939	0.41497	0.57587	0.52539	0.83549	0.38858	0.63046	0.54108	0.62096	0.50977	0.63759	0.40622	0.60868	0.41063	0.29757	0.14906	0.31834	0.6481	0.34024	0.68988	0.5173	0.56713	0.89983	0.47121	0.50081	0.37088	0.56706	0.34762	0.72582	0.58473	0.25861	0.75637	0.5447	0.68357	0.58702	0.64606	0.76106	0.55114	0.65889	0.60747	0.48431	1.0	0.10267	0.45838	0.32662	0.48075	0.44863	0.68891	0.5505	0.54846	0.15304	0.16953	0.36031	0.4798	0.54196	0.66041	0.36029	0.38992	0.67451	0.32056	0.6563	0.26215	0.29874	0.11843	0.59043	0.61389	0.38918	0.76036	0.54789	0.75195	0.72484	0.40272	0.55738	0.40316	0.56712	0.07858	0.26864	0.69052	0.19436	0.53897	0.85409	0.50165	0.66082	0.30973	0.32713	0.27635	0.37469	0.18978	0.20902	0.26093	0.47546	0.56078	0.57649	0.2192	0.7403	0.2264	0.40769	0.61693	0.3483	0.54502	0.80756	0.65331	0.30376	0.48649	1.0	0.60952	0.83482	0.66046	0.47835	0.63904	0.61823	0.81794	0.52826	0.34299	0.26144	0.53638	0.3138	0.46362	0.36523	0.33906	0.22482	0.4905	0.43031	0.45492	0.27381	0.46065	0.27478	0.50031	0.34856	0.36651	0.78007	0.46445	0.5432	0.61366	0.50498	0.16265	0.46104	0.70641	0.53357	0.6651	0.52002	0.38643	0.12724	0.48688	0.65359	0.24632	0.4615	0.75045	0.46952	0.23889	0.27815	0.72637	0.62618	0.35715	0.24925	0.41504	0.42769	0.34823	0.59726	0.49792	0.74225	0.48207	0.28012	0.71345	0.33426	0.62275	0.4512	0.42521	0.13528	0.52846	0.57701	0.22702	0.61295	0.29705	0.8523	0.19734	0.26921	0.54333	0.62764	0.47995	0.71095	0.77779	0.82687	0.67328	0.64317	0.7321	0.57839	0.63518	0.62894	0.74661	0.34416	0.62186	0.31728	0.20165	0.27259	0.38087	0.59475	0.63746	0.66082	0.62239	0.73554	0.5156	0.38292	0.58409	0.5605	0.10244	0.4581	0.31381	0.26219	0.55783	0.43947	0.43999	0.74708	0.58055	0.59997	0.49844	0.23489	0.58491	0.55267	0.22863	0.70881	0.55029	0.4208	0.41158	0.83632	0.65735	0.45496	0.42487	0.58665	0.73685	0.46289	0.58114	0.3965	0.35693	0.43546	0.41806	0.84344	0.22849	0.54578	0.4084	0.41454	0.55514	0.74631	0.57329	0.23058	0.31248	0.53738	0.73498	0.50373	0.38662	0.0107	0.5076	0.4558	0.13655	0.34451	0.56937	0.47735	0.56137	0.52056	0.25325	0.60002	0.30447
cottonmouth	0.28569	0.61636	0.50931	0.81991	0.41498	0.37539	0.50031	0.3567	0.54095	0.93804	0.33071	0.47691	0.4236	0.54593	0.80125	0.48651	0.92752	0.90907	0.39859	0.33286	0.48053	0.31402	0.74135	0.41067	0.23407	0.59885	0.59229	0.4963	0.65986	0.57462	0.7057	0.42189	0.48	0.38208	0.22503	0.38227	0.61246	0.40637	0.74435	0.70797	0.55424	0.58146	0.38201	0.40859	0.42627	0.60682	0.23844	0.62352	0.54233	0.6585	0.34663	0.2829	0.42264	0.36151	0.46595	0.51172	0.61517	0.52742	0.53559	0.70557	0.61919	0.84749	0.4176	0.81707	0.7319	0.62549	0.61759	0.66136	0.58636	0.21831	0.70532	0.43948	0.51489	0.16571	0.42254	0.72876	0.62517	0.28757	0.35488	0.30987	0.06626	0.64615	0.63137	0.43119	0.63708	0.20831	0.53677	0.27647	0.74445	0.25953	0.05339	0.58362	0.6599	0.72998	0.48575	0.38015	0.2231	0.59679	0.33348	0.4648	0.41576	0.58597	0.45315	0.42821	0.36876	0.53475	0.40682	0.60362	0.4583	0.87688	0.63352	0.70381	0.2644	0.54007	0.61591	0.61983	0.75523	0.57656	0.23257	0.43362	0.07946	0.57768	0.58193	0.50787	0.50023	0.58967	0.41382	0.48498	0.56593	0.48087	0.54162	0.60789	0.42098	0.32493	0.11032	0.75591	0.48225	0.3755	0.60759	0.27974	0.51312	0.45573	0.83668	0.48645	0.26222	0.67501	0.36465	0.50307	0.81658	0.33929	0.31336	0.69243	0.54335	0.40031	0.62649	0.58602	0.38157	0.41618	0.35672	0.71171	0.23941	0.75124	0.31648	0.6321	0.02792	0.64906	0.47282	0.6506	0.54436	0.17662	0.83016	0.55958	0.16461	0.51217	0.66716	0.63743	0.34514	0.59165	0.64958	0.38269	0.44068	0.50614	0.69159	0.47388	0.36239	0.58099	0.35157	0.7351	0.44587	0.40403	0.37846	0.55777	0.49445	0.40985	0.43036	0.52687	0.22701	0.37599	0.48602	0.57043	0.76274	0.29959	0.65822	0.53743	0.76161	0.67319	0.63178	0.69702	0.62395	0.32271	0.32501	0.31736	0.71518	0.45614	0.7836	0.41783	0.34069	0.57141	0.43637	0.35796	0.13807	0.25045	0.51395	0.71105	0.2684	0.09172	0.35874	0.31893	0.3821	0.5458	0.65324	0.33417	0.61254	0.3726	0.49554	0.49501	0.98814	0.71719	0.65111	0.53284	0.41753	0.32116	0.64926	0.35129	0.49056	0.63761	0.75785	0.33352	0.68905	0.53392	0.64992	0.51725	0.34518	0.74436	0.36173	0.84384	0.73978	0.56573	0.62062	0.29351	0.5422	0.5056	0.55404	0.55802	0.52296	0.71674	0.51113	0.83069	0.4873	0.3975	0.62483	0.58526	0.79576	0.0	0.23583	0.204	0.60384	0.4608	0.70775	0.16661	0.50556	0.58137	0.29449	0.55048	0.52753	0.45397	0.44963	0.40114	0.05195	0.71922	0.26736	0.7701	0.35896	0.34365	0.34718	0.7404	0.21528	0.72025	0.37122	0.56537	0.41344	0.62122	0.34238	0.68186	0.46417	0.4274	0.01348	0.47497	0.60706	0.52908	0.60422	0.48707	0.38302	0.4345	0.52523	0.23116	0.51412	0.68487	0.40419	0.56487	0.25946	0.45813	0.69159	0.40069	0.45355	0.51296	0.20927	0.45931	0.45469	0.61165	0.20234	0.33538	0.41794	0.43699	0.41581	0.31843	0.64226	0.79332	0.77839	0.46671	0.6612	0.75424	0.55642	0.23903	0.67892	0.37319	0.29875	0.48121	0.31597	0.45084	0.50439	0.16178	0.42165	0.47762	0.5227	0.55419	0.39002	0.19894	0.28017	0.59223	0.33288	0.53695	0.57213	0.76668	0.61087	0.51756	0.72545	0.40071	0.43931	0.52159	0.72678	0.31875	0.60722	0.78605	0.58579	0.58489	0.94314	0.4558	0.62158	0.3875	0.41201	0.56071	0.82867	0.55186	0.12634	0.84715	0.70473	0.22559	0.58582	0.44629	0.22652	0.76688	0.4048	0.35533	0.23447	0.36676	0.51507	0.4266	0.59742	0.54273
cow	0.42873	0.42198	0.25065	0.7171	0.53923	0.56493	0.73857	0.65242	0.27325	0.39995	0.40819	0.60979	0.69763	0.29165	0.75614	0.7565	0.64298	0.56279	0.22988	0.61215	0.25862	0.33144	0.35091	0.54194	0.21107	0.70826	0.66915	0.55512	0.73781	0.60157	0.8229	0.33209	0.32141	0.5763	0.26468	0.40715	0.45625	0.46002	0.44597	0.51719	0.79654	1.0	0.46044	0.43454	0.58328	0.63871	0.4712	0.46092	0.40991	0.76741	0.36914	0.22499	0.64943	0.37931	0.57844	0.47894	0.57535	0.27075	0.62233	0.91925	0.40376	0.51699	0.35665	0.83261	0.72021	0.29624	0.54043	1.0	0.43526	0.48874	0.88935	0.22589	0.69111	0.75526	0.65987	0.40113	0.83912	0.06634	0.24825	0.19417	0.44027	0.37412	0.53135	0.41163	0.73647	0.54923	0.65185	0.42961	0.63424	0.35675	0.47156	0.33988	0.36448	0.37039	0.31509	0.42913	0.21258	0.74514	0.38918	0.42695	0.56672	0.42249	0.60028	0.46444	0.41519	0.58455	0.53991	0.56229	0.29896	0.7356	0.46837	0.38528	0.33675	0.6739	0.37811	0.82449	0.75138	0.40041	0.26342	0.26966	0.4978	0.65322	0.36334	0.07541	0.5967	0.68174	0.39886	0.48419	0.63858	0.41096	0.2792	0.67911	0.54468	0.45821	0.33178	0.56212	0.5037	0.4042	0.71198	0.35561	0.7273	0.34166	0.56086	0.55067	0.38353	0.27146	0.35447	0.45554	0.5162	0.6293	0.41729	0.39721	0.52175	0.21433	0.31204	0.43609	0.81837	0.3891	0.70361	0.66436	0.08575	0.52005	0.71793	0.66892	0.21049	0.56619	0.7225	0.64893	0.50541	0.45431	0.8416	0.39025	0.8229	0.72353	0.68118	0.44149	0.77065	0.59811	0.73088	0.41583	0.48996	0.4949	0.40681	0.39401	0.82449	0.75144	0.38581	0.42036	0.48854	0.22121	0.19836	0.50876	0.64386	0.55858	0.44255	0.34288	0.64463	0.37612	0.506	0.98718	0.7529	0.0294	0.35358	0.41003	0.65595	0.62843	0.47477	0.29116	0.40888	0.53369	0.51524	0.20975	0.55555	0.61122	0.49088	0.39322	0.4294	0.58481	0.32937	0.46347	0.2063	0.08706	0.46159	0.61087	0.27214	0.53682	0.26011	0.45178	0.39133	0.77984	0.26968	0.45074	0.30817	0.73541	0.39802	0.57747	0.18681	0.48972	0.69716	0.385	0.65649	0.5336	0.61246	0.84635	0.30826	0.50989	0.39805	0.17982	0.63246	0.52316	0.38016	0.53419	0.53406	0.47556	0.2887	0.71668	0.54556	0.572	0.39045	0.3581	0.57993	0.4244	0.65987	0.55192	0.40095	0.77819	0.76873	0.85525	0.65154	0.65027	0.31313	0.4791	0.55622	0.43373	0.27562	0.44146	0.94569	0.50657	0.30133	0.47008	0.44894	0.51233	0.64909	0.31026	0.55638	0.57706	0.49467	0.44149	0.27423	0.57604	0.26492	0.51653	0.75184	0.42171	0.32633	0.39204	0.56144	0.6895	0.87407	0.59438	0.30638	0.73496	0.8772	0.56158	0.69045	0.63103	0.20005	0.29919	0.8893	0.58015	0.51214	0.50827	0.46507	0.29494	0.57079	0.86396	0.37075	0.38689	0.53887	0.49582	0.44571	0.33452	0.48103	0.70448	0.38679	0.29859	0.2716	0.72361	0.53591	0.34657	0.09644	0.33794	0.40213	0.29513	0.33093	0.75583	0.82308	0.49615	0.77634	0.22033	0.8624	0.71651	0.39333	0.46495	0.23408	0.24171	0.60798	0.14672	0.39174	0.70189	0.56198	0.36051	0.95859	0.35252	0.60572	0.47181	0.30261	0.26021	0.8399	0.2344	0.55334	0.39807	0.56521	0.7133	0.40658	0.66163	0.53427	0.23036	0.13521	0.87827	0.49946	0.3014	0.25786	0.71081	0.59712	0.5336	0.41235	0.58037	0.49151	0.33363	0.75434	0.44029	0.51037	0.39302	0.31585	0.52105	0.35993	0.39623	0.38181	0.44803	0.0341	1.0	0.58821	0.39158	0.36032	0.41867	0.81425	0.25495	0.74842	0.24524
coyote	0.52706	0.72792	0.79202	0.41865	0.69406	0.36142	0.89069	0.26762	0.54463	0.56604	0.62363	0.43881	0.76258	0.61781	0.53998	0.94267	0.41592	0.66075	0.55012	0.57312	0.42224	0.38424	0.33835	0.74097	0.36015	0.70288	0.53677	0.41654	0.67396	0.42572	0.64792	0.21465	0.21157	0.68253	0.37427	0.23572	0.5292	0.65074	0.69639	0.66167	0.74637	0.61448	0.495	0.27214	0.47114	0.4115	0.06234	0.28031	0.71143	0.67771	0.16152	0.44411	0.49424	0.60178	0.48664	0.4924	0.8839	0.24922	0.27268	0.62428	0.7485	0.46297	0.42877	0.62702	0.7065	0.34687	0.5207	0.50222	0.47599	0.50328	0.59379	0.45919	0.51466	0.64416	0.54245	0.54051	0.7012	0.38852	0.70378	0.11874	0.47549	0.36049	0.38735	0.61417	0.43314	0.26404	0.47947	0.22013	0.69587	0.28429	0.50236	0.54078	0.48995	0.89999	0.29381	0.44601	0.27281	0.28139	0.14905	0.60895	0.70846	0.63359	0.91233	0.50359	0.24155	0.25282	0.36313	0.464	0.69351	0.72304	0.7636	0.26156	0.34203	0.42943	0.33409	0.63706	0.3338	0.89359	0.5246	0.24197	0.2461	0.52364	0.09669	0.35563	0.72477	0.38433	0.47542	0.52646	0.68659	0.47596	0.07857	0.51203	0.21047	0.32583	0.07067	0.61223	0.45192	0.61448	0.57019	0.54121	0.63886	0.6772	0.50174	0.72516	0.42408	0.43227	0.58807	0.57151	0.73297	0.57975	0.13031	0.26825	0.32486	0.56957	0.29585	0.44332	0.6542	0.39706	0.51702	0.2551	0.30405	0.8579	0.73188	0.86291	0.41218	0.3731	0.59115	0.81968	0.41477	0.52296	0.50201	0.54691	0.7488	0.36956	0.44494	0.13625	0.42163	0.67706	0.1735	0.43409	0.46389	0.23661	0.60468	0.59029	0.53115	0.40271	0.34325	0.71419	0.13719	0.25405	0.25624	0.30889	0.15787	0.38897	0.4339	0.43396	0.59896	0.48585	0.37739	0.40915	0.4668	0.59368	0.39823	0.21886	0.5486	0.50542	0.35752	0.67245	0.50317	0.46135	0.27475	0.83416	0.3459	0.68123	0.48745	0.19152	0.55402	0.56867	0.5631	0.68145	0.43977	0.39791	0.48368	0.36851	0.86338	0.34601	0.0	0.23029	0.45264	0.62901	0.68938	0.40427	0.74859	0.58632	0.34806	0.5728	0.46694	0.66815	0.47417	0.40407	0.44849	0.38058	0.46737	0.77969	0.56804	0.55276	0.63928	0.37584	0.25263	0.43845	0.61989	0.38287	0.48722	0.52462	0.55892	0.24449	0.33189	0.52272	0.39823	0.50107	0.50373	0.73802	0.6247	0.63223	0.40129	0.41022	0.42264	0.5674	0.44858	0.32726	0.45133	0.79173	0.81166	0.17165	0.48448	0.71711	0.66713	0.49782	0.63447	0.44742	0.41665	0.6045	0.4463	0.45721	0.48089	0.47841	0.40424	0.29038	0.43609	0.67227	0.29256	0.31935	0.74903	0.29614	0.46839	0.5204	0.64055	0.44533	0.916	0.60161	0.30855	0.60857	0.77778	0.65733	0.65782	0.6151	0.45608	0.20815	0.84239	0.40361	0.52659	0.62304	0.69131	0.53696	0.50859	0.54128	0.64115	0.65901	0.60065	0.73281	0.11078	0.46681	0.21448	0.33124	0.48897	0.84991	0.3976	0.51735	0.49091	0.45099	0.49681	0.13774	0.10688	0.33739	0.63942	0.59784	0.70922	0.65748	0.4978	0.2839	1.0	0.89264	0.58246	0.27956	0.45609	0.50227	0.2722	0.93794	0.55781	0.32545	0.5254	0.28316	0.48132	0.36142	0.40237	0.62044	0.40455	0.47647	0.50038	0.74881	0.47439	0.57252	0.54012	0.53831	0.78616	0.37155	0.58564	0.52025	0.44883	0.53079	0.61964	0.02374	0.56646	0.57844	0.90225	0.86968	0.42965	0.44944	0.93322	0.44526	0.64456	0.78795	0.55472	0.5333	0.33808	0.70991	0.78491	0.44817	0.49402	0.38175	0.1432	0.67471	0.24972	0.37057	0.30263	0.67433	0.32573	0.48072	0.7755	0.46871
crab	0.30894	0.62912	0.41989	0.65205	0.47852	0.72084	0.20285	0.1191	0.2547	0.38946	0.71076	0.57676	0.79283	0.5772	0.3892	0.19566	0.55201	0.4424	0.33084	0.38001	0.44297	0.40406	0.48211	0.27044	0.57574	0.5247	0.82046	0.53127	0.59343	0.73975	0.61403	0.56959	0.47747	0.55254	0.55687	0.6148	0.58139	0.46993	0.63998	0.44817	0.38474	0.62151	0.30157	0.50167	0.52208	0.38009	0.42364	0.68629	0.35669	0.80824	0.39168	0.42526	0.24607	0.52415	0.80938	0.56587	0.46567	0.49005	0.42239	0.17203	0.52226	1.0	0.55323	0.85377	0.36695	0.28921	0.35548	0.34679	0.77603	0.5516	0.25165	0.42212	0.45256	0.39369	0.03273	0.64599	0.5306	0.23556	0.87178	0.67752	0.55366	0.48808	0.52382	0.63971	0.7318	0.48265	0.60185	0.58448	0.58575	0.36591	0.36524	0.48469	0.40389	0.49854	0.57396	0.47576	0.34722	0.5198	0.44054	0.41576	0.43347	0.71013	0.59768	0.46482	0.59351	0.47464	0.28469	0.34667	0.30717	0.37081	0.67461	0.85456	0.53274	0.87455	0.45058	0.56157	0.90124	0.47089	0.58321	0.37091	0.35003	0.2644	0.64688	0.54122	0.32215	0.77222	0.61666	0.37614	0.35003	0.44116	0.43818	0.53441	0.05788	0.67087	0.66628	0.64457	0.2002	0.68873	0.33633	0.41624	0.96252	0.22286	0.73287	0.06311	0.51421	0.59811	0.58003	0.72018	0.41231	0.36506	0.53509	0.97145	0.55729	0.50557	0.5754	0.63638	0.57931	0.33306	0.84413	0.92604	0.49779	0.16514	0.53151	0.12981	0.24235	0.79221	0.6798	0.58712	0.46151	0.62604	0.6906	0.62056	0.10903	0.36558	0.72424	0.52085	0.42846	0.79002	0.50719	0.60059	0.76095	0.32606	0.51171	0.38088	0.65496	0.58098	0.793	0.09801	0.58838	0.60956	0.54076	0.21806	0.45319	0.35576	0.37764	0.63396	0.41625	0.37726	0.35244	0.4789	0.57204	0.78653	0.23062	0.71489	0.46678	0.58827	0.63918	0.49261	0.98863	0.44929	0.36837	0.04653	0.35343	0.39398	0.58754	0.32289	0.39754	0.39194	0.39612	0.70188	0.11951	0.38866	0.39656	0.25118	0.49364	0.70925	0.453	0.46004	0.62193	0.60205	0.74032	0.66802	0.59688	0.27394	0.43198	0.41695	0.63035	0.52058	0.82538	0.86596	0.32278	0.29208	0.74913	0.34629	0.84528	0.63509	0.71272	0.3449	0.27669	0.67712	0.51	0.54735	0.43798	0.56913	0.41426	0.19377	0.26967	0.87844	0.79086	0.53251	0.35862	0.34217	0.50135	0.18165	0.4705	0.65485	0.41815	0.40125	0.6141	0.42735	0.45843	0.61812	0.50276	0.59735	0.13364	0.64828	0.82455	0.27364	0.62953	0.7592	0.27373	0.42599	0.53029	0.71534	0.55502	0.66063	0.61088	0.56341	0.6898	0.06821	0.43353	0.43518	0.27247	0.34327	0.27721	0.72793	0.40816	0.43784	0.57681	0.89924	0.5568	0.30588	0.40032	0.0	0.59592	0.79092	0.59172	0.42203	0.1873	0.79708	0.41706	0.43402	0.46911	0.58079	0.733	0.58715	0.39193	0.32142	0.35083	0.45532	0.68682	0.32843	0.08833	0.47922	0.52766	0.5697	0.80774	0.79837	0.43835	0.53403	0.54019	0.60551	0.74471	0.35668	0.77382	0.28721	0.35805	0.48895	0.18397	0.77078	0.50657	0.50496	0.60271	0.21607	0.63201	0.49278	0.43964	0.39518	0.53635	0.50063	0.55722	0.28848	0.61711	0.58322	0.19478	0.64773	0.18049	0.43764	0.30915	0.59261	0.54681	0.38673	0.37074	0.52932	0.42693	0.66651	0.28592	0.27765	0.26907	0.68136	0.31789	0.51042	0.43467	0.56799	0.41749	0.47215	0.79072	0.60345	0.06691	0.72135	0.46703	0.37622	0.48268	0.84253	0.30543	0.29979	0.58854	0.43842	0.45191	0.40801	0.30042	0.33211	0.11086	0.51641	0.41714	0.65367	0.54576	0.59355	0.39363	0.4044
crocodile	1.0	0.22834	0.09672	0.56777	0.51915	0.51167	0.81988	0.58044	0.47958	0.45657	0.26738	0.58204	0.42646	0.65731	0.55815	0.85384	0.4592	0.8348	0.66048	0.35105	0.11697	0.32319	0.56489	0.63309	0.09087	0.62347	0.33665	0.42905	0.71527	0.78341	0.54407	0.52923	0.09282	0.41173	0.32403	0.5359	0.70309	0.38059	0.67162	0.44994	0.41757	0.50538	0.39124	0.09009	0.52726	0.57118	0.63422	0.44053	0.91263	0.98945	0.29399	0.35769	0.50389	0.70243	0.50457	0.48955	0.58587	0.7207	0.30786	0.34617	0.69252	0.58028	0.18136	0.50992	0.57333	0.31871	0.76748	0.67865	0.54683	0.20629	0.49429	0.34006	0.66325	0.01671	0.49815	0.22275	0.63679	0.24363	0.1393	0.25086	0.65437	0.51343	0.63042	0.42407	0.53453	0.65324	0.25884	0.61096	0.3679	0.53026	0.24496	0.46076	0.45698	0.21874	0.35229	0.60893	0.27068	0.74602	0.6196	0.13162	0.49385	0.36859	0.77035	0.39605	0.7317	0.36547	0.39862	0.56731	0.39302	0.53743	0.64832	0.30644	0.44669	0.47884	0.72181	0.77636	0.61373	0.38008	0.32095	0.33938	0.49459	0.3463	0.41116	0.37847	0.25922	0.42666	0.09355	0.4409	0.4019	0.48575	0.2906	0.27194	0.37454	0.57882	0.43647	0.74434	0.72709	0.50194	0.62934	0.49997	0.46757	0.66095	0.52676	0.47303	0.50815	0.32121	0.49801	0.31571	0.74952	0.49694	0.53941	0.59451	0.62954	0.1296	0.49041	0.53205	0.35558	0.44482	0.68819	0.92393	0.67685	0.10644	0.31538	0.42821	0.42483	0.32779	0.74369	0.50076	0.4997	0.51741	0.64339	0.52713	0.38393	0.46342	0.52866	0.29227	0.33321	0.56388	0.7467	0.49273	0.70732	0.62126	0.64793	0.47474	0.69137	0.45027	0.51564	0.66035	0.80403	0.64032	0.28636	0.70612	0.32823	0.6242	0.5452	0.65477	0.64859	0.60956	0.52731	0.0991	0.53077	0.12245	0.31183	0.82186	0.42657	0.55023	0.0	0.42374	0.45383	0.56475	0.27155	0.01773	0.36671	0.48171	0.13701	0.52952	0.1875	0.32265	0.52047	0.234	0.61552	0.37316	0.40962	0.28289	0.62942	0.09617	0.56966	0.29508	0.51193	0.62746	0.39651	0.47615	0.81835	0.5868	0.50849	0.82071	0.38899	0.40455	0.42443	0.7927	0.33684	0.31379	0.62169	0.32049	0.39723	0.61599	0.17077	0.89535	0.5441	0.74293	0.7442	0.0328	0.45684	0.50392	0.34546	0.51465	0.90333	0.48243	0.99946	0.21578	0.58129	0.70053	0.56918	0.39174	0.48784	0.86805	0.63262	0.86284	0.72131	0.45938	0.24936	0.6234	0.72158	0.22612	0.65606	0.26739	0.20572	0.61142	0.53659	0.43293	0.50379	0.38593	0.53975	0.67192	0.35288	0.64464	0.56598	0.21499	0.27874	0.43558	0.65371	0.342	0.68088	0.28076	0.31519	0.64604	0.56804	0.57332	0.36213	0.68159	0.59698	0.16689	0.76558	0.35373	0.78178	0.41938	0.25855	0.27996	0.41796	0.37216	0.49446	0.60959	0.8306	0.37236	0.47263	0.7776	0.42949	0.68553	0.43069	0.57944	0.57214	0.61408	0.51687	0.63382	0.39786	0.43358	0.571	0.80188	0.54543	0.19222	0.68099	0.24179	0.50694	0.21288	0.77465	0.8316	0.60678	0.7339	0.52743	0.61572	0.37195	0.76491	0.57451	0.52396	0.48043	0.68514	0.41355	0.38497	0.80667	0.54786	0.46253	0.50067	0.7291	1.0	0.69214	0.64151	0.16205	0.30314	0.55151	0.40554	0.61575	0.61953	0.75838	0.52628	0.6106	0.01516	0.57739	0.77851	0.48705	0.71593	0.49077	0.43844	0.47849	0.61882	0.63816	0.45305	0.681	0.78225	0.40543	0.34071	0.53387	0.25142	0.67554	0.85841	1.0	0.47115	0.30116	0.85985	0.22692	0.64631	0.39432	0.0	0.40716	0.28871	0.66021	0.43774	0.78644	0.85903	0.25205	0.05737
crow	0.49788	0.68824	0.38146	0.54239	0.8784	0.52313	0.4287	0.461	0.62176	0.72157	0.44669	0.48869	0.5009	0.54834	0.48609	0.75781	0.37364	0.63914	0.53806	0.54562	0.41341	0.36675	0.44997	0.36073	0.29034	0.76297	0.65768	0.5202	0.62569	0.56736	0.53262	0.46723	0.5316	0.5177	0.37887	0.84339	0.25811	0.49134	0.44896	0.67885	0.6477	0.7283	0.48157	0.60118	0.76084	0.60655	0.49067	0.60957	0.32846	0.62291	0.41419	0.4037	0.44918	0.50617	0.55603	0.42585	0.78104	0.70501	0.44908	0.78092	0.72468	0.58343	0.29464	0.50009	0.53822	0.2474	0.46	0.53379	0.95202	0.75604	0.56326	0.31341	0.49996	0.44836	0.09797	0.42026	0.72893	0.49693	0.35734	0.5602	0.1383	0.38959	0.66816	0.35589	0.21814	0.69233	0.60786	0.23849	0.58644	0.10807	0.62621	0.26346	0.45578	0.65821	0.44406	0.30141	0.42843	0.47614	0.42635	0.63027	0.7006	0.52918	0.95203	0.46581	0.30741	0.38761	0.51332	0.15148	0.66682	0.48821	0.22804	0.41014	0.28109	0.74031	0.27912	0.8366	0.67118	0.77889	0.65135	0.53444	0.45981	0.66185	0.36875	0.30642	0.54043	0.52632	1.0	0.30167	0.38192	0.77389	0.33663	0.57928	0.32393	0.07974	0.1519	0.38005	0.40184	0.49613	0.22054	0.42956	0.6852	0.0	0.6582	0.50577	0.62478	0.38857	0.35509	0.72077	0.48468	0.60642	0.40811	0.48956	0.31288	0.49285	0.64268	0.65482	0.64989	0.38116	0.78033	0.0034	0.56948	0.32779	0.62442	0.21908	0.63147	0.12287	0.35093	0.66294	0.35054	0.40338	0.57591	0.40496	0.83806	0.5019	0.0938	0.71627	0.51297	0.08617	0.48903	0.40226	0.70334	0.26121	0.84262	0.49835	0.87976	0.52446	0.34275	0.16034	0.28452	0.71486	0.76613	0.41902	0.53791	0.65356	0.54176	0.34846	0.71011	0.56531	0.45551	0.54659	0.15554	0.53223	0.66308	0.68387	0.72034	0.65812	0.40229	0.36742	0.52749	0.4984	0.48593	0.45419	0.39517	0.42806	0.32874	0.48123	0.37835	0.73649	0.61341	0.76003	0.39101	0.60571	0.33683	0.4392	0.76518	0.69937	0.63178	0.57822	0.35333	0.36144	0.05802	0.60414	0.56334	0.43596	0.00928	0.41162	0.46606	0.45746	0.83706	0.32978	0.28168	0.52243	0.76869	0.486	0.47849	0.70943	0.44448	0.26192	0.54042	0.9894	0.4077	0.40808	0.47531	0.50649	0.39769	0.43032	0.69415	0.78565	0.2827	0.56692	0.77644	0.61197	0.40038	0.57126	0.08085	0.18196	0.7643	0.30304	0.63681	0.25468	0.80661	0.67428	0.52975	0.33351	0.41083	0.75879	0.69612	0.60599	0.51091	0.55079	0.35005	0.47277	0.26922	0.57254	0.36831	0.65379	0.62722	0.17026	0.42671	0.35587	0.45148	0.22795	0.55276	0.38408	0.77821	0.64657	0.62189	0.58732	0.50511	0.41871	0.30092	0.68194	0.70196	0.71331	0.22171	0.58644	0.18114	0.55075	0.69445	0.27879	0.33334	0.15025	0.50479	0.15631	0.64032	0.45513	0.51997	0.26896	0.76358	0.86624	0.69273	0.79497	0.47233	0.37249	0.4768	0.6203	0.72212	0.28351	0.53921	0.30396	0.52134	0.58079	0.36753	0.5355	0.36419	0.35041	0.97107	0.49746	0.10136	0.52644	0.60635	0.2443	0.52029	0.0278	0.32562	0.50652	0.56375	0.64408	0.38136	0.46005	0.29575	0.60762	0.48622	0.6227	0.44472	0.88943	0.75667	0.39778	0.36089	0.22306	0.49256	0.62885	0.6892	0.73167	0.67277	0.75295	0.44459	0.41483	0.61777	0.44156	0.13464	0.08453	0.50814	0.68905	0.6502	0.38098	0.72185	0.27098	0.3715	0.10642	0.39913	0.35678	0.53002	0.46963	0.6628	0.57055	0.31668	0.49936	0.5614	0.50476	0.42529	0.35486	0.44816	0.48793	1.0	0.65059	0.0	0.31458	0.55418	0.38542
cuckoo	0.44931	0.28323	0.57207	0.37294	0.43474	0.70975	0.45318	0.74598	0.46327	0.55679	0.61752	0.52175	0.47422	0.47231	0.39243	0.30456	0.36619	0.47506	0.42829	0.61637	0.14497	0.33477	0.2686	0.75696	0.44822	0.54245	0.22614	0.32667	0.64894	0.72314	0.75692	0.54174	0.42796	0.40824	0.4828	0.5377	0.44621	0.30734	0.38132	0.61933	0.9019	0.71727	0.57665	0.24366	0.24142	0.38359	0.39737	0.64354	0.61444	0.62398	0.2291	0.23995	0.0936	0.6621	0.36156	0.43098	0.82991	0.51689	0.05365	0.76107	0.67417	0.51859	0.74938	0.68841	0.44937	0.02151	0.472	0.54967	0.29437	0.65414	0.67719	0.50347	0.6016	0.57395	0.47073	0.43088	0.81564	0.50272	0.43263	0.67101	0.55057	0.8715	0.84158	0.69494	0.60355	0.42939	0.25792	0.69204	0.43432	0.52571	0.06012	0.77449	0.87353	0.55886	0.42139	1.0	0.27428	0.54173	0.46169	0.28105	0.39431	0.78841	0.6249	0.54179	0.40636	0.03403	0.38204	0.5954	0.66201	0.39819	0.6225	0.70007	0.69048	0.70096	0.65512	0.81468	0.0	0.35856	0.4553	0.0	0.5778	0.35914	0.37092	0.5343	0.55291	0.48991	0.49075	0.07221	0.39015	0.3595	0.7245	0.35504	0.66435	0.53913	0.39411	0.30041	0.68409	0.41186	0.51192	0.25278	0.47822	0.70885	0.56735	0.37656	0.45514	0.50956	0.54943	0.47224	0.44086	0.57847	0.59423	0.17455	0.52663	0.61106	0.25643	0.90878	0.7098	0.31031	0.5836	0.56663	0.51316	0.34257	0.63227	0.78875	0.2312	0.45085	0.73793	0.60574	0.49128	0.4724	0.64614	0.71326	0.06043	0.70215	0.30692	0.3108	0.24892	0.35272	0.64718	0.35368	0.43054	0.19117	0.7437	0.45848	0.8155	0.42784	0.30789	0.28652	0.36738	0.46227	0.41633	0.62618	0.4735	0.21684	0.48266	0.4467	0.70531	0.49225	0.40543	0.41614	0.74916	0.56146	0.5581	0.302	0.53281	0.42871	0.62446	0.38653	0.6879	0.25547	0.63744	0.29433	0.47231	0.37364	0.59694	0.14149	0.60777	0.78798	0.40239	0.40248	0.39544	0.25447	0.41862	0.26312	0.72956	0.35969	0.2505	0.45949	0.62534	0.48553	0.71863	0.19909	0.30562	0.51091	0.14726	0.484	0.34228	0.54606	0.38723	0.43943	0.69522	0.59397	0.25192	0.29725	0.87071	0.0	0.66256	0.44226	0.72745	0.61402	0.29122	0.43264	0.23395	0.73393	0.14641	0.28772	0.76373	0.90248	0.41514	0.57469	0.3168	0.35803	0.69332	0.83966	0.46893	0.20135	0.2869	0.38738	0.55312	0.84121	0.36897	0.49276	0.58175	0.59886	0.43352	0.48164	0.6923	0.65851	0.67871	0.50787	0.48351	0.60298	0.63055	0.6601	0.63144	0.59963	0.50662	0.43732	0.189	0.51421	0.42746	0.46866	0.65739	0.7064	0.27606	0.47288	0.61951	0.59959	0.6043	0.84259	0.35016	0.38127	0.56353	0.47465	0.51225	0.51953	0.65365	0.89305	0.51844	0.58879	0.89165	0.58068	0.54273	0.40045	0.64948	0.78965	0.16847	0.25922	0.24851	0.49315	0.50391	0.56573	0.60708	0.76929	0.43095	0.68177	0.51585	0.72205	0.50188	0.59745	0.36967	0.59925	0.71432	0.5411	0.76604	0.39678	0.72043	0.47467	0.55395	0.37794	0.40273	0.64845	0.26835	0.44534	0.28658	0.45453	0.44556	0.40189	0.54118	0.49493	0.48091	0.81452	0.30321	0.62682	0.86008	0.26146	0.63038	0.29031	0.25026	0.18588	0.69856	0.35792	0.40757	0.65558	0.9508	0.54607	0.38843	0.22738	0.39677	0.63705	0.62437	0.19467	0.44066	0.11756	0.45329	0.41785	0.21951	0.64385	0.44097	0.74123	0.64382	0.85164	0.6933	0.8224	0.35733	0.58409	0.56239	0.39881	0.47012	0.54203	0.20041	0.62309	0.68582	0.05114	0.15719	0.63758	0.72185	0.38603	0.49506	0.55969
cuttlefish	0.44107	0.36765	0.72183	0.26381	0.5191	0.68162	0.60496	0.74554	0.48699	0.4326	0.50267	0.6006	0.77828	0.26448	0.46843	0.63777	0.57181	0.39129	0.31428	0.44324	0.38694	0.84214	0.34249	0.48134	0.3134	0.71957	0.42713	0.68121	0.60838	0.39603	0.51833	0.18951	0.60406	0.78227	0.48736	0.56711	0.55944	0.30217	0.49366	0.55649	0.62097	0.6313	0.80136	0.4104	0.22822	0.3627	0.40946	0.30826	0.50146	0.12262	0.25179	0.34034	0.13974	0.5988	0.28218	0.13249	0.38628	0.36975	0.42709	0.94163	0.40858	0.68098	0.42072	0.54757	0.45502	0.57646	0.09699	0.52331	0.46475	0.55048	0.48256	0.74511	0.55852	0.63267	0.31173	0.41957	0.42702	0.7392	0.97444	0.32478	0.42535	0.58246	0.50368	0.54016	0.59027	0.36002	0.46776	0.35421	0.8862	0.485	0.19575	0.65733	0.40574	0.5126	0.2924	0.59912	0.54211	0.48933	0.41044	0.20637	0.26344	0.2877	0.84584	0.5041	0.5859	0.50253	0.20087	0.41205	0.65012	0.33311	0.65972	0.66844	0.66686	0.54987	0.46793	0.27665	0.57193	0.85995	0.37282	0.53005	0.2329	0.51921	0.36935	0.85317	0.47082	0.40544	0.44928	0.06685	0.45733	0.44814	0.60197	0.32873	0.38813	0.75154	0.38321	0.25908	0.52538	0.4125	0.70127	0.6294	0.54136	0.53923	0.65645	0.49615	0.5078	0.47801	0.45232	0.627	0.56819	0.72902	0.34702	0.5578	0.33952	0.63208	0.58288	0.59913	0.68514	0.4417	0.5987	0.48582	0.08957	0.4835	0.79103	0.58615	0.50105	0.29208	0.67594	0.66625	0.4954	0.41388	0.47044	0.41223	0.54367	0.58094	0.33194	0.46262	0.78116	0.69026	0.56561	0.6079	0.71422	0.03506	0.69412	0.49256	0.63778	0.45605	0.44962	0.4218	0.4767	0.38028	0.59948	0.31144	0.36569	0.50542	0.42789	0.39973	0.41122	0.58448	0.12239	0.20925	0.55188	0.67717	0.4403	0.04331	0.7025	0.5051	0.54178	0.5226	0.52543	0.48666	0.57641	0.63131	0.7417	0.63721	0.62719	0.39142	0.65982	0.45005	0.58244	0.50437	0.34352	0.32155	0.42676	0.80355	0.37346	0.05892	0.518	0.48443	0.70247	0.43858	0.26894	0.54728	0.39632	0.26801	0.69598	0.47484	0.38604	0.52603	0.21986	0.3752	0.6912	0.39407	0.56301	0.54424	0.67447	0.29311	0.71251	0.43442	0.41132	0.69356	0.55888	0.82213	0.42898	0.66669	0.52085	0.46726	0.41163	0.30484	0.49379	0.63218	0.45457	0.47091	0.49127	0.3731	0.31871	0.40896	0.34719	0.58583	0.62035	0.4701	0.45496	0.25127	0.60882	0.79562	0.24668	0.39716	0.84299	0.41376	0.63883	0.46165	0.73911	0.47948	0.44163	0.55242	0.29792	0.30207	0.61506	0.68816	0.72688	0.58083	0.51292	0.52628	0.34701	0.7548	0.51136	0.21717	0.5925	0.4222	0.62193	0.49158	0.3914	0.71611	0.7249	0.29496	0.54663	0.36466	0.42544	0.55604	0.36407	0.78181	0.541	0.79212	0.92659	0.90836	0.53442	0.37713	0.36846	0.58526	0.37984	0.26445	0.18038	0.66152	0.40697	0.56708	0.43187	0.39966	0.2333	0.5949	0.89014	0.35815	0.55141	0.79211	0.58276	0.63084	0.5071	0.59169	0.4867	0.56519	0.5049	0.1878	0.33373	0.52253	0.14749	0.28894	0.36721	0.50072	0.40741	1.0	0.47588	0.3691	0.38577	0.61456	0.29471	0.49475	0.64103	0.41084	0.20586	0.6634	0.57191	0.38962	0.33336	0.56429	0.81235	0.61955	0.84687	0.48026	0.32872	0.36297	0.33036	0.69313	0.64018	0.47182	0.84717	0.46958	0.38018	0.68914	0.60787	0.50636	0.63339	0.58508	0.32492	0.51268	0.35534	0.69142	0.17655	0.84696	0.65005	0.60684	0.50417	0.26904	0.57817	0.56322	0.56214	0.26238	0.46478	0.51764	0.71268	0.36229	0.23336	0.64469
dachshund	0.47752	0.39728	0.74906	0.39378	0.64818	0.28459	0.64654	0.47746	0.53877	0.64724	0.69419	0.51263	0.34547	0.34704	0.53536	0.32288	0.41408	0.67435	0.52515	0.48709	0.28215	0.48202	0.60137	0.57507	0.45944	0.52382	0.57367	0.39468	0.54594	0.63261	0.29314	0.44845	0.73004	0.92397	0.57458	0.62214	0.53782	0.60248	0.57853	0.58647	0.72011	0.441	0.57695	0.56395	0.39794	0.29104	0.35386	0.39285	0.81491	0.39797	0.42289	0.62262	0.29195	0.59226	0.49444	0.27011	0.50767	0.17955	0.47955	0.61698	0.30743	0.44019	0.86592	0.45362	0.63604	0.49577	0.3681	0.77272	0.44343	0.68263	0.61196	0.73484	0.74869	0.54139	0.59339	0.4203	0.32472	0.85165	0.8274	0.18012	0.29572	0.27626	0.81576	0.61071	0.53297	0.56591	0.62142	0.39961	0.8918	0.42102	0.29619	0.64796	0.23039	0.19175	0.06966	0.54453	0.0	0.44922	0.32992	0.39145	0.18663	0.5507	0.71276	0.51348	0.41132	0.38752	0.48268	0.29124	0.55293	0.61163	0.32548	0.5753	0.73162	0.62675	0.78782	0.46172	0.76221	0.64573	0.45987	0.37347	0.37662	0.50438	0.4112	0.6388	0.24389	0.51677	0.37788	0.17671	0.55191	0.5531	0.72306	0.49186	0.46242	0.68728	0.36442	0.40065	0.6354	0.2149	0.67022	0.71889	0.66904	0.35253	0.62834	0.3839	0.57083	0.34599	0.40428	0.76899	0.36001	0.5568	0.52392	0.54612	0.55127	0.47033	0.68579	0.62859	0.45572	0.6435	0.53836	0.50979	0.43531	0.37889	0.44161	0.48557	0.50451	0.20777	0.57391	0.85374	0.47716	0.22987	0.27362	0.62817	0.15137	0.56823	0.66277	0.62829	0.63549	0.6052	0.68231	0.54371	0.45581	0.09626	0.94264	0.1763	0.59972	0.39376	0.62299	0.66505	0.4639	0.45893	0.49151	0.44885	0.444	0.45288	0.45954	0.44557	0.63047	0.66312	0.25799	0.35054	0.44498	0.6776	0.52661	0.44179	0.62487	0.44304	0.23803	0.43092	0.7386	0.64973	0.34677	0.51762	0.74433	0.53617	0.21354	0.43967	0.36839	0.95447	0.12588	0.51862	0.31308	0.12542	0.27951	0.64376	0.33237	0.36668	0.59206	0.35908	0.91416	0.46972	0.49148	0.45852	0.32204	0.62226	0.83905	0.52437	0.77106	0.5563	0.52775	0.35774	0.86316	0.4848	0.57698	0.31573	0.57723	0.16608	0.40433	0.54374	0.65051	0.28546	0.31036	0.4613	0.37352	0.62752	0.32608	0.30034	0.3019	0.63803	0.58058	0.67983	0.64968	0.32987	0.62143	0.54883	0.39149	0.40133	0.1882	0.86493	0.48777	0.51394	0.59411	0.38846	0.409	0.45128	0.69604	0.16766	0.75877	0.79733	0.48466	0.4173	0.48865	0.6528	0.15113	0.60199	0.29548	0.47288	0.58775	0.26756	0.17189	0.57563	0.59405	0.65745	0.52678	0.55484	0.52148	0.28885	0.72154	0.43445	0.39024	0.45711	0.60682	0.42581	0.4561	0.30268	0.49321	0.49688	0.2709	0.32919	0.49747	0.63614	0.78486	0.7976	0.62122	0.39862	0.63795	0.41012	0.69217	0.22529	0.24655	0.49459	0.82071	0.62489	0.40474	0.61432	0.44641	0.38311	0.571	0.55141	0.41827	0.47454	0.72345	0.62672	0.47232	0.05076	0.67229	0.62112	0.50974	0.48885	0.32836	0.29706	0.44269	0.65314	0.70391	0.58846	0.36312	0.55919	0.35333	0.33018	0.69385	0.31134	0.52723	0.5561	0.49785	0.29662	0.74479	0.58798	0.48629	0.48317	0.28085	0.36324	0.26417	0.4102	0.76169	0.59051	0.22468	0.11389	0.50307	0.2929	0.22562	0.73513	0.81431	0.4347	0.53058	0.75117	0.18245	0.6448	0.64548	0.51304	0.4883	0.36764	0.46315	0.13152	0.6903	0.63069	0.59557	0.69877	0.6618	0.68386	1.0	0.27628	0.22201	0.87255	0.60276	0.20916	0.53016	0.43514	0.62215	0.45228	0.4176	0.48843
deer	0.47676	0.36827	0.77222	0.76945	0.60062	0.63263	0.99848	0.75369	0.73586	0.48538	0.30762	0.34821	0.36454	0.47646	0.48445	0.84222	0.39527	0.58594	0.54885	0.68071	0.62413	0.52562	0.49643	0.38402	0.54361	0.47808	0.53936	0.19705	0.5457	0.93355	0.66986	0.49558	0.77175	0.60714	0.49718	0.53143	0.71731	0.6387	0.72488	0.63989	0.55842	0.77227	0.67756	0.38608	0.33525	0.53843	0.26271	0.46316	0.60567	0.1412	0.37527	0.64544	0.95205	0.74893	0.40379	0.40951	0.25483	0.712	0.5686	0.48585	0.90081	0.60796	0.1441	0.56602	0.94857	0.0	0.50987	0.3913	0.63549	0.33824	0.61601	0.68581	0.66511	0.30067	0.3318	0.69409	0.63841	0.47676	0.7014	0.38941	0.43459	0.56098	0.84688	0.54751	0.2872	0.22695	0.34058	0.17639	0.583	0.52672	0.30174	0.90801	0.65404	0.68785	0.09156	0.20194	0.30049	0.62608	0.37349	0.27944	0.46065	0.37044	0.69769	0.64801	0.3068	0.38308	0.41956	0.26103	0.88475	0.67201	0.42878	0.5187	0.64437	0.79624	0.45258	0.2555	0.32922	0.44061	0.57053	0.37578	0.57237	0.18096	0.30102	0.73471	0.75226	0.42535	0.31998	0.45425	0.29711	0.60898	0.24987	0.23025	0.01198	0.53041	0.24135	0.33324	0.90345	0.18106	0.63364	0.61276	0.38909	0.39441	0.59135	0.84459	0.78656	0.40705	0.44746	0.49567	0.58868	0.62361	0.64393	0.33146	0.29206	0.60422	0.41246	0.71634	0.63362	0.48984	0.4123	0.38731	0.74878	0.67722	0.68048	0.42041	0.46495	0.45972	0.51618	0.52672	0.50147	0.23463	0.45751	0.53781	0.38378	0.50494	0.247	0.25214	0.25554	0.53451	0.31495	0.81446	0.35219	0.33549	0.40623	0.64543	0.48802	0.46491	0.79441	0.61161	0.48245	0.58949	0.78502	0.54694	0.45974	0.43971	0.42699	0.6737	0.45606	0.0	0.1724	0.08003	0.30051	0.4611	0.81694	0.78921	0.47811	0.41148	0.4109	0.46979	0.3198	0.66615	0.55638	0.0	0.42488	0.41498	0.41545	0.47278	0.25992	0.24664	0.85177	0.44339	0.55129	0.57608	0.35057	0.12638	0.46407	0.39829	0.33355	0.48054	0.56237	0.40593	0.4718	0.63871	0.53476	0.51483	0.43878	0.74474	0.46906	0.43193	0.44782	0.54211	0.12093	0.47961	0.71726	0.63881	0.58099	0.18491	0.65033	0.34678	0.35945	0.50551	0.47738	0.43316	0.42862	0.72021	0.2671	0.24063	0.67088	0.33941	0.49656	0.73491	0.59643	0.49092	0.36957	0.51716	0.38768	0.56949	0.53464	0.76865	0.60008	0.27225	0.54323	0.5852	0.23171	0.74912	0.16882	0.5384	0.71317	0.51436	0.44756	0.67928	0.36688	0.44472	0.72382	0.22961	0.54682	0.50064	0.76538	0.5188	0.184	0.66892	0.43996	0.36973	0.68192	0.41004	0.32133	0.53097	0.63321	0.61612	0.78612	0.36046	0.34187	0.61903	0.59512	0.45786	0.20555	0.42395	0.0	0.34212	0.66461	0.41083	0.44477	0.5469	0.57406	0.53699	0.17613	0.2778	0.47601	0.61078	0.32203	0.79363	0.45584	0.81293	0.44996	0.59726	0.43143	0.68385	0.5732	0.44463	0.50566	0.32272	0.45484	0.64095	0.30407	0.71832	0.57305	0.77955	0.60427	0.68571	0.37744	0.41651	0.83949	0.34972	0.74378	0.0264	0.76491	0.40115	0.27449	0.48549	0.6715	0.55935	0.4525	0.4511	0.51437	0.35729	0.62526	0.54873	0.7031	0.34614	0.4413	0.70764	0.51125	0.47124	0.84478	0.73231	0.56243	0.51552	0.45151	0.73847	0.62362	0.61592	0.42366	0.25337	0.41284	0.52528	0.61121	0.67755	0.25376	0.64172	0.68528	0.36927	0.41338	0.55833	0.79533	0.57611	0.37686	0.75168	0.30444	0.33504	0.41169	0.49795	0.06956	0.4814	0.21868	0.33118	0.7281	0.63131	0.1947	0.20339	0.56262	0.40299
diamondback_rattlesnake	0.30029	0.27096	0.43611	0.47777	0.56886	0.50416	0.54593	0.30089	0.60519	0.76834	0.32059	0.50167	0.63042	0.77919	0.52414	0.74574	0.62977	0.34138	0.45174	0.48617	0.41407	0.43663	0.59791	0.59966	0.76628	0.7272	0.73237	0.5502	0.42148	0.70005	0.44517	0.5642	0.66127	0.25905	0.40649	0.60118	0.84054	0.4723	0.59041	0.54659	0.57761	0.50229	0.44163	0.2931	0.31934	0.64117	0.07266	0.25554	0.22901	0.41987	0.26028	0.58219	0.36752	0.4307	0.43828	0.34056	0.53999	0.53007	0.46882	1.0	0.81305	0.73107	0.13847	0.3617	0.43256	0.49485	1.0	0.3484	0.58082	0.57039	0.68231	0.42942	0.42837	0.47513	0.58579	0.70644	0.48129	0.30431	0.29649	0.30197	0.46835	0.40821	0.88709	0.29004	0.3615	0.4667	0.54078	0.19343	0.67155	0.39864	0.23796	0.39998	0.49065	0.93588	0.45323	0.79724	0.26445	0.42608	0.50305	0.75474	0.58943	0.49843	0.48192	0.32446	0.29149	0.43951	0.80105	0.43512	0.79729	0.69832	0.44308	0.52059	0.15166	0.28332	0.68896	0.90182	0.37185	0.40884	0.48436	0.60047	0.51529	0.29921	0.38369	0.62016	0.60687	0.47081	0.22529	0.66147	0.51545	0.44788	0.51083	0.41524	0.50662	0.39608	0.19084	0.5825	0.39716	0.66808	0.36296	0.39606	0.38332	0.76039	0.49067	0.45143	0.73383	0.37677	0.32612	0.44957	0.52786	0.58714	0.2861	0.45745	0.40128	0.45015	0.40378	0.32828	0.60954	0.61183	0.82383	0.34507	0.447	0.41308	0.57336	0.45622	0.22983	0.36456	0.15544	0.66896	0.47949	0.51146	0.43302	0.71166	0.46936	0.71924	0.06392	0.4174	0.77412	0.27266	0.33719	0.57194	0.46374	0.40369	0.42359	0.39605	0.51899	0.49949	0.58689	0.40471	0.4097	0.44168	0.53135	0.63926	0.59526	0.60134	0.52412	0.30495	0.57294	0.3152	0.55939	0.7984	0.39198	0.24779	0.41155	0.4432	0.59821	0.65975	0.45259	0.37373	0.54811	0.64852	0.91245	0.3691	0.50778	0.71418	0.70367	0.59245	0.38454	0.39473	1.0	0.53265	0.61449	0.46996	0.31811	0.515	0.4066	0.31276	0.28695	0.40959	0.42827	0.37722	0.43193	0.39179	0.7173	0.54215	0.19985	0.8553	0.75315	0.57726	0.54119	0.45496	0.31952	0.20621	0.55143	0.59676	0.42388	0.39723	0.23015	0.13561	0.74088	0.73835	0.2375	0.33834	0.42271	0.47506	0.21348	0.77768	0.72607	0.36986	0.34624	0.68835	0.59384	0.68431	0.58404	0.45534	0.28151	0.47549	0.54743	0.30829	0.38418	0.16354	0.5773	0.5331	0.6713	0.39973	0.43094	0.72444	0.57649	0.40841	0.67548	0.77321	0.49131	0.7237	0.33186	0.49544	0.29516	0.37508	0.43678	0.23876	0.37409	0.59532	0.46433	0.64217	0.35207	0.67353	0.45233	0.47951	0.38126	0.32349	0.5697	0.71008	0.41797	0.77692	0.7886	0.56116	0.45563	0.46301	0.25208	0.53307	0.7448	0.56549	0.48048	0.53898	0.44963	0.21373	0.66849	0.41674	0.55368	0.50545	0.39064	0.55005	0.87186	0.70129	0.51802	0.61244	0.45493	0.1593	0.28105	0.63374	0.48869	0.6541	0.36685	0.47355	0.32839	0.65296	0.29554	0.61412	0.81298	0.58795	0.53082	0.59151	0.34537	0.38904	0.45992	0.16686	0.39076	0.52787	0.40785	0.67828	0.47996	0.78439	0.65951	0.66136	0.515	0.44272	0.73524	0.60689	0.42398	0.37324	0.49591	0.37638	0.44561	0.65956	0.49683	0.74362	0.59081	0.50799	0.44189	0.47929	0.70826	0.80958	0.32521	0.35318	0.38047	0.73407	0.68303	0.27203	0.62076	0.84996	0.85837	0.41915	0.51166	0.74949	0.56773	0.36936	0.31475	0.69305	0.42952	0.40354	0.39899	0.31818	0.50646	0.66828	0.29135	0.71007	0.32688	0.54189	0.21541	0.42944	0.63802	0.37512
dingo	0.31355	0.42733	0.62513	0.69754	0.49057	0.46571	0.44861	0.68821	0.56296	0.62269	0.40002	0.50991	0.74731	0.54804	0.43774	0.30706	0.62273	0.50349	0.48291	0.12516	0.48256	0.57247	0.64701	0.42342	0.45447	0.38754	0.55924	0.48218	0.47697	0.64352	0.60307	0.39181	0.66928	0.91956	0.52853	0.68147	0.31699	0.45519	0.38351	0.57456	0.72172	0.2252	0.67775	0.47273	0.64107	0.55442	0.57772	0.64968	0.44017	0.52497	0.24338	0.21532	0.23375	0.09824	0.51241	0.34847	0.53171	0.4815	0.4354	0.61272	0.70664	0.71035	0.8206	0.50642	0.63221	0.51205	0.33471	0.49671	0.61023	0.71558	0.39478	0.6379	0.62982	0.68481	0.59802	0.73202	0.76385	0.53218	0.59664	0.41162	0.52881	0.33644	0.37184	0.31678	0.90513	0.36718	0.87328	0.4028	0.85518	0.55078	0.29993	0.37126	0.26298	0.52436	0.3089	0.57958	0.32181	0.64235	0.29656	0.39742	0.40584	0.36632	0.45597	0.39471	0.45732	0.62367	0.49841	0.59466	0.37438	0.33091	0.2199	0.61192	0.45175	0.65083	0.59274	0.44787	0.43186	0.29392	0.35701	0.64631	0.56756	0.2659	0.3434	0.4687	0.27867	0.5137	0.22758	0.16987	0.43501	0.86059	0.56497	0.58507	0.16585	0.53287	0.4192	0.36855	0.62291	0.29112	0.61066	0.53338	0.6286	0.26291	0.5395	0.43711	0.55399	0.48502	0.51748	0.72261	0.67368	0.52601	0.50627	0.72946	0.28971	0.19623	0.19058	0.54331	0.61207	0.5728	0.5376	0.58905	0.74531	0.23202	0.26243	0.48451	0.54127	0.10094	0.58192	0.66314	0.46392	0.38168	0.39796	0.67908	0.45402	0.69569	0.81089	0.43759	0.39832	0.56631	0.41622	0.74235	0.25965	0.27901	0.65575	0.49303	0.64362	0.50043	0.42823	0.59133	0.15513	0.69708	0.46453	0.63358	0.45008	0.28302	0.62063	0.56506	0.72061	0.83339	0.4983	0.45357	0.24707	0.44572	0.63267	0.57478	0.88422	0.55954	0.66703	0.43968	0.42735	0.86154	0.79602	0.7776	0.57573	0.31226	0.45166	0.58858	0.27113	0.68558	0.74085	0.50651	0.64504	0.37223	0.364	0.87947	0.21621	0.17972	0.4605	0.51329	0.91911	0.44604	0.55772	0.44359	0.65717	0.41698	0.46493	0.45286	0.13894	0.60491	0.7508	0.1985	0.85717	0.66868	0.44735	0.199	0.56691	0.63612	0.69027	0.46782	0.4963	0.62789	0.67211	0.48016	0.71037	0.50307	0.71019	0.43393	0.42185	0.33486	0.05158	0.64662	0.26907	0.32017	0.46654	0.59194	0.61693	0.67327	0.35591	0.45048	0.65159	0.57477	0.2979	0.47757	0.41662	0.54678	0.30056	0.40765	0.70045	0.67904	0.49386	0.64586	0.46655	0.53685	0.26078	0.35102	0.7445	0.27536	0.48959	0.33946	0.37071	0.10894	0.54356	0.42767	0.41673	0.50231	0.58506	0.268	0.5002	0.55074	0.64627	0.39176	0.59555	0.39875	0.58942	0.59911	0.5714	0.32399	0.41237	0.19879	0.23222	0.5982	0.53189	0.50641	0.49508	0.62827	0.55093	0.34568	0.75527	0.27083	0.38995	0.30476	0.61714	0.47136	0.57268	0.33417	0.2574	0.44333	0.31804	0.54243	0.55752	0.47349	0.39241	0.46909	0.59849	0.44038	0.58064	0.86806	0.57219	0.10923	0.67088	0.43153	0.33441	0.51489	0.3917	0.72511	0.77345	0.70436	0.49191	0.39928	0.38676	0.18617	0.57011	0.48879	0.59279	0.6376	0.67914	0.38625	0.28571	0.59216	0.35008	0.66937	0.34156	0.34839	0.62644	0.58238	0.494	0.76945	0.43178	0.51834	0.61837	0.66146	0.44705	0.51302	0.76161	0.23973	0.38961	0.2235	1.0	0.15272	0.62765	0.2033	0.2211	0.52653	0.58076	0.1889	0.35116	0.87148	0.88033	0.54457	0.39323	0.22222	0.36644	0.24794	0.42324	0.47507	0.53395	0.6343	0.48406	0.51374	0.51649	0.44665
dog	0.45992	0.23686	0.3894	0.37374	0.52428	0.49689	0.83761	0.39988	0.37405	0.60584	0.11422	0.41535	0.53497	0.64913	0.35998	0.80984	0.60779	0.50849	0.33293	0.57381	0.43596	0.66125	0.65141	0.8949	0.78012	0.63383	1.0	0.61739	0.47539	0.75109	0.5884	0.09602	0.35486	0.20005	0.28664	0.74165	0.72898	0.57277	0.38033	0.73801	0.73203	0.95217	0.49314	0.57252	0.30791	1.0	0.40392	0.50236	0.46626	0.90347	0.22926	0.70327	0.68306	0.44085	0.30188	0.36826	0.82192	0.19809	0.21796	0.16274	0.5232	0.71679	0.27327	0.61936	0.30829	0.56261	0.74239	0.55122	1.0	0.43313	0.6595	0.54553	0.4668	0.31022	0.29722	0.32325	0.45595	0.92056	0.42992	0.81373	0.55472	0.34826	0.49992	0.22846	0.84125	0.43899	0.5931	0.45961	0.49461	0.48221	0.29904	0.22028	0.34998	0.54838	0.72469	0.67227	0.33779	0.48115	0.45325	0.17189	0.61671	0.46617	0.92142	0.88518	0.81272	0.56388	0.24099	0.53171	0.72818	0.44974	0.41358	0.02139	0.70715	0.09372	0.66965	0.69576	0.2652	0.20767	0.59294	0.24303	0.44539	0.79422	0.55821	0.56975	0.61758	0.42407	0.454	0.20898	0.67349	0.38202	0.45962	0.73015	0.57977	0.18259	0.27498	0.194	0.74575	0.59061	0.33107	0.81728	0.26683	0.32188	0.58211	0.69469	0.78375	0.41672	0.59332	0.48567	0.55965	0.48093	0.26322	0.326	0.51238	0.68947	0.492	0.63766	0.49457	0.22899	0.89774	0.674	0.52215	0.64839	0.61281	0.58858	0.61191	0.67664	0.2945	0.6965	0.34506	0.4589	0.53385	0.34723	0.25523	0.61441	0.38695	0.56499	0.51307	0.75393	0.37474	0.67928	0.46421	0.17646	0.46144	0.61335	0.51812	0.62239	0.26662	0.31844	0.30005	0.53707	0.54234	0.85204	0.68354	0.30865	0.62202	0.30239	0.31654	0.65279	0.43921	0.29441	0.66587	0.21694	0.18431	0.49027	0.45012	0.63283	0.54771	0.29037	0.88128	0.64193	0.53985	0.62946	0.0	0.68577	0.57936	0.44797	0.64655	0.35704	0.44988	0.47548	0.49018	0.2749	0.58785	0.3733	0.80748	0.24427	0.47849	0.43086	0.4452	0.30636	0.68723	0.77785	0.71593	0.67015	0.24086	0.56032	0.84955	0.5765	0.35721	0.05045	0.0	0.38203	0.41118	0.416	0.52942	0.51888	0.65989	0.41203	0.24126	0.8513	0.10148	0.4248	0.42166	0.49678	0.42015	0.25455	0.25881	0.77005	0.18956	0.65585	0.54749	0.0	0.56633	0.4164	0.63886	0.76737	0.66658	1.0	0.35152	0.24287	0.24301	0.34015	0.55713	0.6603	0.5116	0.55785	0.56967	0.64118	0.65416	0.52465	0.42273	0.99384	0.4816	0.52265	0.24892	0.59866	0.44443	0.40898	0.53327	0.51289	0.41405	0.57559	0.51196	0.23398	0.61911	0.60853	0.61985	0.4388	0.74639	0.57686	0.23272	0.52674	0.45985	0.5361	0.41119	0.63522	0.28229	0.37776	0.43481	0.72858	0.3672	0.2567	0.36755	0.41799	0.22298	0.80022	0.63421	0.60872	0.33432	0.9151	0.7646	0.32889	0.6374	0.36161	0.43143	0.67872	0.5144	0.84256	0.43247	0.81119	0.63019	0.52324	0.43949	0.84948	0.38417	0.25621	0.68679	0.58615	0.31376	0.50048	0.22042	0.36246	0.43709	0.06159	0.61757	0.33087	0.1262	0.60936	0.84192	0.45988	0.36703	0.63525	0.38523	0.42963	0.80427	0.22129	0.15034	0.0	0.71754	0.62811	0.64576	0.74682	0.33676	0.54454	0.90364	0.20319	0.40389	0.4051	0.40274	0.45683	0.32214	0.68272	0.61117	0.46585	0.58312	0.25055	0.31835	0.45519	0.70328	0.49897	0.51797	0.55558	0.33896	0.59777	0.6245	0.73212	0.4371	0.5569	0.77155	0.39152	0.23467	0.55676	0.39062	0.44474	0.37378	0.60331	0.27967	0.31279	0.32292	0.33975
dolphin	0.61246	0.34746	0.4015	0.47805	0.70598	0.43669	0.48493	0.70841	0.7856	0.38021	0.50187	0.37457	0.6329	0.47287	0.40633	0.42661	0.43872	0.41753	0.5196	0.41365	0.58357	0.50412	0.52876	0.46053	0.43522	0.34214	0.35378	0.36568	0.72594	0.46183	0.48124	0.67887	0.66051	0.85747	0.55413	0.55316	0.58503	0.5777	0.42311	0.65137	0.65211	0.49114	0.43654	0.88556	0.46619	0.20602	0.54027	0.31236	0.45844	0.29008	0.17994	0.59309	0.2052	0.68813	0.49716	0.3158	0.52702	0.66585	0.88359	0.881	0.4418	0.59295	0.93436	0.64939	0.87364	0.67632	0.55703	0.49343	0.69838	0.69901	0.4902	0.51722	0.20293	0.55175	0.60319	0.50694	0.52638	0.39706	0.49192	0.58161	0.58172	0.1431	0.72445	0.50092	0.54072	0.26234	0.84318	0.43496	0.77508	0.60081	0.51003	0.20636	0.7535	0.62407	0.33071	0.53727	0.35404	0.45838	0.39002	0.36719	0.42717	0.60731	0.35202	0.51259	0.4974	0.77229	0.40812	0.92762	0.60061	0.6077	0.38883	0.34931	0.21797	0.25473	0.26091	0.57559	0.63336	0.22255	0.32302	0.47525	0.65085	0.62705	0.46505	0.69559	0.28064	0.72216	0.69615	0.51083	0.74085	0.59526	0.58597	0.42844	0.66004	0.80444	0.63567	0.80276	0.38235	0.45132	0.64621	0.79635	0.5275	0.20459	0.47199	0.75664	0.56744	0.34065	0.63456	0.25592	0.23487	0.43597	0.12329	0.40648	0.59037	0.53719	0.27451	0.72588	0.84031	0.70232	0.50436	0.81157	0.40674	0.32843	0.4045	0.71398	0.31508	0.24443	0.43283	0.77786	0.72026	0.8332	0.44281	0.60049	0.75357	0.65994	0.68913	0.23516	0.5852	0.5164	0.58916	0.55972	0.60237	0.15883	0.29854	0.3375	0.23154	0.44731	0.42027	0.10869	0.44636	0.63644	0.29185	0.54139	0.2051	0.20237	0.89019	0.32024	0.35443	0.71518	0.11978	0.67155	0.57689	0.56558	0.21443	0.56803	0.23089	0.67549	0.72265	0.39211	0.59049	0.22317	0.36189	0.4072	0.59009	0.59606	0.21199	0.57735	0.70073	0.52001	0.35564	0.64538	0.40377	0.39172	0.80451	0.35354	0.47261	0.68133	0.57044	0.50451	0.50209	0.32198	0.3287	0.52616	0.66999	0.55891	0.51526	0.0	0.86513	0.521	0.12896	0.3515	0.47583	0.4498	0.41154	0.40825	0.54249	0.38428	0.22131	0.47434	0.69456	0.57703	0.5815	0.61738	0.48992	0.70721	0.32188	0.40571	0.77069	0.52691	0.46336	0.87825	0.33862	0.34575	0.79955	0.41902	0.22712	0.52383	0.24627	0.8798	0.56482	0.36891	0.50914	0.53983	0.43645	0.23674	0.40594	0.38843	0.40686	0.57498	0.67154	0.69745	0.46599	0.45628	0.4898	0.57933	0.49513	0.68487	0.67699	0.40652	0.23472	0.52434	0.12327	0.44241	0.50734	0.58581	0.70962	0.55144	0.45361	0.43222	0.28894	0.30514	0.42314	0.56052	0.5227	0.3097	0.63967	0.22886	0.54277	0.3389	0.30006	0.64832	0.87423	0.65696	0.78278	0.96789	0.62478	0.65261	0.16189	0.35089	0.33546	0.31589	0.90482	0.18105	0.24683	0.91132	0.48685	0.39306	0.52332	0.5121	0.44538	0.41705	0.63966	0.33427	0.33245	0.582	0.6765	0.54768	0.51798	0.64212	0.49245	0.09568	0.51445	0.33994	0.69643	0.12558	0.47455	0.35171	0.38985	0.57554	0.17789	0.14209	0.35997	0.0639	0.21443	0.44914	0.50165	0.29583	0.67288	0.49797	0.56271	0.49365	0.764	0.65157	0.54973	0.28978	0.88803	0.34555	0.68075	0.74044	0.40932	0.45406	0.6309	0.21432	0.72198	0.6696	0.42389	0.31936	0.49964	0.48061	0.35357	0.51395	0.33724	0.0	0.47718	0.42461	0.26515	0.19936	0.83632	0.36265	0.34817	0.68482	0.55981	0.59764	0.61739	0.55377	0.50605	0.43492	0.71318	0.49755	0.31465	0.46315
donkey	0.3551	0.97916	0.40279	0.509	0.60632	0.7511	0.48345	0.47278	0.53843	0.33263	0.55335	0.50621	0.43006	0.46382	0.58904	0.31246	0.22116	0.72953	0.50365	0.32789	0.69446	0.39458	0.55161	0.15468	0.263	0.71967	0.2893	0.6118	0.45903	0.70375	0.71213	0.20217	0.76497	0.63969	0.51033	0.73649	0.44858	0.44169	0.26943	0.60476	0.56125	0.42139	0.30066	0.41343	0.84276	0.54022	0.65379	1.0	0.59851	0.59055	0.4384	0.58025	0.31301	0.26594	0.63184	0.82946	0.55202	0.37989	0.38224	0.55511	0.46052	0.64248	0.36406	0.59537	0.35121	0.36553	0.52395	0.6684	0.91828	0.79053	0.39071	0.38643	0.07822	0.51453	0.0773	0.56669	0.37133	0.45398	0.5897	0.55827	0.45199	0.43232	0.3242	0.38597	0.68069	0.51489	0.60513	0.5191	0.61557	0.39471	0.91552	0.47153	0.3777	0.23024	0.52248	0.13752	0.26167	0.58403	0.0084	0.53411	0.66447	0.54369	0.17331	0.45348	0.6272	0.49268	0.17164	0.42282	0.44517	0.2808	0.43659	0.33435	0.41394	0.70657	0.51278	0.64343	0.41116	0.37005	0.34409	0.79776	0.39478	0.74587	0.47673	0.25583	0.4538	0.14852	0.6412	0.29941	0.63938	0.65061	0.60277	0.34982	0.3391	0.55726	0.58638	0.35939	0.29619	0.41194	0.62156	0.42365	0.35571	0.56444	0.7193	0.17439	0.3989	0.52992	0.04419	0.73949	0.40672	0.33441	0.51162	0.73091	0.3564	0.47294	0.44491	0.56746	0.74386	0.35079	0.36749	0.23616	0.53528	0.10318	0.64453	0.50091	0.2837	0.71878	0.75289	0.45419	0.38871	0.31656	0.32336	0.28033	0.71264	0.39403	0.86336	0.41126	0.11791	0.47645	0.32176	0.1769	0.87323	0.37146	0.62648	0.42747	0.26524	0.18575	0.48893	0.43101	0.60648	0.66026	0.64482	0.35729	0.75749	0.55332	0.50654	0.56161	0.94559	0.7117	0.7049	0.59589	0.23236	0.6103	0.88723	0.6753	0.53607	0.70402	0.71787	0.64969	0.46095	0.37776	0.58016	0.57264	0.54316	0.6664	0.57866	0.45458	0.37668	0.49231	0.32176	0.50154	0.32429	0.54797	0.63393	0.69622	0.41751	0.7364	0.46557	0.38007	0.50829	0.49267	0.94905	0.51626	0.51506	0.91316	0.50538	0.57826	0.54337	0.68695	0.86368	0.45333	0.53813	0.65767	0.50193	0.46633	0.77126	0.78545	0.55949	0.20929	0.46235	0.45919	0.52443	0.50999	0.50561	0.69427	0.83568	0.47879	0.3954	0.72562	0.86645	0.38836	0.51539	0.46525	0.45625	0.59409	0.63972	0.48557	0.91509	0.332	0.47648	0.63635	0.53455	0.45917	0.71062	0.24707	0.60574	0.42085	0.53692	0.13844	0.74134	0.66263	0.56822	0.54603	0.3135	0.47055	0.61391	0.54453	0.49492	0.19656	0.68166	0.43976	0.35423	0.4382	0.52494	0.59968	0.32571	0.84796	0.48132	0.50941	0.29231	0.52071	0.36415	0.76744	0.50191	0.72037	0.1736	0.39881	0.64826	0.25546	0.20076	0.92586	0.60546	0.53726	0.20213	0.44585	0.50963	0.78208	0.41241	0.27564	0.84674	0.34413	0.27088	0.39889	0.71804	0.17836	0.575	0.34735	0.9662	0.58165	0.40769	0.42805	0.74978	0.37877	0.41898	0.3369	0.59705	0.33896	0.57506	0.52893	0.21523	0.41527	0.47223	0.53771	0.4502	0.41029	0.60674	0.27817	0.51946	0.33094	0.39923	0.5719	0.38654	0.27128	0.18461	0.39546	0.41451	0.62348	0.43105	0.48749	0.06432	0.98671	0.74935	0.19118	0.56628	0.48823	0.72303	0.63708	0.50036	0.4375	0.55766	0.53949	0.67172	0.48425	0.73817	0.34513	0.27217	0.40928	0.73751	0.35964	0.85198	0.3125	0.57483	0.33516	0.56216	0.10018	0.13883	0.0	0.57187	0.33072	0.49468	0.30129	0.45127	0.24657	0.40217	0.57922	0.32609	0.6838	0.65496	0.56956	0.38884	0.38732
dove	0.3606	0.67571	0.57559	0.56525	0.78746	0.62201	0.32042	0.62723	0.74509	0.25518	0.52376	0.87095	0.36413	0.7419	0.68212	0.17905	0.10678	0.45299	0.4866	0.12858	0.53619	0.53987	0.3277	0.32915	0.24622	0.88966	0.38194	0.05416	0.48475	0.38451	0.73832	0.43582	0.3769	0.74641	0.56957	0.66045	0.67794	0.57072	0.35202	0.64896	0.82281	0.57062	0.30027	0.48877	0.71443	0.45639	0.37654	0.92631	0.80985	0.51987	0.33959	0.23494	0.28626	0.48119	0.39529	0.59903	0.42739	0.43206	0.72781	0.5657	0.46059	0.57384	0.50539	0.36101	0.63484	0.5933	0.48345	0.60482	0.63996	0.75784	0.44092	0.15809	0.75231	0.33456	0.068	0.3554	0.51973	0.32816	0.51505	0.42311	0.47038	0.41277	0.43156	0.37548	0.46228	0.42103	0.56879	0.53538	0.74192	0.05303	0.5584	0.38026	0.27454	0.70518	0.60253	0.4152	0.39886	0.37761	0.55076	0.27337	0.49758	0.61958	0.33058	0.49475	0.61029	0.63145	0.57103	0.36642	0.57362	0.1511	0.58159	0.26489	0.41867	0.5873	0.55892	0.6154	0.79077	0.29218	0.27794	0.80394	0.70254	0.41497	0.36474	0.44609	0.09637	0.50128	0.5304	0.67639	0.70183	0.74449	0.54449	0.5807	0.43617	0.55502	0.71252	0.64452	0.47854	0.30292	0.87937	0.48983	0.61749	0.61387	0.69	0.31373	0.25195	0.38854	0.47997	0.31737	0.53991	0.31817	0.7493	0.502	0.31331	0.75271	0.24284	0.58305	0.67506	0.39988	0.07222	0.33316	0.86813	0.24309	0.65412	0.75055	0.27902	0.55222	0.69135	0.55799	0.35303	0.32956	0.59879	0.59224	0.45012	0.65969	0.68398	0.15075	0.36578	0.5684	0.2531	0.43018	0.61981	0.24444	0.61775	0.54573	0.33606	0.34036	0.14835	0.58649	0.46204	0.56916	0.38488	0.4714	0.49742	0.21147	0.47286	0.636	0.74373	0.67844	0.65004	0.89907	0.4731	0.60724	0.45769	0.87509	0.64978	0.68284	0.39154	0.69262	0.46509	0.49003	0.54954	0.56497	0.58477	0.53203	0.45625	0.78704	0.39111	0.82793	0.36412	0.73564	0.48887	0.54652	0.70752	0.77284	0.75736	0.758	0.4656	0.21487	0.64631	0.68453	0.70213	0.3787	0.70463	0.49649	0.63461	0.37536	0.52919	0.78635	0.68247	0.38823	0.5243	0.48139	0.42302	0.70474	0.78953	0.46789	0.62545	0.29267	0.34126	0.4168	0.85133	0.52381	0.61144	0.56547	0.41934	0.23103	0.27178	0.8983	0.50465	0.49224	0.89301	0.45578	0.52257	0.77629	0.3319	0.39208	0.53872	0.49208	0.06118	0.62583	0.3246	0.63807	0.30318	0.5882	1.0	0.50221	0.46429	0.53883	0.49889	0.90407	0.16216	0.41289	0.67274	0.50892	0.74929	0.78217	0.38661	0.30512	0.16892	0.34102	0.42809	0.47118	0.42254	0.71147	0.59477	0.56033	0.34351	0.64628	0.28609	0.54737	0.32937	0.60986	0.39107	0.22876	0.36417	0.0	0.66473	0.34232	0.41935	0.48805	0.3887	0.29418	0.52679	0.78167	0.5668	0.40876	0.43077	0.32298	0.66879	0.63678	0.24716	0.4011	0.4986	0.28632	0.38264	0.5271	0.45225	0.55834	0.29201	0.37216	0.80411	0.32488	0.56358	0.24123	0.38049	0.70177	0.56001	0.37698	0.17173	0.36624	0.38289	0.42007	0.76933	0.19208	0.6069	0.44295	0.66652	0.35775	0.38766	0.25979	0.22234	0.23636	0.39209	0.69242	0.3861	0.37002	0.48152	0.58494	0.44323	0.78476	0.60048	0.42325	0.44749	0.23368	0.69974	0.60137	0.4788	0.40309	0.59761	0.56315	0.3034	0.2287	0.66729	0.29344	0.38117	0.26831	0.6506	0.0	0.56277	0.66878	0.89308	0.26252	0.78639	0.28072	0.05381	0.5256	0.28658	0.28873	0.64822	0.37347	0.59179	0.306	0.61612	0.8141	0.64087	0.50914	0.61209	0.4978	0.36274	0.48456
dragonfly	0.53701	0.60937	0.72183	0.73594	0.65452	0.53403	0.50921	0.42951	0.74358	0.61146	0.63999	0.26478	0.47596	0.41701	0.49831	0.0	0.6433	0.76075	0.35084	0.39556	0.48666	0.71425	0.52214	0.41747	0.5102	0.31049	0.67222	0.59733	0.49552	0.48978	0.3638	0.516	0.81231	0.37034	0.25706	0.84367	0.66173	0.43764	0.03783	0.70424	0.4668	0.46466	0.29032	0.34159	0.49941	0.57292	0.58302	0.61345	0.52683	0.61231	0.63522	0.50346	0.26965	0.70917	0.60131	0.34718	0.5837	0.51176	0.20501	0.31708	0.4514	0.67325	0.73412	0.81844	0.37627	0.28193	0.38347	0.1218	0.49267	0.11682	0.34912	0.53153	0.32185	0.36179	0.32787	0.16548	0.66191	0.13542	0.20972	0.45001	0.38993	0.55826	0.80673	0.47169	0.84312	0.84584	0.3537	0.42436	0.44727	0.84975	0.50975	0.66819	0.78838	0.69697	0.66885	0.68464	0.20627	0.40853	0.87104	0.36946	0.46569	0.84711	0.13494	0.55439	0.67521	0.47922	0.6037	0.59046	0.46162	0.34577	0.68661	0.40424	0.21114	0.88127	0.71362	0.49735	0.37891	0.49141	0.13158	0.18482	0.24474	0.38334	0.44403	0.53366	0.66522	0.85207	0.54746	0.38335	0.38081	0.45319	0.5485	0.59769	0.57427	0.53314	0.27012	0.69608	0.40431	0.34195	0.65175	0.36635	0.52792	0.82227	0.30005	0.45559	0.38718	0.59892	0.58307	0.50804	0.19539	0.33218	0.6116	0.57744	0.32357	0.41963	0.19022	0.70608	0.41677	0.6276	0.65392	0.76698	0.4994	0.63617	0.75351	0.7007	0.38927	0.34035	0.74032	0.32442	0.4802	0.46527	0.45152	0.69241	0.08628	0.64844	0.36287	0.50399	0.28959	0.4751	0.45523	0.33409	0.41394	0.49021	0.61665	0.43114	0.38952	0.2505	0.49083	0.19221	0.68078	0.38033	0.57268	0.18711	0.57184	0.42118	0.43277	0.77802	0.49264	0.39383	0.22482	0.54614	0.34747	0.42018	0.76567	0.30362	0.6921	0.86945	0.40365	0.81944	0.48182	0.47396	0.34351	0.52573	0.39154	0.28396	0.66923	0.0	0.60375	0.52034	0.44182	0.40496	0.76512	0.49997	0.34331	0.39514	0.42704	0.2521	0.34493	0.29695	0.68726	0.46628	0.52804	0.38655	0.70942	0.31807	0.47818	0.58493	0.57088	0.33693	0.71728	0.66683	0.57482	0.46047	0.56187	0.77027	0.93943	0.55667	0.38794	0.43015	0.61199	0.86431	0.56715	0.52713	0.2578	0.45602	0.70971	0.68148	0.43631	0.44805	0.43957	0.40651	0.59436	0.41988	0.42977	0.56083	0.70765	0.66254	0.46854	0.16344	0.36206	0.0	0.5703	0.57179	0.58581	0.69156	0.23993	0.58667	0.56365	0.80375	0.64179	0.43062	0.67917	0.65062	0.57322	0.69771	0.29518	0.44917	0.55836	0.55447	0.34869	0.39299	0.49444	0.6872	0.56621	0.41101	0.41446	0.72317	0.24663	0.43271	0.72077	0.59289	0.76731	0.45178	0.60639	0.61876	0.56033	0.48184	0.59689	0.48676	0.1964	0.52324	0.27331	0.5007	0.48032	0.76546	0.51924	0.42823	0.46868	0.38059	0.60942	0.45157	0.56567	0.41228	0.72737	0.13537	0.5484	0.23268	0.54471	0.57919	0.35833	0.43708	0.6578	0.29543	0.66815	0.33084	0.35917	0.49126	0.43181	0.63147	0.57497	0.71013	0.37357	0.76868	0.58338	0.51777	0.54844	0.72153	0.46927	0.69663	0.53682	0.81125	0.38994	0.38919	0.62752	0.45191	0.72282	0.21269	0.29787	0.62524	0.73807	0.49238	0.58036	0.6104	0.44589	0.54662	0.4288	0.32613	0.36548	0.20124	0.52324	0.88619	0.36229	0.38806	0.35138	0.2632	0.84139	0.57798	0.1612	0.37266	0.80124	0.46752	0.2417	0.91685	0.49987	0.67535	0.40821	0.66601	0.12584	0.67945	0.36429	0.51776	0.52911	0.41262	0.49882	0.79271	0.52698	0.20092	0.68785	0.58032	0.29675	0.46971
duck	0.68953	0.72306	0.66373	0.29887	0.40699	0.79451	0.08762	0.40534	0.3773	0.37515	0.49451	0.59438	0.39189	0.76209	0.19962	0.43528	0.0	0.39334	0.06178	0.53302	0.6338	0.46674	0.21148	0.33657	0.57021	0.66785	0.57709	0.53793	0.60924	0.70546	1.0	0.50688	0.50123	0.65162	0.51625	0.40483	0.82302	0.63344	0.37382	0.60717	0.79816	0.83884	0.00885	0.75008	0.80608	0.50552	0.51095	0.92692	0.74598	0.41966	0.4357	0.52277	0.56367	0.47002	0.27789	0.75118	0.79582	0.30183	0.2215	0.28841	0.44308	0.62146	0.4827	0.52122	0.39416	0.33328	0.58704	0.66993	0.52718	0.54783	0.45936	0.649	0.25862	0.59712	0.08933	0.51781	0.73006	0.35902	0.48157	0.58511	0.58944	0.41672	0.15678	0.24842	0.40216	0.4738	0.20823	0.52726	0.38338	0.49238	0.62016	0.38628	0.21449	0.0	0.64267	0.11752	0.51023	0.28191	0.40795	0.3212	0.67392	0.45031	0.31402	0.64877	0.94949	0.32479	0.59573	0.73377	0.19627	0.00474	0.38441	0.50778	0.45453	0.68416	0.09922	0.54978	0.52345	0.47194	0.59213	0.38439	0.06646	0.58089	0.20893	0.40204	0.40924	0.52983	0.28808	0.3611	0.58434	0.48053	0.84927	0.57696	0.66892	0.73036	0.3029	0.69007	0.22292	0.53705	0.65136	0.64426	0.72787	0.90923	0.7054	0.41952	0.63349	0.72454	0.32251	0.69406	0.28724	0.0	0.7965	0.47476	0.0	0.68251	0.34586	0.69321	0.81233	0.38473	0.46859	0.37642	0.63833	0.02775	0.70265	0.45182	0.39892	0.83095	0.64927	0.36991	0.40707	0.27773	0.46824	0.35775	0.44043	0.52688	0.56529	0.1263	0.33789	0.52727	0.70904	0.51984	0.50158	0.32773	0.52055	0.08621	0.20421	0.37005	0.41076	0.27749	0.63025	0.65302	0.85074	0.24146	0.76424	0.41272	0.77135	0.49591	0.66075	0.78382	0.62177	0.6008	0.37629	0.37458	0.9442	0.61235	0.48953	0.5012	0.71334	0.67378	0.52636	0.34517	0.54754	0.33563	0.85181	0.39581	0.79709	0.31965	0.88251	0.17872	0.38805	0.533	0.61057	0.67926	0.79785	0.58032	0.87619	0.8831	0.30706	0.55633	1.0	0.71876	0.65725	0.73637	0.39456	1.0	0.60133	0.73134	0.35112	0.43811	0.24614	0.55449	0.66634	0.29557	0.3377	0.32587	0.68466	0.16098	0.75822	0.33776	0.22178	0.44214	0.8246	0.75766	0.23172	0.62177	0.51473	0.27166	0.28638	0.64376	0.92081	0.27859	0.55596	0.43313	0.55548	0.52368	0.43773	0.67216	0.79845	0.3416	0.79045	0.51894	0.21454	0.57689	0.69307	0.58861	0.66268	0.4705	0.19496	0.08634	0.56744	0.67987	0.46355	0.63593	0.78407	0.55818	0.45861	0.54136	0.4936	0.55421	0.43063	0.38641	0.27071	0.53731	0.54924	0.73991	0.35715	0.45623	0.10097	0.62259	0.50613	0.65458	0.51086	0.64926	0.55207	0.54923	0.43114	0.62115	0.86937	0.55285	0.71882	0.74719	0.52949	0.54952	0.24517	0.44817	0.14143	0.48128	0.48138	0.22976	0.79726	0.53127	0.16187	0.25132	0.72348	0.02273	0.4246	0.55631	0.62203	0.27854	0.41804	0.57317	0.37357	0.4512	0.56386	0.03275	0.5688	0.62721	0.78209	0.71491	0.26812	0.58663	0.57623	0.49456	0.04742	0.2856	0.53636	0.38055	0.37028	0.63126	0.31233	0.30661	0.59131	0.53704	0.38155	0.22169	0.45939	0.46894	0.86148	0.6737	0.31445	0.57708	0.77981	0.36695	0.46699	0.2653	0.76163	0.28011	0.31256	0.50735	0.48137	0.37577	0.51809	0.56851	0.36768	0.24426	0.50574	0.28052	0.51118	0.43576	0.59604	0.56671	0.77704	0.36832	0.68725	0.27216	0.53132	0.64208	0.03519	0.42656	0.03408	0.42329	0.54758	0.74238	0.44206	0.57007	0.62336	0.74959	0.75324	0.32285	0.48793	0.04584
eagle	0.50124	0.6725	0.63992	1.0	1.0	0.98543	0.51189	0.49031	0.67444	0.34929	0.54713	0.4496	0.78615	0.14943	0.58691	0.28706	0.48395	0.46192	0.5114	0.3541	0.45741	0.4934	0.74677	0.5424	0.46527	0.72624	0.53836	0.22784	0.47688	0.50872	0.69799	0.25083	0.69533	0.61536	0.74638	0.66124	0.46186	0.44857	0.6405	0.20836	0.46767	0.49956	0.41018	0.29963	0.37075	0.79394	0.57672	0.65582	0.51121	0.35963	0.4428	0.56649	0.51638	0.49161	0.56825	0.53127	0.65913	0.28712	0.58557	0.57893	0.61026	0.73636	0.54815	0.61375	0.52317	0.59124	0.49687	0.68159	0.86718	0.54199	0.48197	0.72912	0.5761	0.21647	0.38843	0.54382	0.32271	0.47609	0.81669	0.58297	0.61212	0.45002	0.42365	0.74186	0.60431	0.41614	0.55304	0.40038	0.45273	0.44149	0.66097	0.28004	0.32317	0.7442	0.567	0.50326	0.25315	0.38943	0.35956	0.16564	0.61396	0.46328	0.55332	0.69867	0.58091	0.72415	0.22408	0.33978	0.37189	0.84268	0.85863	0.28464	0.47669	0.79507	0.59885	0.6979	0.5815	0.2203	0.37766	0.6722	0.46798	0.52523	0.36031	0.35022	0.46111	0.24087	0.823	0.15392	0.63734	0.52222	0.45395	0.37742	0.8159	0.50511	0.4885	0.47354	0.49108	0.48653	0.76529	0.47349	0.44389	0.45168	0.72837	0.2982	0.40279	0.45868	0.49433	0.24005	0.35984	0.48107	0.33409	0.1543	0.64462	0.32793	0.3442	0.60464	0.43036	0.48964	0.35183	0.36157	0.64739	0.33321	0.67466	0.53603	0.14276	0.58733	0.66791	0.63653	0.32396	0.35979	0.57846	0.59223	0.16562	0.5321	1.0	0.39426	0.40831	0.48371	0.41397	0.33507	0.72439	0.37398	0.77837	0.49331	0.42284	0.25479	0.34211	0.41295	0.58613	0.58528	0.36774	0.5053	0.37826	0.42065	0.61236	0.43604	0.5765	0.1984	0.56904	0.26487	0.55662	0.80552	0.73342	0.84604	0.54604	0.47364	0.6039	0.77788	0.98592	0.14249	0.56887	0.02677	0.4272	0.5702	0.77379	0.8073	0.24275	0.66793	0.14078	0.62182	0.09326	0.36633	0.43047	0.466	0.33953	1.0	0.34043	0.3	0.60818	0.75645	0.4267	0.20402	0.49093	0.69967	0.68136	0.33323	0.64173	0.47835	0.29337	0.61075	0.77516	0.34536	0.78411	0.66894	0.78773	0.35332	0.39558	0.36214	0.68168	0.40211	0.40642	0.69645	0.45498	0.96322	0.52242	0.47341	0.12847	1.0	0.63153	0.55199	0.24503	0.24026	0.33825	0.4288	0.42507	0.38701	0.57244	0.57665	0.59168	0.7174	0.4512	0.27388	0.5779	0.26688	0.41906	0.29626	0.55049	0.6187	0.57797	0.62966	0.47098	0.57294	0.68429	0.40907	0.30132	0.66235	0.65917	0.42722	0.6099	0.19598	0.44825	0.72289	0.89001	0.47126	0.27893	0.56861	0.38737	0.32007	0.87314	0.34589	0.37825	0.65104	0.78878	0.30251	0.44412	0.25123	0.23543	0.44522	0.21172	0.5358	0.51693	0.68178	0.16734	0.58816	0.86939	0.36888	0.1147	0.33602	0.53338	0.37996	0.29337	0.0316	0.28075	0.36932	0.43324	0.93412	0.71671	0.68881	0.4167	0.55081	0.86207	0.17726	0.32019	0.45746	0.47046	0.70121	0.57099	0.39578	0.48829	0.35611	0.3223	0.60808	0.75636	0.44154	0.54414	0.32333	0.42896	0.43668	0.7055	0.46673	0.32619	0.49878	0.50265	0.64349	0.56736	0.70023	0.14588	0.58644	0.06885	0.23212	0.50998	0.34423	0.37959	0.41354	0.42326	0.48681	0.62018	0.62283	0.30927	0.42253	0.59698	0.37533	0.41344	0.4141	0.35064	0.36163	0.42707	0.21372	0.25723	0.59588	0.83244	0.28789	0.68647	0.99931	0.20181	0.1857	0.64551	0.46767	0.48135	0.6119	0.21021	0.40799	0.56642	0.58792	0.4988	0.47503	0.85002	0.51135	0.18935	0.29709
earthworm	0.66724	0.33711	0.57604	0.5107	0.90689	0.48469	0.70141	0.17893	0.74804	0.51123	0.62872	0.51379	0.50976	0.49351	0.37585	0.59338	0.46465	0.24207	0.25968	0.49814	0.36451	0.65264	0.4882	0.36988	0.0304	0.80385	0.62647	0.3493	0.24708	0.27581	0.7812	0.57125	0.85004	0.87079	0.61998	0.40763	0.37721	0.61875	0.35569	0.37912	1.0	0.66941	0.33084	0.44963	1.0	0.61246	0.48046	0.77175	0.11396	0.61272	0.1691	0.24376	0.45744	0.3475	0.40464	0.54722	0.85131	0.36262	0.53555	0.3663	0.42243	0.33259	0.59667	0.66973	0.54483	0.57814	0.41442	0.10472	0.57423	0.62912	0.71379	0.55731	0.48288	0.62174	0.56316	0.28038	0.48008	0.59665	0.30366	0.0954	0.0	0.483	0.51153	0.53401	0.43565	0.59957	0.68683	0.30215	0.67726	0.36736	0.5081	0.19094	0.63456	0.82655	0.4305	0.55079	0.47703	0.27594	0.63586	0.67095	0.52028	0.42362	0.93339	0.27581	0.68477	0.74022	0.5559	0.47098	0.64717	0.4635	0.48231	0.42	0.29555	0.17689	0.55497	0.35492	0.80091	0.38578	0.30913	0.73733	0.65509	0.58284	0.18562	0.2836	0.32522	0.65819	0.51497	0.52739	0.72937	0.48466	0.16487	0.73083	0.21614	0.69804	0.70358	0.50163	0.1265	0.22911	0.58768	0.50486	0.60317	0.01655	0.50744	0.96352	0.75591	0.31957	0.21748	0.47997	0.66583	0.56078	0.32048	0.58073	0.45039	0.65651	0.65994	0.54514	0.34201	0.43213	0.5042	0.53209	0.64073	0.30567	0.47299	0.40925	0.44097	0.41905	0.43248	0.83066	0.30752	0.46986	0.57177	0.42507	0.60286	0.43957	0.61031	0.37766	0.42199	0.43427	0.37539	0.39205	0.64743	0.5532	0.76219	0.20798	0.53989	0.56737	0.37778	0.68725	0.58521	0.24045	0.46447	0.61464	0.68515	0.48385	0.55196	0.55621	0.65522	0.83172	0.59213	0.59481	0.58838	0.5602	0.4711	0.78404	0.4375	0.77529	0.40714	0.58308	0.52409	0.7128	0.55247	0.6154	0.45589	0.49911	0.77919	0.42908	0.74666	0.96882	0.34461	0.71873	0.45467	0.21513	0.27881	0.25295	0.39801	0.65949	0.74413	0.31463	0.33725	0.7565	0.42023	0.66618	0.55558	0.54162	0.62754	0.49608	0.66664	0.46841	0.9173	0.42442	0.43216	0.6027	0.40916	0.42951	0.74927	0.54538	0.3818	0.3983	0.21163	0.59249	0.1976	0.49062	0.33358	0.56161	0.36549	0.39529	0.28258	0.56548	0.01278	0.4059	0.3439	0.54575	0.43882	0.65533	0.31776	0.16205	0.60444	0.95025	0.46877	0.70325	0.64076	0.68049	0.63669	0.49788	0.29835	0.34333	0.7124	0.6253	0.47037	0.53482	0.19538	0.66996	0.48617	0.62593	0.59213	0.4665	0.57323	0.28085	0.4753	0.18176	0.5106	0.4242	0.66008	0.54251	0.63944	0.73997	0.32552	0.52412	0.37783	0.8467	0.41854	0.29079	0.33298	0.38811	0.32269	0.39415	0.84728	0.28629	0.41834	0.66348	0.31059	0.72311	0.62381	0.4407	0.70786	0.48732	0.52043	0.30043	0.50145	0.69899	0.38563	0.53711	0.54701	0.43772	0.71558	0.32977	0.64021	0.63921	0.4476	0.48145	0.48322	0.55858	0.13296	0.48393	0.27501	0.53819	0.85706	0.3281	0.10947	0.31636	0.46674	0.43145	0.37287	0.38076	0.57242	0.27833	0.3393	0.40527	0.84586	0.56151	0.44123	0.44773	0.33919	0.46968	0.54276	0.5522	0.53617	0.55212	0.40832	0.81983	0.47596	0.26407	0.55994	0.56677	0.58138	1.0	0.2217	0.5284	0.14913	0.75543	0.0587	0.23733	0.48918	0.4495	0.55933	0.21479	0.23031	0.0942	0.71432	0.38421	0.5622	0.42652	0.68044	0.33001	0.22046	0.51618	0.53239	0.47386	0.46378	0.44078	0.28887	0.48702	0.50291	0.72144	0.43272	0.80675	0.53239	0.48905	0.32989	0.6931
eel	0.70095	0.61387	0.61949	0.57649	0.57402	0.22294	0.48559	0.5951	0.68761	0.343	0.51846	0.4925	0.6023	0.23881	0.5078	0.70749	0.02393	0.80301	0.49505	0.68254	0.19278	0.49914	0.76768	0.61503	0.54055	0.70152	0.19038	0.65053	0.63227	0.68042	0.42248	0.55687	0.0664	0.55632	0.55544	0.65845	0.39841	0.32736	0.33533	0.65513	0.5544	0.418	0.048	1.0	0.5978	0.39023	0.43044	0.47957	0.77501	0.27001	0.18403	0.57757	0.23622	0.40414	0.38535	0.4913	0.51185	0.54193	0.5113	0.38861	0.47913	0.89738	0.36189	0.51537	0.30595	0.45059	0.17278	0.32084	0.63772	0.79556	0.57711	0.31619	0.50082	0.42648	0.60836	0.42326	0.65297	0.33786	0.37259	0.27396	0.42362	0.63229	0.3581	0.57121	0.80007	0.42072	0.13349	0.26676	0.0	0.41953	0.4898	0.26067	0.13596	0.43717	0.48218	0.27447	0.56567	0.42447	0.71273	0.36348	0.31037	0.68459	0.43369	0.73948	1.0	0.38861	0.34513	0.55311	0.55952	0.30794	0.20586	0.19611	0.28838	0.69166	0.66613	0.6407	0.76978	0.48305	0.45815	0.43417	1.0	0.30612	0.59416	0.468	0.42742	0.3215	0.35904	0.33837	0.62779	0.0	0.73746	0.20572	0.83373	0.33601	0.10439	0.70536	0.56202	0.94625	0.42345	0.5123	0.55322	0.40016	0.40373	0.18727	0.12039	0.52628	0.42298	0.20804	0.37349	0.00851	0.59604	0.66151	0.14635	0.55061	0.33047	0.88687	0.64005	0.28945	0.46399	0.0295	0.64558	0.77243	0.5638	0.65549	0.4645	0.64209	0.69872	0.42025	0.48714	0.56941	0.56321	0.0	0.4065	0.38375	0.77185	0.59698	0.20736	0.32604	0.58546	0.39494	0.63311	0.46194	0.45573	0.42547	0.85208	0.56177	0.62428	0.40623	0.47156	0.69043	0.38724	0.219	0.54208	1.0	0.54128	0.87463	0.27275	0.48706	0.4837	0.44742	0.72654	0.4666	0.58694	0.39377	0.69103	0.75391	0.63977	0.53049	0.34171	0.32329	0.36009	0.31325	0.46593	0.67793	0.91402	0.34125	0.60292	0.28776	0.39779	0.53555	0.61156	0.64725	0.82386	0.47882	0.18856	0.52508	0.76987	0.20853	0.56802	0.5957	0.48649	0.72501	0.65517	0.68928	0.66984	0.54866	0.46079	0.53228	0.60998	0.42478	0.33033	0.25256	0.48737	0.57292	0.71498	0.33723	0.68753	0.52698	0.53132	0.6643	0.60571	0.60186	0.48782	0.48963	0.082	0.51811	0.67301	0.75024	0.7185	0.3688	0.61738	0.80856	0.64258	0.68371	0.56388	0.54344	0.63014	0.44839	0.86017	0.06533	0.24653	0.81031	0.63379	0.86122	0.59014	0.54399	0.27996	0.58077	0.44367	0.5277	0.37959	0.63431	0.79349	0.52888	0.77792	0.70369	0.77742	0.35335	0.55752	0.23728	0.40842	0.36405	0.42	0.13341	0.29775	0.38609	0.23947	0.45911	0.67627	0.52499	0.60707	0.81979	0.58185	0.58769	0.67797	0.20791	0.89708	0.5081	0.41242	0.68021	0.57853	0.31841	0.51313	0.61009	0.06906	0.67825	0.32435	0.64236	0.5847	0.66583	0.11256	0.47853	0.54604	0.60915	0.5668	0.66133	0.7939	0.3566	0.70469	0.47669	0.60114	0.48375	0.60841	0.21568	0.21745	0.55311	0.85281	0.45705	0.27066	0.74329	0.67987	0.31118	0.28577	0.35769	0.4044	0.91188	0.40402	0.18164	0.58981	0.56345	0.4718	0.72525	0.32588	0.61412	0.31189	0.52188	0.46799	0.64543	0.58338	0.48785	0.68333	0.76732	0.39265	0.1627	0.67068	0.29879	0.53889	0.72964	0.58519	0.56507	0.19266	0.10706	0.12502	0.43867	0.64557	0.06289	0.36554	0.74346	0.67178	0.48356	0.29872	0.76148	0.60544	0.79525	0.27727	0.73641	0.0	0.44113	0.00128	0.55457	0.84946	0.54607	0.7395	0.42507	0.33737	0.43088	0.4863	0.37843	0.6213	0.53211
elephant	0.42265	0.39379	0.36484	0.22332	0.76257	0.71299	0.473	0.46737	0.49562	0.64116	0.70217	0.40582	0.70047	0.61424	0.33811	0.73912	0.51181	0.19383	0.17164	0.49407	0.13575	0.31758	0.44662	0.6375	0.80895	0.52455	0.76345	0.44759	0.08638	0.70368	0.99246	0.49086	0.44578	0.94104	0.56873	0.34019	0.93277	0.35977	0.39457	0.32982	0.5609	0.33048	0.36796	0.91149	0.7943	0.6925	1.0	0.46085	0.61568	0.41898	0.48033	0.64558	0.61533	0.41882	0.58959	0.6307	0.51998	0.52436	0.96402	0.58814	0.676	0.72098	0.50102	0.50381	0.35909	0.26097	0.52087	0.47098	0.47087	0.76463	0.318	0.7162	0.62311	0.4241	0.12963	0.53126	0.67902	0.23152	0.70573	0.58755	0.70209	0.4835	0.10591	0.22582	0.20904	0.35629	0.28508	0.08153	0.46002	0.68736	0.48917	0.44148	0.06198	0.43024	0.23854	0.19069	0.31696	0.85761	0.84305	0.27313	0.72244	0.35876	0.52856	0.42302	0.34817	0.35554	0.41458	0.35548	0.71368	0.76522	0.48143	0.55397	0.59326	0.69474	0.212	0.74439	0.57234	0.81766	0.56401	0.44547	0.86385	0.4084	0.8148	0.13576	0.6431	0.32326	0.66572	0.84014	0.50049	0.66492	0.59772	0.47866	0.4421	0.6226	0.6199	0.35719	0.43702	0.7722	0.46136	0.70522	0.28803	0.23482	0.69375	0.44266	0.63097	0.46438	0.30552	0.5037	0.27377	0.20149	0.64967	0.48136	0.59115	0.74006	0.42928	0.50154	0.54087	0.66073	0.85292	0.20117	0.58364	0.61958	0.54548	0.21864	0.24002	0.55104	0.37693	0.4524	0.45493	0.64968	0.32392	0.53204	0.6243	0.50418	0.57258	0.3154	0.64478	0.6085	0.5509	0.51147	0.65459	0.16881	0.46095	0.33287	0.27822	0.67831	0.49811	0.29759	0.68294	0.56841	0.37063	0.34497	0.69122	0.50707	0.38442	0.57372	0.55573	0.40126	0.26341	0.52366	0.28717	0.53809	0.48064	0.97314	0.25918	0.5663	0.64766	0.66986	0.39629	0.73142	0.47463	0.04456	0.38766	0.49132	0.53297	0.39472	0.16843	0.4508	0.56221	0.41424	0.74105	0.62312	0.3039	0.32955	0.73143	0.40345	0.57238	0.47693	0.64425	0.47352	0.44394	0.49327	0.55517	0.45079	0.37637	0.32287	0.42728	0.80591	0.4362	0.34493	0.53912	0.34997	0.38873	0.58937	0.66224	0.44246	0.87503	0.25298	0.42047	0.53383	0.39219	0.56782	0.31579	0.50418	0.15023	0.27695	0.39423	0.4213	0.87444	0.53083	1.0	0.32835	0.60889	0.33814	0.3878	0.41443	0.19141	0.35791	0.47485	0.20879	0.57991	0.71231	0.41952	0.31377	0.29805	0.38339	0.21528	0.56652	0.2104	0.69679	0.59647	0.14072	0.61281	0.52398	0.55041	0.56931	0.73111	0.17944	0.59105	0.35609	0.42811	0.81413	0.45792	0.20887	0.38811	0.27071	0.40037	0.34196	0.46382	0.56192	0.38004	0.80736	0.61198	0.54378	0.37196	0.5318	0.5637	0.18468	0.20812	0.43038	0.47954	0.14492	0.69475	0.50589	0.46816	0.31588	0.56023	0.40821	0.63489	0.98346	0.491	0.55929	0.45459	0.76213	0.40581	0.45744	0.44739	0.42603	0.38582	0.40903	0.5163	0.57291	0.58598	0.62844	0.59004	0.72009	0.78233	0.7379	0.7195	0.66567	0.76535	0.27251	0.43303	0.50284	0.2523	0.42878	0.7739	0.38005	0.568	0.57979	0.4836	0.4129	0.43624	0.58522	0.4046	0.60986	0.28582	0.36802	0.45876	0.98811	0.44124	0.70183	0.54342	0.37774	0.40739	0.25337	0.77927	0.52425	0.7021	0.38912	0.30903	0.32495	0.20557	0.57319	0.89004	0.10217	0.52388	0.32846	0.50832	0.39806	0.36157	0.39052	0.94357	0.66296	0.42962	0.53025	0.77245	0.4913	0.37314	0.48272	0.66141	0.70702	0.40815	0.43565	0.95625	0.53926	0.59632	0.47698	0.54666	0.21693
elk	0.49217	0.67316	0.46653	0.68306	0.64648	0.94947	0.43935	0.365	0.36687	0.35184	0.54027	0.82555	0.70925	0.54559	0.71327	0.46032	0.74594	0.63651	0.39266	0.15774	0.51828	0.51008	0.28439	0.49201	0.70451	0.4551	0.3477	0.62055	0.48253	0.45472	0.37916	0.53837	0.40998	0.17859	0.57419	0.31784	0.6906	0.44634	0.46329	0.75509	0.68313	0.26207	0.85085	0.63872	0.39983	0.66682	0.49236	0.47485	0.30117	0.37417	0.40166	0.50689	0.28769	0.99663	0.30161	0.38789	0.3505	0.74359	0.4675	0.22029	0.5546	0.71037	0.60777	0.81009	0.46623	0.30508	0.16041	0.71074	0.63558	0.49643	0.42944	0.29358	0.41216	0.56212	0.39746	0.06736	0.73633	0.44263	0.46644	0.31644	0.26544	0.6676	0.79083	0.37048	0.42435	0.19455	0.66443	0.61332	0.76885	0.81061	0.08011	0.4593	0.46982	0.3555	0.68797	0.57051	0.26229	0.58721	0.779	0.66273	0.43716	0.15502	0.60924	0.39178	0.5649	0.28772	0.55374	0.34448	0.5482	0.31349	0.81984	0.28873	0.55737	0.71012	0.82707	0.53288	0.36512	0.44543	0.44614	0.46124	0.21054	0.43942	0.88533	0.4362	0.4472	0.77604	0.81869	0.26317	0.6269	0.40673	0.43715	0.50744	0.34345	0.31706	0.49958	0.16129	0.93227	0.5699	0.67125	0.46535	0.51938	0.29598	0.83861	0.37813	0.70533	0.53258	0.49801	0.78429	0.51704	0.45752	0.34858	0.66742	0.1907	0.41283	0.47391	0.26934	0.68959	0.23746	0.7271	0.4298	0.50388	0.74383	0.55678	0.39319	0.33697	0.40761	0.54001	0.75092	0.51813	0.29503	0.31898	0.63229	0.65303	0.73505	0.52508	0.40701	0.5278	0.38255	0.55953	0.52924	0.35893	0.2771	0.75049	0.46705	0.60141	0.33763	0.32031	0.2924	0.52966	0.666	0.61168	0.03211	0.24746	0.38219	0.41214	0.43854	0.47224	0.44253	0.30004	0.50568	0.62325	0.4203	0.7856	0.59903	0.56512	0.63389	0.41136	0.41382	0.75131	0.49521	0.55806	0.46523	0.47589	0.46908	0.4981	0.59175	0.49632	0.72765	0.32161	0.18199	0.93836	0.52532	0.39593	0.84604	0.44055	0.02414	0.40648	0.1891	0.55077	0.29247	0.44366	0.40758	0.30216	0.34654	0.44946	0.48167	0.33641	0.50493	0.58094	0.54427	0.64532	0.56824	0.81591	0.27028	0.63299	0.80768	0.38533	0.49484	0.42965	0.3941	0.50641	0.72586	0.23395	0.45784	1.0	0.7275	0.75832	0.3893	0.26159	0.68652	0.61871	0.49905	0.37853	0.59211	0.4148	0.43023	0.81431	0.72188	0.42402	0.37073	0.69242	0.77265	0.6236	0.43449	0.34455	0.72069	0.30892	0.29373	0.60469	0.43279	0.39335	0.49965	0.46575	0.71223	0.5615	0.34455	0.51551	0.47302	0.55802	0.51201	0.29238	0.60056	0.34334	0.54952	0.48613	0.38454	0.23294	0.55818	0.50899	0.33	0.58009	0.37025	0.31401	0.58517	0.47149	0.28473	0.13299	0.68475	0.43787	0.39756	0.46722	0.39036	0.6657	0.79428	0.67537	0.51862	0.34623	0.40755	0.68073	0.46963	0.61577	0.39192	0.06823	0.47035	0.4669	0.19014	0.17788	0.66104	0.47135	0.49158	0.87641	0.52665	0.21868	0.58992	0.57785	0.63027	0.60385	0.86299	0.1652	0.40012	0.62117	0.88527	0.48288	0.40404	0.49253	0.40146	0.69822	0.51563	0.19786	0.09462	0.63092	0.77175	0.73171	0.80347	0.49423	0.584	0.48559	0.32149	0.75519	0.52294	0.29391	0.29304	0.59118	0.61018	0.66267	0.51755	0.61534	0.31486	0.34898	0.41395	0.33438	0.42073	0.75502	0.71267	0.3568	0.39923	0.65356	0.63427	0.42888	0.58053	0.34126	0.32734	0.55418	0.79053	0.606	0.41186	0.4788	0.69153	0.4041	0.36825	0.36853	0.27465	0.42604	0.40274	0.69636	0.74457	0.50775	0.41014	0.39802	0.3924
emu	0.42296	0.73916	0.0336	0.61853	0.76029	0.50006	0.70125	0.49248	0.99096	0.59207	0.70452	0.51048	0.76267	0.78203	0.37758	0.45765	0.1842	0.37954	0.49068	0.2365	0.88906	0.58047	0.73891	0.4287	0.80322	0.16046	0.43766	0.4155	0.50385	0.60713	0.18347	0.32932	0.91721	0.85147	0.3754	0.79938	0.68048	0.39858	0.31867	0.0	0.83337	0.724	0.4953	0.62972	0.77737	0.56156	0.48609	0.77529	0.37191	0.29503	0.39549	0.40474	0.79038	0.64842	0.31566	0.75945	0.42074	0.68617	0.94982	0.64011	0.53634	0.47838	0.63857	0.56764	0.41798	0.54799	0.24496	0.57015	0.55483	0.75273	0.7106	0.32745	0.49966	0.50919	0.27056	0.00815	0.69356	0.44809	0.43342	0.54746	0.64275	0.37051	0.0	0.64291	0.68223	0.36608	0.56259	0.09428	0.84744	0.33648	0.6094	0.83248	0.32699	0.16502	0.37945	0.53879	0.35683	0.53983	0.47918	0.31566	0.77398	0.48052	0.49273	0.71871	0.2006	0.65237	0.41799	0.77655	0.14069	0.48319	0.20965	0.12892	0.48029	0.16396	0.10952	0.7958	0.88922	0.35042	0.46114	0.49813	0.58047	0.64427	0.37903	0.1097	0.61073	0.2576	0.48329	0.77592	0.69639	0.77329	0.36533	0.5654	0.48117	0.56324	0.58189	0.32912	0.50238	0.51722	0.83117	0.72751	0.60786	0.51876	0.50472	1.0	0.83263	0.24713	0.47988	0.34514	0.27198	0.51122	0.48021	0.54081	0.19783	0.60053	0.60082	0.63001	0.63449	0.59226	0.45543	0.47801	0.35021	0.25386	0.59655	0.59793	0.44766	0.76972	0.6355	0.56991	0.65138	0.33247	0.45976	0.59397	0.71944	0.37907	0.64678	0.18219	0.69684	0.56209	0.64313	0.43152	0.75463	0.55549	0.54816	0.23526	0.39135	0.40708	0.28438	0.18283	0.33734	0.90051	0.62605	0.41413	0.28695	0.39382	0.19835	0.54258	0.51119	0.93944	0.49772	0.70201	0.59986	0.85773	0.0	0.58849	0.38447	0.84318	0.80741	0.44191	0.31637	0.24382	0.38182	0.34295	0.6826	0.64977	0.25959	0.57362	0.60495	0.39873	0.33665	0.57461	0.56952	0.4556	0.39219	0.48745	0.46166	0.79431	0.77349	0.32839	0.39526	0.53597	0.33537	0.49794	0.6079	0.54779	0.37106	0.35766	0.52822	0.34915	0.407	0.49581	0.49772	0.33188	0.33501	0.58015	0.65662	0.21845	0.00786	0.70295	0.6577	0.53333	0.56861	0.22009	0.33439	0.4932	0.36667	0.74306	0.56037	0.62896	0.9956	0.56056	0.86604	0.24986	0.76208	0.24716	0.79748	0.45923	0.39825	0.63561	0.58538	0.41403	0.43186	0.71414	0.45439	0.48929	0.3434	0.37512	0.57164	0.65202	0.40989	0.65981	0.27925	0.43273	0.45206	0.29253	0.72232	0.8843	0.31935	0.19865	0.40004	0.46607	0.30124	0.64131	0.5682	0.64617	0.57637	0.39011	0.51184	0.66374	0.14308	0.1737	0.64754	0.32623	0.59529	0.34093	0.1769	0.42124	0.00568	0.29931	0.61824	0.53895	0.64564	0.49533	0.66236	0.56832	0.52473	0.24627	0.31155	0.37176	0.50193	0.53429	0.43505	0.66719	0.62013	0.0	0.47866	0.64191	0.80185	0.36812	0.36773	0.26224	0.49586	0.32536	0.69366	0.38566	0.34163	0.6484	0.89414	0.63327	0.46957	0.31216	0.68424	0.32306	0.45023	0.43601	0.35649	0.37243	0.28845	0.42846	0.13957	0.69781	0.39548	0.16291	0.41032	0.27091	0.3391	0.62387	0.40719	0.33199	0.53362	0.46136	0.57317	0.70323	0.68453	0.44146	0.72959	0.18382	0.27279	0.89769	0.38357	0.41544	0.10203	0.32568	0.34821	0.9874	0.52135	0.65692	0.78685	0.21752	0.13156	0.54321	0.41054	0.35636	0.58291	0.53733	0.43179	0.71961	0.41659	0.45955	0.37931	0.63053	0.37013	0.55206	0.35317	0.44615	0.77972	0.28958	0.6957	0.62369	0.38351	0.36671
falcon	0.60348	0.49751	0.6372	0.56118	0.68572	0.85884	0.57925	0.46205	0.81216	0.31469	0.31145	0.158	0.46479	0.51447	0.37959	0.65662	0.34921	0.49452	0.17683	0.57635	0.37012	0.41153	0.13635	0.23496	0.66614	0.78156	0.38589	0.69877	0.71737	0.54609	0.65702	0.22013	0.40388	0.63087	0.61688	0.19713	0.37621	0.3551	0.86873	0.47612	0.57676	0.55504	0.53138	0.63101	0.58947	0.606	0.66986	0.81686	0.25562	0.55494	0.42658	0.28341	0.15092	0.41738	0.60173	0.38809	0.66107	0.3523	0.48105	0.50052	0.54024	0.31483	0.04761	0.45478	0.40587	0.10962	0.15027	0.46496	0.4586	0.50797	0.76794	0.34833	0.48799	0.52459	0.1583	0.49392	0.6927	0.4772	0.1809	0.57394	0.63518	0.56327	0.29637	0.44111	0.66617	0.75874	0.47614	0.58461	0.60328	0.21763	0.45553	0.59993	0.56526	0.66175	0.34683	0.8675	0.23808	0.52465	0.4713	0.3168	0.64489	0.55734	0.76494	0.65379	0.73537	0.91288	0.3032	0.96198	0.79679	0.0	0.54678	0.68736	0.26019	0.49843	0.13141	0.64566	0.7728	0.24627	0.52861	0.72859	0.6677	0.57491	0.1094	0.27384	0.28073	0.61284	0.34669	0.57636	0.61585	0.75542	0.66513	0.67573	0.39685	0.52542	0.37436	0.79034	0.39314	0.46762	0.52954	0.82766	0.17814	0.66494	0.6054	0.24765	0.54824	0.43591	0.36619	0.61203	0.63207	0.31131	0.56438	0.7017	0.42583	0.59285	0.31884	0.44	0.51364	0.60479	0.41242	0.39286	0.53741	0.26069	0.4133	0.30716	0.05783	0.32029	0.68906	0.61476	0.6415	0.55489	0.47236	0.58307	0.37417	0.56697	0.50752	0.44375	0.4636	0.31097	0.65135	0.65981	0.64407	0.42239	0.74401	0.88421	0.61611	0.50762	0.26512	0.22729	0.56243	0.6044	0.52473	0.63841	0.48631	0.50443	0.58484	0.81058	0.61923	0.23215	0.48719	0.52667	0.41137	0.67864	0.34207	0.48852	0.43106	0.68851	0.69035	0.77187	0.86869	0.48189	0.35014	0.31645	0.60789	0.4528	0.69146	0.40853	0.30163	0.57511	0.53585	0.59735	0.24571	0.27265	0.81028	0.76292	0.28627	0.2694	0.67413	0.2699	0.72909	0.42713	0.77252	0.54592	0.70219	0.40965	0.38676	0.55507	0.42421	0.57768	0.47337	0.88132	0.50076	0.71145	0.93688	0.46189	0.32042	0.84798	0.79134	0.36234	0.55786	0.48326	0.46053	0.74669	0.58367	0.38024	0.5405	0.33856	0.21484	0.55595	0.75151	0.54383	0.30363	0.51108	0.69842	0.47259	0.6169	0.39911	0.37357	0.36039	0.43963	0.66462	0.43906	0.54228	0.20138	0.42941	0.65188	0.43091	0.42879	0.0	0.40349	0.65171	0.44011	0.23241	0.58114	0.47622	0.47965	0.73932	0.77301	0.23586	0.62273	0.548	0.32026	0.46532	0.33943	0.7235	1.0	0.51173	0.62498	0.44619	0.31493	0.51451	0.23877	0.51521	0.34562	0.38894	0.59943	0.39152	0.46672	0.25971	0.45072	0.3398	0.38635	0.74164	0.7592	0.55206	0.34464	0.71698	0.46271	0.48258	0.67404	0.41706	0.0405	0.62563	0.18182	0.69086	0.42387	0.50316	0.51993	0.45852	0.35794	0.56161	0.54821	0.62925	0.42317	0.50604	0.39912	0.60844	0.42623	0.48805	0.43662	0.27778	0.75568	0.32897	0.14007	0.51666	0.70119	0.49798	0.4385	0.62719	0.61294	0.27702	0.36203	0.2536	0.54806	0.69773	0.57002	0.0	0.58051	0.71061	0.63679	0.60119	0.5244	0.82239	0.3635	0.37216	0.638	0.42196	0.43191	0.58742	0.71362	0.61268	0.20262	0.61977	0.6381	0.50854	0.04702	0.19402	0.55412	0.39057	0.43	0.46258	0.37101	0.50342	0.23492	0.28378	0.05122	0.29095	0.68864	0.90728	0.41628	0.25292	0.55339	0.30415	0.73504	0.35262	0.69416	0.51932	0.6261	0.36404	0.5304	0.45235
finch	0.6573	0.33951	0.55069	0.49461	0.82155	0.39073	0.3415	0.51263	0.52377	0.60693	0.72386	0.51808	1.0	0.08408	0.27741	0.92347	0.35602	0.67236	0.57604	0.79627	0.53124	0.35544	0.44309	0.17672	0.55429	0.51731	0.05272	0.3407	0.36721	0.79293	0.84424	0.51708	0.14356	0.62845	0.76332	0.20266	0.58958	0.43571	0.4	0.21256	0.70738	0.36381	0.33107	0.73629	0.34892	0.68079	0.31826	0.64078	0.61523	0.14712	0.21629	0.32068	0.32872	0.26141	0.73664	0.73177	0.91082	0.3473	0.71125	0.40064	0.46161	0.34097	0.75068	0.59724	0.15424	0.35736	0.24496	0.75866	0.25135	0.32187	0.57233	0.7414	0.14173	0.38994	0.01754	0.50585	0.61136	0.13344	0.86575	0.52453	0.69284	0.34443	0.1895	0.5365	0.41281	0.0405	0.19309	0.42589	0.42348	0.55603	0.7463	0.31711	0.34214	0.07231	0.26601	0.25795	0.5884	0.82744	0.37909	0.0879	0.4353	0.64348	0.33154	0.88241	0.6991	0.14341	0.70169	0.65552	0.22137	0.38784	0.34664	0.56868	0.45316	0.72134	0.40855	0.62473	0.76563	0.62831	0.38834	0.80847	0.79153	0.68315	0.43076	0.56565	0.62484	0.38585	0.6552	0.51302	0.64966	0.31724	0.56816	0.76685	0.65407	0.59309	0.69308	0.50856	0.4426	0.71751	0.85679	0.70653	0.41688	0.43757	0.66602	0.47947	0.0	0.65265	0.1596	0.39322	0.27651	0.21128	0.34381	0.49058	0.61915	0.53551	0.63132	0.78723	0.62563	0.30883	0.84025	0.5226	0.42156	0.21871	0.53833	0.56105	0.48502	0.76736	0.45416	0.30022	0.56674	0.92805	0.48142	0.17382	0.43227	0.25197	0.51381	0.11395	0.61543	0.71352	0.62739	0.85269	0.23899	0.27595	0.55705	0.32831	0.2593	0.73989	0.82017	0.27004	0.75987	0.96725	0.45805	0.3885	0.55914	0.35097	0.39666	0.57926	0.47012	0.34185	0.55782	0.38684	0.7623	0.65761	0.61103	0.54128	0.61332	0.53337	0.65371	0.75504	0.15989	0.38546	0.46172	0.19317	0.38918	0.17406	0.74665	0.79658	0.58954	0.63804	0.38276	0.73622	0.24343	0.51064	0.4974	0.41895	0.22582	0.70434	0.7024	0.40984	0.66532	0.56024	0.68498	0.59481	0.45885	0.36073	0.53008	0.36804	0.14644	0.49832	0.7852	0.19362	0.40081	0.75015	0.08893	0.07599	0.70553	0.1831	0.52507	0.58104	0.21196	0.60876	0.55486	0.45909	0.41295	0.52669	0.0	0.36675	0.89699	0.63029	0.58906	0.60286	0.61815	0.49727	0.59873	0.59283	0.47118	0.7464	1.0	0.83161	0.88652	0.45533	0.17285	0.66479	0.35492	0.91067	0.28642	0.69711	0.26794	0.79532	0.56914	0.55975	0.3449	0.34928	0.4661	0.49326	0.67898	0.99582	0.90977	0.40602	0.37887	0.47491	0.32529	0.57229	0.59118	0.71393	0.31146	0.47112	0.39727	0.49196	0.5863	0.38265	0.33501	0.61773	0.57412	0.18282	0.62496	0.48122	0.82107	0.36815	0.50951	0.54063	0.52371	0.57741	0.56987	0.53767	0.45566	0.61662	0.49295	0.54293	0.2263	0.2235	0.5512	0.23773	0.18744	0.73528	0.64809	0.72055	0.64968	0.33184	0.47915	0.69413	0.9408	0.38331	0.13544	0.16567	0.55939	0.84905	0.76286	0.40364	0.57845	0.50437	0.81469	0.11848	0.45068	0.61351	0.42282	0.10692	0.00304	0.67024	0.49054	0.2905	0.34194	0.77275	0.47849	0.68121	0.49917	0.55311	0.12892	0.7868	0.08674	0.46716	0.7974	1.0	0.45852	0.28278	0.69636	0.22938	0.77073	0.55466	0.66478	0.42463	0.5102	0.24907	0.21397	0.82696	0.34195	0.4396	0.18812	0.62032	0.70698	0.39367	0.31161	0.26473	0.79108	0.74792	0.70768	0.68125	0.10414	0.04301	0.35077	0.498	0.58338	0.46915	0.37797	0.5805	0.61041	0.46805	0.5339	0.07303	0.51936	0.36991
fin_whale	0.1179	0.38732	0.32927	0.4452	0.77879	0.29182	0.44247	0.30298	0.48145	0.21725	0.95878	0.2689	0.8386	0.66762	0.37192	0.17497	0.49999	0.37248	0.31298	0.4279	0.31763	0.47231	0.44596	0.46437	0.70012	0.1356	0.41849	0.4296	0.60872	0.62414	0.43782	0.33686	0.64654	0.7397	0.65723	0.73041	0.47241	0.36779	0.30008	0.3845	0.43705	0.47797	0.48493	0.46957	0.28908	0.40039	0.2506	0.52772	0.52576	0.43671	0.21171	0.3033	0.5693	0.35998	0.58378	0.22878	0.46498	0.27428	0.75757	0.67568	0.51106	0.53546	0.7645	0.62967	0.57077	0.72305	0.27175	0.64624	0.12633	0.6158	0.51826	0.7059	0.50258	0.54418	0.56609	0.64167	0.59539	0.59199	0.9831	0.40222	0.61192	0.29305	0.35558	0.47094	0.24828	0.24445	0.5868	0.4929	0.6403	0.56079	0.42196	0.24051	0.70823	0.75169	0.55632	0.46594	0.41093	0.38088	0.35738	0.39415	0.50697	0.6354	0.92198	0.75532	0.85113	0.36656	0.51971	0.4222	0.28095	0.6354	0.37303	0.54038	0.57438	0.58013	0.65665	0.44475	0.27551	0.53545	0.48306	0.54929	0.63767	0.33604	0.38771	0.63621	0.23236	0.78038	0.71878	0.25395	0.39557	0.39753	0.63174	0.5101	0.41892	0.4151	0.59364	0.14715	0.71021	0.61595	0.51147	0.46781	0.65261	0.49095	0.68218	0.25184	0.6209	0.37369	0.77527	0.86653	0.43793	0.42167	0.70877	0.44788	0.46439	0.64741	0.38393	0.51466	0.61303	0.35959	0.89703	0.37528	0.48297	0.68237	0.35897	0.29604	0.75183	0.06709	0.48335	0.64743	0.39641	0.53356	0.64353	0.48471	0.27	0.56069	0.52129	0.57036	0.32512	0.4739	0.45091	0.22257	0.22739	0.12602	0.84289	0.47971	0.48368	0.50587	0.34485	0.42895	0.66056	0.61926	0.30951	0.17808	0.23742	0.38906	0.31325	0.30272	0.48154	0.54283	0.2409	0.61475	0.45385	0.74196	0.39698	0.58174	0.42761	0.34311	0.43225	0.58594	0.65669	0.54229	0.50764	0.27148	0.50878	0.66311	0.50903	0.3544	0.3212	0.47892	0.1402	0.60919	0.69662	0.46673	0.62243	0.51346	0.25166	0.70271	0.58228	0.31265	0.69026	0.41325	0.56684	0.64041	0.51238	0.48398	0.7069	0.42184	0.70878	0.50992	0.78475	0.32402	0.97288	0.4546	0.58233	0.35167	0.5489	0.27959	0.57446	0.38377	0.34583	0.63649	0.44888	0.40873	0.48477	0.60421	0.79105	0.56549	0.17251	0.64336	0.23211	0.44811	0.49499	0.18431	0.43945	0.37307	0.5937	0.40797	0.45878	0.80876	0.78851	0.60348	0.7423	0.70018	0.65646	0.32467	0.19038	0.53513	0.69427	0.54623	0.4277	0.50897	0.4656	0.53175	0.87067	0.54661	0.72003	0.25234	0.76836	0.60329	0.10352	0.52853	0.49523	0.81359	0.48952	0.183	0.45964	0.7698	0.44437	0.50933	0.27464	0.5855	0.64203	0.48685	0.56829	0.39573	0.53916	0.42906	0.39335	0.4472	0.41379	0.76475	0.69133	0.65279	0.71106	0.51887	0.84034	0.60554	0.36835	0.34875	0.082	0.60682	0.22074	0.5871	0.5188	1.0	0.25166	0.54269	0.39608	0.20205	0.59357	0.46069	0.73048	0.61181	0.46663	0.35901	0.74813	0.67197	0.4135	0.6813	0.80964	0.54499	0.57711	0.59703	0.50958	0.39366	0.45423	0.39642	0.59657	0.14963	0.70912	0.41252	0.17019	0.49964	0.79911	0.40038	0.93282	0.68403	0.40298	0.7915	0.37478	0.54294	0.71454	0.59019	0.75142	0.21232	0.71853	0.31631	0.03296	0.55851	0.312	0.57158	0.458	0.18837	0.49847	0.58409	0.42344	0.82512	0.83701	0.28185	0.49125	0.27618	0.42663	0.4664	0.65873	0.6094	0.32869	0.82829	0.68217	0.56038	0.65466	0.4106	0.56385	0.62441	0.51235	0.45538	0.2347	0.63522	0.42299	0.5448	0.59982	0.05059
flamingo	0.40334	0.28763	0.35339	0.32717	0.4028	0.69575	0.30605	0.63534	0.59323	0.86517	0.65403	0.39111	0.37972	0.41694	0.31955	0.86093	0.66333	0.79024	0.07507	0.53573	0.62396	0.79575	0.25249	0.43672	0.74062	0.67817	0.68508	0.91361	0.38876	0.32748	0.31921	0.46509	0.71182	0.43963	0.24306	0.52995	0.37401	0.61362	0.11355	0.47188	0.58576	0.31418	0.78548	0.70089	0.33236	0.85616	0.33105	0.51738	0.38962	0.45891	0.06983	0.38572	0.3151	0.7123	0.27991	0.30829	0.49783	0.50905	0.50889	0.08137	0.43217	0.50604	0.78738	0.64089	0.22907	0.38626	0.39822	0.51945	0.00238	0.33675	0.51559	0.17883	0.66513	0.17157	0.42575	0.65728	0.61742	0.24587	0.3774	0.69998	0.32946	0.68145	0.66096	0.72797	0.40497	0.45496	0.2017	0.53009	0.56903	0.56457	0.60461	0.67267	0.5461	0.83473	0.69159	0.5631	0.11068	0.67285	0.77308	0.42859	0.71531	0.43722	0.3556	0.46985	0.55111	0.45694	0.90947	0.50365	0.55598	0.45973	0.61849	0.60446	0.39485	0.47442	0.553	0.61636	0.52977	0.29043	0.26736	0.25938	0.39641	0.29161	0.39205	0.567	0.53675	0.51948	0.55363	0.31979	0.48405	0.56959	0.53791	0.42794	0.46487	0.3891	0.68397	0.65487	0.4557	0.53004	0.32255	0.39127	0.38345	0.76337	0.59426	0.54637	0.57851	0.40614	0.44609	0.20265	0.58868	0.30908	0.59761	0.83531	0.46276	0.4525	0.25919	0.30993	0.56226	0.71463	0.53239	0.55659	0.45858	0.46431	0.29644	0.41879	0.74118	0.42226	0.36826	0.72147	0.43313	0.61504	0.14724	0.55612	0.32813	0.59258	0.48368	0.67655	0.42872	0.71751	1.0	0.44857	0.68029	0.41207	0.53022	0.58064	0.43713	0.34633	0.53913	0.56422	0.59799	0.39793	0.43689	0.56562	0.21971	0.57098	0.6717	0.48796	0.28658	0.61536	0.11207	0.54731	0.45783	0.29456	0.37675	0.66256	0.51278	0.80973	0.66586	0.48146	0.51288	0.62179	0.459	0.47954	0.51352	0.80476	0.81697	0.19818	0.77095	0.61325	0.48389	0.41605	0.71275	0.28314	0.37674	0.9035	0.44701	0.45245	0.25922	0.38594	0.24761	0.51508	0.495	0.69418	0.5196	0.33893	0.44351	0.28822	0.58126	0.53361	0.70326	0.67191	0.68306	0.48603	0.4347	0.43102	0.4259	0.39361	0.29048	0.22442	0.59035	0.82157	0.69048	0.66327	0.18441	0.30626	0.4714	0.58902	0.49762	0.52113	0.06192	0.38539	0.54635	0.57283	0.54498	0.17705	0.86906	0.63417	0.0	0.59803	0.37798	0.07984	0.75137	0.99831	0.79392	0.40475	0.40147	0.51524	0.42117	0.54743	0.62362	0.74632	0.47667	0.56549	0.89184	0.59845	0.58245	0.6686	0.6517	0.29804	0.73226	0.37857	0.64828	0.5203	0.52226	0.38684	0.82814	0.35907	0.47995	0.22234	0.41282	0.82242	0.40397	0.28642	0.51061	0.76428	0.2466	0.68999	0.41095	0.4385	0.68608	0.3594	0.38716	0.44075	0.36392	0.32409	0.35221	0.59452	0.47061	0.28302	0.74117	0.40253	0.51257	0.56066	0.50651	0.43054	0.63158	0.35106	0.37063	0.4521	0.65159	0.55575	0.5665	0.2083	0.61723	0.51128	0.403	0.40826	0.45308	0.76149	0.74748	0.49023	0.44149	0.58889	0.46242	0.60583	0.44125	0.64885	0.48597	0.48683	0.27361	0.55129	0.64255	0.33734	0.68268	0.68743	0.50372	0.23563	0.65638	0.42525	0.65294	0.24277	0.90809	0.32898	0.39161	0.6516	0.39635	0.68258	0.1821	0.40977	0.52157	0.68354	0.32545	1.0	0.58365	0.77485	0.47342	0.44136	0.45932	0.65882	0.45712	0.27279	0.22231	0.56296	0.53781	0.41645	0.4501	0.4947	0.33913	0.3694	0.36328	0.48836	0.5569	0.63203	0.35886	0.65564	0.43662	0.35011	0.63138	0.69564	0.45501	0.52039
flea	0.57975	0.77551	0.51613	0.31386	0.49599	0.62549	0.68689	0.4496	0.75627	0.48688	0.71083	0.39498	0.60582	0.31685	0.15272	0.31186	0.18043	0.32015	0.18182	0.59662	0.50039	0.63941	0.44787	0.38642	0.58525	0.54653	0.16288	0.28237	0.69832	0.60629	0.38523	0.53437	0.67834	0.89948	0.40932	0.57496	0.58637	0.27267	0.29358	0.76241	0.57452	0.55368	0.59471	0.35864	0.45703	0.74274	0.56187	0.52931	0.75385	0.19206	0.61284	0.4438	0.1932	0.49818	0.36127	0.5803	0.81494	0.40108	0.59746	0.48988	0.57351	0.53931	0.45774	0.51542	0.56949	0.32943	0.49277	0.54403	0.38476	0.7221	0.50372	0.31014	0.27929	0.11698	0.53268	0.43673	0.35809	0.24231	0.79238	0.3941	0.67345	0.50311	0.28513	0.23503	0.82898	0.5336	0.70759	0.4576	0.52298	0.53104	0.31658	0.6236	0.46243	0.54985	0.47641	0.63963	0.53381	0.42209	0.41695	0.38713	0.71116	0.57638	0.71712	0.70751	0.3448	0.67811	0.33559	0.55832	0.0	0.63659	0.33635	0.77412	0.67897	0.46007	0.6268	0.36055	0.46182	0.51523	0.31509	0.63936	0.61516	0.58593	0.43412	0.36529	0.0	0.99132	0.4012	0.57247	0.5351	0.61659	0.63364	0.54112	0.47027	0.07235	0.40451	0.33951	0.39562	0.38902	0.7254	0.92675	0.67337	0.29089	0.44969	0.10564	0.51518	0.40045	0.66411	0.85425	0.23748	0.29149	0.2246	0.50336	0.46442	0.41604	0.52914	0.57695	0.84049	0.56771	0.34511	0.05822	0.68807	0.37546	0.77465	0.4083	0.08431	0.70204	0.60137	0.64259	0.37684	0.41469	0.37768	0.71595	0.26459	0.43548	0.58826	0.25334	0.6931	0.19029	0.42299	0.3333	0.7485	0.14552	0.64272	0.5721	0.8383	0.25081	0.3765	0.3948	0.84535	0.55344	0.57604	0.72352	0.6251	0.28573	0.56038	0.55635	0.67773	0.62393	0.16444	0.60862	0.65979	0.43241	0.1515	0.19323	0.35687	0.63336	0.62651	0.56301	0.45963	0.43672	0.45541	0.45024	0.54943	0.909	0.84817	0.50451	0.65661	0.645	0.33986	0.57129	0.31917	0.35534	0.58913	0.48601	0.28927	0.70113	0.28076	0.55996	0.79625	0.62178	0.21676	0.67468	0.4606	0.6009	0.83916	0.32843	0.69425	0.42064	0.39064	0.46675	0.66639	0.27153	0.39618	0.51923	0.67257	0.52115	0.41416	0.42062	0.54439	0.68998	0.34052	0.6949	0.23424	0.62674	0.44559	0.54365	0.48962	0.8025	0.31545	0.75175	0.32206	0.29773	0.36393	0.55573	0.13318	0.40418	0.64281	0.73938	0.87078	0.82607	0.01339	0.51154	0.37417	0.57412	0.30116	0.2705	0.77068	0.78194	0.42852	0.57348	0.39825	0.62922	0.58815	0.89469	0.70406	0.73428	0.58854	0.4571	0.41324	0.52189	0.61162	0.53947	0.52887	0.51216	0.21953	0.04928	0.4522	0.41167	0.72695	0.59457	0.24364	0.50897	0.32238	0.103	0.46172	0.32838	0.74432	0.32317	0.33137	0.84125	0.65413	0.62214	0.70833	0.56338	0.64813	0.56118	0.50114	0.04729	0.11403	0.91637	0.59393	0.41694	0.23917	0.76574	0.49803	0.39327	0.58161	0.58939	0.54914	0.23054	0.69799	0.62215	0.39289	0.51189	0.37365	0.73111	0.46972	0.77446	0.38564	0.23193	0.51034	0.28452	0.36654	0.04714	0.43034	0.39384	0.47382	0.16508	0.6287	0.31645	0.41171	0.33735	0.97388	0.45671	0.64946	1.0	0.52429	0.46124	0.37838	0.68015	0.70703	0.6607	0.53999	0.57944	0.68553	0.40857	0.59326	0.74644	0.31823	0.62162	0.42784	0.17431	0.41221	0.96599	0.14553	0.45057	0.48505	0.4263	0.79829	0.63682	0.40427	0.77105	0.47905	0.57491	0.19475	0.93682	0.2818	0.19282	0.73408	0.40281	0.52142	0.48901	0.43718	0.8112	0.16627	0.53655	0.42523	0.62097	0.56697	0.17197
fly	0.66568	0.2424	0.47545	0.8631	0.83984	0.63206	0.794	0.61647	0.51246	0.73751	0.44701	0.48978	0.5418	0.64904	0.3758	0.95265	0.31609	0.51953	0.31898	0.62438	0.59127	0.65787	0.47636	0.30111	0.59407	0.79669	0.77235	0.22721	0.41528	0.53756	0.23031	0.36169	0.45581	0.50306	0.27896	0.76216	0.67077	0.69543	0.65708	0.57364	0.84443	0.67237	0.37434	0.25098	0.30054	0.59233	0.37492	0.28463	0.44362	0.21524	0.22519	0.62644	0.47671	0.62963	0.48416	0.41091	0.53789	0.60294	0.38547	0.35235	0.63033	0.60597	0.3407	0.70771	0.30003	0.47679	0.47577	0.53354	0.74246	0.43013	0.81807	0.65569	0.73041	0.18468	0.19264	0.46713	0.57581	0.64384	0.42873	0.53133	0.3455	0.76362	0.58195	0.43525	0.97301	1.0	0.68548	0.45092	0.50279	0.35076	0.39962	0.44128	0.17077	0.71199	0.42234	0.4336	0.35008	0.40881	0.49884	0.21149	0.30481	0.93877	0.64511	0.74977	0.57311	0.63501	0.58122	0.67665	0.67987	0.27956	0.32262	0.60308	0.69177	0.29121	0.3139	0.67261	0.38505	0.49731	0.79321	0.53181	0.60524	0.58915	0.40853	0.50269	0.67313	0.51707	0.54273	0.5306	0.30471	0.30952	0.65712	0.48615	0.52062	0.38016	0.29129	0.46873	0.6037	0.21208	0.49901	0.64465	0.23599	0.4206	0.6307	0.80251	0.82755	0.38578	0.24947	0.50683	0.4242	0.26294	0.47321	0.5949	0.65632	0.40289	0.51548	0.51444	0.31998	0.31426	0.59112	0.30665	0.18822	0.99292	0.46955	0.21419	0.61437	0.34779	0.44403	0.7018	0.28707	0.24155	0.04205	0.2335	0.3081	0.54501	0.18942	0.55499	0.02194	0.26894	0.65157	0.75561	0.42772	0.34866	0.30433	0.536	0.52341	0.45907	0.40817	0.16085	0.33679	0.64965	0.93765	0.38808	0.57084	0.18487	0.4433	0.54857	0.34511	0.60186	0.33729	0.03294	0.57625	0.58377	0.4681	0.71412	0.08623	0.51249	0.39764	0.15039	0.67645	0.38791	0.65314	0.39544	0.30989	0.54173	0.39539	0.78625	0.1862	0.61797	0.77369	0.2845	0.52266	0.46988	0.11962	0.28905	0.4805	0.55692	0.56818	0.53753	0.61048	0.52232	0.57537	0.50256	0.58506	0.71703	0.30123	0.69415	0.41651	0.70912	0.47469	0.52137	0.1734	0.56624	0.49696	0.37187	0.42357	0.6208	0.47904	0.7015	0.54795	0.71857	0.47296	0.28378	0.49031	0.73483	0.57028	0.37588	0.59351	0.82024	0.52294	0.78456	0.74629	0.57035	0.95357	0.50103	0.37228	0.82229	0.56196	0.69295	0.17235	0.4611	0.10221	0.44733	0.65981	0.58302	0.63532	0.56649	0.68676	0.43153	0.60888	0.48025	0.26942	0.35167	0.7527	0.55256	0.28298	0.59853	0.60382	0.48973	0.60199	0.37779	0.52704	0.33967	0.39522	0.65312	0.75892	0.66978	0.10758	0.48164	0.42577	0.51138	0.41808	0.84471	0.29335	0.40941	0.49018	0.707	0.19555	0.16289	0.34009	0.6223	0.40528	0.33748	0.8704	0.37434	0.02144	0.64781	0.47179	0.79527	0.50572	0.71189	0.30757	0.72709	0.13108	0.38654	0.36917	0.64492	0.40008	0.81602	0.66656	0.47378	0.66204	0.41886	0.43014	0.78077	0.55566	0.72241	0.60466	0.73878	0.58048	0.62575	0.6384	0.23454	0.3862	0.10728	0.62618	0.66986	0.3735	0.65363	0.74886	0.36843	0.50764	0.26268	0.54111	0.56057	0.6927	0.33926	0.26765	0.4916	0.96994	0.3145	0.37066	0.72362	0.47564	0.50623	0.78668	0.32815	0.57882	0.44832	0.45789	0.54178	0.40655	0.47977	0.17947	0.50811	0.29856	0.44472	0.33547	0.7107	0.42309	0.43824	0.37751	0.24114	0.53763	0.58272	0.25293	0.65487	0.14386	0.51857	0.59675	0.62684	0.62998	0.43136	0.42283	0.47467	0.61596	0.62408	0.33287	0.07953	0.62726	0.29332
fox	0.87629	0.64072	0.45619	0.67227	0.89376	0.56364	0.50768	0.39339	1.0	0.6169	0.31378	0.53555	0.27621	0.68941	0.68997	0.32897	0.44906	0.87126	0.52371	0.54123	0.36155	0.49707	0.60263	0.59404	0.08228	0.25064	0.58307	0.7534	0.54311	0.6154	0.45123	0.1903	0.39715	0.275	0.27048	0.90926	0.5627	0.34549	0.49951	0.38907	0.29472	0.55068	0.30537	0.64802	0.39298	0.63829	0.33939	0.81689	0.53457	0.69072	0.21118	0.6019	0.37471	0.38803	0.47884	0.39641	0.50428	0.64494	0.3615	0.01113	0.62766	0.87751	0.18571	0.66552	0.61343	0.42055	0.67724	0.22405	0.85269	0.48718	0.41171	0.23857	0.62468	0.45992	0.31005	0.4583	0.69993	0.49808	0.1562	0.34124	0.47435	0.61992	0.56783	0.84362	0.53495	0.74273	0.44751	0.50929	0.38239	0.55553	0.54938	0.4867	0.54212	0.50115	0.47936	0.77634	0.29841	0.55082	0.87592	0.12423	0.70881	0.32103	0.28685	0.70981	0.63926	0.67129	0.52096	0.45685	0.82433	0.11936	0.50447	0.26891	0.19657	0.65709	0.45565	0.53619	0.36771	0.31557	0.41792	0.60518	0.39581	0.40297	0.63355	0.50353	0.64035	0.58607	0.55787	0.40461	0.63337	0.21338	0.4733	0.3331	0.60143	0.58371	0.50052	0.63887	0.54782	0.57327	0.53024	0.49305	0.21873	0.71313	0.35732	0.71558	0.50925	0.07361	0.44315	0.40308	0.23835	0.40079	0.33719	0.36199	0.36214	0.32239	0.19967	0.76263	0.27767	0.13871	0.61684	0.77995	0.50263	0.76215	0.46385	0.28561	0.38901	0.39702	0.8571	0.63185	0.34396	0.32004	0.88443	0.61362	0.25598	0.76518	0.55269	0.59293	0.3227	0.62755	0.63978	0.52571	0.66385	0.54146	0.47281	0.81766	0.44968	0.37472	0.55006	0.27671	0.44105	0.6096	0.19814	0.62312	0.56161	0.67264	0.69073	0.40921	0.3553	0.70437	0.56441	0.28073	0.55933	0.01556	0.89719	0.67818	0.4496	0.69398	0.23438	0.42517	0.65	0.31105	0.36459	0.39586	0.3556	0.18963	0.67435	0.25309	0.25422	0.4991	0.39114	0.48423	0.76242	0.5449	0.27006	0.5224	0.43559	0.27809	0.53971	0.50539	0.21042	0.48844	0.50874	0.42975	0.8874	0.33465	0.6393	0.44951	0.49929	0.43566	0.75088	0.23778	0.15176	0.51321	0.55042	0.69618	0.90172	0.45928	0.32066	0.68958	0.83126	0.45308	0.27239	0.13588	0.44972	0.69263	0.08927	0.63181	0.21603	0.69936	0.23375	0.59154	0.55083	0.59966	0.83073	0.48489	0.56617	0.77003	0.17091	0.41287	0.59144	0.06233	0.21868	0.736	0.65352	0.34845	0.27388	0.24802	0.2474	0.72916	0.71718	0.24652	0.62829	0.52294	0.64711	0.27433	0.59867	0.66141	0.46561	0.37031	0.36818	0.33859	0.38788	0.13208	0.80827	0.3721	0.64774	0.69918	0.44473	0.48556	0.47353	0.43699	0.68505	0.48759	0.58341	0.67251	0.457	0.67816	0.1669	0.4693	0.6288	0.50587	0.33878	0.60039	0.47494	0.74793	0.46752	0.51745	0.17577	0.44105	0.60648	0.7658	0.51405	0.53802	0.4041	0.32038	0.32822	0.86754	0.77114	0.64329	0.25886	0.32223	0.85757	0.44734	0.4242	0.76934	0.35684	0.82165	0.51323	0.50405	0.49925	0.63506	0.5932	0.49213	0.41815	0.37409	0.82303	0.85466	0.58454	0.52004	0.61237	0.6385	0.61577	0.21188	0.52537	0.26584	0.81535	0.38922	0.71734	0.33062	0.5217	0.56163	0.66106	0.56721	0.29002	0.38276	0.6304	0.16405	0.38733	0.65585	0.6346	0.6636	0.50971	0.32549	0.49949	0.36455	0.62206	0.29219	0.24423	0.30656	0.67628	0.53213	0.47787	0.47396	0.53838	0.78874	0.49712	0.03004	0.50071	0.78685	0.27214	0.52677	0.50268	0.45633	0.63699	0.5306	0.2865	0.34215	0.43154	0.56076	0.53773	0.48744
frog	0.6158	0.46655	0.61515	0.56907	0.62396	0.30834	0.44225	0.82194	0.55279	0.7165	0.33639	0.71277	0.3829	0.36165	0.71579	0.57441	0.64689	0.89293	0.49855	0.36109	0.28313	0.42361	0.48914	0.44291	0.24259	0.83782	0.59174	0.38663	0.63665	0.455	0.30646	0.16611	0.27968	0.43714	0.58163	0.59257	0.59245	0.48707	0.61168	0.55912	0.53773	0.54554	0.58155	0.35185	0.47073	0.72255	0.68868	0.33097	0.74111	0.68427	0.44201	0.44301	0.35015	0.79443	0.60747	0.43575	0.37496	0.55043	0.35711	0.71822	0.67381	0.76958	0.50424	0.4452	0.31141	0.66562	0.58208	0.6626	0.50673	0.31598	0.73066	0.4005	0.60643	0.56147	0.62657	0.5239	0.73606	0.64885	0.39103	0.34342	0.61841	0.41362	0.65353	0.40424	0.32271	0.19463	0.48063	0.37659	0.56632	0.6273	0.5975	0.58811	0.35922	0.43518	0.66783	0.57552	0.22018	0.49528	0.67796	0.28403	0.3745	0.30003	0.0	0.4999	0.32954	0.37532	0.70571	0.80259	0.56531	0.44623	0.56332	0.60305	0.41909	0.46298	0.49187	0.65899	0.81159	0.50276	0.27495	0.32299	0.29114	0.31146	0.42887	0.51402	0.58973	0.43979	0.43162	0.4612	0.6518	0.51101	0.40771	0.4117	0.14038	0.54418	0.12782	0.74481	0.61612	0.4055	0.65819	0.26588	0.48536	0.58462	0.47809	0.52077	0.33204	0.49006	0.51316	0.70972	0.82302	0.45779	0.4444	0.71112	0.33348	0.17819	0.42804	0.27003	0.26758	0.54664	0.16935	0.2483	0.54525	0.39537	0.0	0.76103	0.32818	0.41525	0.66813	0.4516	0.58294	0.52373	0.71811	0.57637	0.31076	0.72535	0.65916	0.52178	0.53936	0.23855	0.41479	0.3855	0.48397	0.48674	0.71721	0.56607	0.57436	0.39376	0.43967	0.85909	0.55156	0.34584	0.64105	0.58149	0.31871	0.54949	0.35735	0.68394	0.59173	0.50103	0.58908	0.28932	0.6983	0.54279	0.51685	0.41179	0.71132	0.62086	0.38401	0.29134	0.54042	0.73585	0.32072	0.42377	0.51142	0.43201	0.31581	0.69034	0.36448	0.53201	0.6345	0.62682	0.25418	0.00052	0.46712	0.23382	0.53079	0.35237	0.28854	0.15002	0.48992	0.3644	0.66527	0.4977	0.54563	0.43344	0.25535	0.48689	0.35904	0.51742	0.99585	0.63273	0.52466	0.71917	0.58637	0.48524	0.48966	0.43076	0.49457	0.50884	0.65863	0.53987	0.54761	0.44882	0.17976	0.49303	0.15471	1.0	0.52215	0.33458	0.87566	0.4222	0.62744	0.26326	0.88744	0.42218	0.61046	0.65263	0.36098	0.68025	0.6496	0.44986	0.49307	0.6033	0.8971	0.32368	0.74705	0.41332	0.40435	0.51523	0.75307	0.47501	0.87419	0.66786	0.59959	0.36084	0.45658	0.23733	0.34788	0.35114	0.29229	0.30005	0.3355	0.70505	0.61041	0.57799	0.31058	0.56217	0.3298	0.67102	0.25112	0.51491	0.41628	0.55255	0.42451	0.59912	0.81539	0.35557	0.10602	0.16895	0.61506	0.43264	0.35182	0.57683	0.46563	0.61774	0.28741	0.61357	0.47424	0.4148	0.50325	0.24633	0.75151	0.64107	0.91761	0.49028	0.46956	0.59122	0.54454	0.42127	0.87213	0.93066	0.53562	0.30019	0.48671	0.42278	0.37625	0.42792	0.5083	0.7301	0.61908	0.30466	0.24369	0.78227	0.47478	0.54884	0.55981	0.62235	0.28645	0.67467	0.54351	0.68387	0.33291	0.66391	0.33752	0.48793	0.76594	0.49383	0.38112	0.32591	0.70581	0.56704	0.54571	0.50665	0.61974	0.51498	0.66704	0.49803	0.76343	0.23565	0.46763	0.71847	0.37589	0.38478	0.40912	0.68162	0.58819	0.686	0.64182	0.84295	0.45547	0.39729	0.19172	0.17679	0.15713	0.38475	0.51937	0.54021	0.56772	0.49218	0.59999	0.36352	0.05825	0.49327	0.41198	0.525	0.35134	0.70613	0.25001	0.29635	0.45272	0.22974
frogspawn	0.08218	0.00106	0.50547	0.38679	0.41267	0.70727	0.30823	0.74029	0.62662	0.63342	0.42045	0.22585	0.74623	0.54154	0.47752	0.85186	1.0	0.51016	0.41556	0.61906	0.5589	0.36569	0.54536	0.28988	0.35186	0.5967	0.73154	0.47432	0.54	0.58571	0.54084	0.47975	0.39039	0.41953	0.36922	0.41366	0.54678	0.45877	0.9232	0.71926	0.52407	0.59062	0.28447	0.17452	0.2391	0.17953	0.36046	0.21507	0.45501	0.76145	0.10497	0.51928	0.50873	0.4399	0.49681	0.29685	0.97799	0.44658	0.15614	0.60472	0.64409	0.67767	0.81044	0.77721	0.43688	0.44507	0.33194	0.27217	0.20233	0.55956	0.5502	0.4647	0.59738	0.42952	0.91194	0.51962	0.63225	0.55486	0.76073	0.40734	0.62921	0.49093	0.74481	0.48793	0.48641	0.24639	0.68504	0.45438	0.50981	0.5243	0.03319	0.31919	0.57791	0.66904	0.32898	0.79849	0.31969	0.59693	0.26057	0.20622	0.2986	0.62256	0.35782	0.32038	0.29096	0.4692	0.56897	0.6508	0.55004	0.47363	0.35604	0.36238	0.8542	0.52042	0.69187	0.76463	0.36019	0.34502	0.45817	0.37541	0.32882	0.10352	0.49284	0.63976	0.40759	0.52285	0.0	0.29705	0.46604	0.68391	0.57488	0.6215	0.27397	0.68641	0.4527	0.23401	0.75703	0.36107	0.62396	0.50278	0.62833	0.32648	0.75701	0.31054	0.26467	0.43984	0.54473	0.45886	0.55622	0.51691	0.50095	0.15813	0.33462	0.48365	0.6159	0.8097	0.72704	0.38506	0.7409	0.83313	0.60812	0.38994	0.64585	0.62939	0.56661	0.5386	0.65375	0.75533	0.57686	0.57399	0.56331	0.4494	0.43553	0.52316	0.64726	0.33486	0.36012	0.55616	0.73928	0.356	0.5937	0.27795	0.77626	0.55149	0.65831	0.5526	0.44575	0.20602	0.60916	0.39856	0.09686	0.52655	0.36943	0.22203	0.51972	0.42399	0.72803	0.20286	0.55576	0.48979	0.403	0.54807	0.58023	0.35865	0.34979	0.36268	0.58069	0.43424	0.70234	0.55478	0.52024	0.34961	0.54371	0.63994	0.76499	0.41926	0.43348	0.36797	0.48636	0.45668	0.38088	0.60332	0.43375	0.64316	0.35734	0.3209	0.42393	0.6014	0.32243	0.43403	0.50949	0.40113	0.6302	0.45589	0.67655	0.49002	0.83607	0.34305	0.50852	0.85012	0.68457	0.41772	0.59049	0.23037	0.28504	0.1129	0.6388	0.51662	0.68059	0.58557	0.40343	0.32868	0.31043	0.53083	0.24986	0.16278	0.51053	0.43795	0.02929	0.65104	0.71478	0.37516	0.41048	0.41791	0.45851	0.59506	0.37055	0.38206	0.65807	0.58427	0.64125	0.75737	0.27424	0.75339	0.46122	0.10838	0.67403	1.0	0.2017	0.39273	0.29381	0.51198	0.47908	0.54669	0.3569	0.68653	0.80361	0.64189	0.34437	0.64226	0.38138	0.39194	0.45335	0.08004	0.31045	0.03752	0.67163	0.48167	0.80513	0.76599	0.42487	0.55757	0.55275	0.24369	0.73379	0.78821	0.38897	0.42035	0.62568	0.71572	0.40646	0.33155	0.48206	0.38717	0.24159	0.56626	0.37815	0.44395	0.1186	0.61659	0.6143	0.37831	0.39482	0.42932	0.0	0.48348	0.33211	0.52901	0.5148	0.60458	0.0	0.64147	0.37652	0.3319	0.44533	0.8519	0.69126	0.62414	0.57721	0.59814	0.3615	0.65488	0.6182	0.66731	0.49121	0.55748	0.46372	0.51252	0.48675	0.51703	0.49588	0.43087	0.92247	0.45457	0.50825	0.44452	0.29922	0.67655	0.87809	0.87916	0.46178	0.61188	1.0	0.55257	0.63365	0.44367	0.60787	0.20988	0.59882	0.59392	0.11999	0.47727	0.42627	0.68024	0.79878	0.82108	0.63933	0.98389	0.59608	0.42849	0.6312	0.56021	0.643	0.57144	0.7946	0.44262	0.80638	0.42052	0.21784	0.30617	0.45148	0.67927	0.27837	0.35433	0.3754	0.71614	0.61654	0.69599	0.74624	0.51789
gadfly	0.39882	0.03859	0.35366	0.58719	0.6478	0.40529	0.72842	0.34889	0.65276	0.5715	0.5314	0.67914	0.34109	0.40713	0.4751	0.4287	0.56481	0.6107	0.61123	0.67182	0.74748	0.59282	0.46366	0.82241	0.22503	0.33766	0.59873	0.26177	0.67717	0.51719	0.18741	0.45443	0.58933	0.75818	0.49429	0.63076	0.47261	0.46026	0.46612	0.52199	0.66845	0.52718	0.47237	0.72438	0.63166	0.74211	0.49146	0.71663	0.64048	0.42175	0.29476	0.60218	0.33381	0.47529	0.70191	0.40672	0.20015	0.66691	0.68779	0.98577	0.35186	0.54877	0.13818	0.5832	0.36871	0.49248	0.11482	0.68699	0.28786	0.77639	0.54757	0.84063	0.57322	0.1445	0.07409	0.4119	0.52032	0.40605	0.8416	0.5874	0.55268	1.0	0.87386	0.65411	0.609	0.32409	0.47631	0.44889	0.37363	0.47471	0.25063	0.47315	0.30268	0.3013	0.25271	0.69125	0.60211	0.89176	0.50205	0.32904	0.57433	0.63959	0.75595	0.77101	0.55451	0.5001	0.29863	0.94644	0.82574	0.61318	0.40373	0.55437	0.69217	0.1504	0.4168	0.68503	0.40699	0.87661	1.0	0.55381	0.47736	0.16418	0.34771	0.53422	0.44818	0.25492	0.26858	0.58204	0.47396	0.45267	0.53598	0.37677	0.27016	0.60402	0.31208	0.24034	0.58828	0.46879	0.18299	0.45151	0.22892	0.4018	0.60357	0.62778	0.71822	0.57595	0.73624	0.74519	0.59981	0.64093	0.38141	0.36831	0.46006	0.57648	0.54932	0.59774	0.4903	0.53097	0.38415	0.19927	0.58903	0.46594	0.32396	0.30181	0.63117	0.29464	0.43047	0.3906	0.26352	0.45602	0.0	0.41663	0.54957	0.48213	0.53344	0.44856	0.49542	0.43023	0.80427	0.27523	0.73455	0.34172	0.46115	0.38791	0.40439	0.55551	0.69388	0.57361	0.64012	0.48569	0.46276	0.44378	1.0	0.24081	0.50927	0.38035	0.87297	0.26984	0.53141	0.10918	0.31558	0.38555	0.48972	0.3876	0.71227	0.54538	0.33012	0.4327	0.0	0.78677	0.43317	0.31696	0.21473	0.52288	0.26454	0.75586	0.23082	0.40797	0.65304	0.44485	0.36377	0.33128	0.66834	0.18036	0.99055	0.78101	0.54953	0.26936	0.70595	0.72417	0.32323	0.0	0.47319	0.81853	0.11886	0.43304	0.49776	0.12295	0.54354	0.42865	0.44973	0.50905	0.46427	0.16097	0.40233	0.06092	0.54707	0.51585	0.7943	0.46902	0.3055	0.21936	0.61473	0.30998	0.58994	0.35051	0.52329	0.36781	0.10156	0.53837	0.45304	0.60345	0.54224	0.70831	0.25873	0.64918	0.45209	0.19737	0.47495	0.42567	0.76396	0.33394	0.56514	0.29969	0.52682	0.45492	0.36757	0.40408	0.79526	0.57561	0.08704	0.75205	0.66465	0.53901	0.44348	0.94855	0.71827	0.50248	0.51518	0.45631	0.48678	0.6929	0.71004	0.62807	0.23683	0.55402	0.66435	0.15848	0.51372	0.88228	0.20646	0.57859	0.72239	0.6907	0.57432	0.32127	0.72656	0.40572	0.64005	0.64599	0.35887	0.29777	0.39639	0.16776	0.66802	0.85933	0.43824	0.66366	0.31905	0.17241	0.55135	0.61398	0.18724	0.70829	0.34576	0.94298	0.36087	0.44029	0.85584	0.67309	0.51613	0.50913	0.54107	0.7077	0.45829	0.49441	0.18153	0.83472	0.59366	0.57862	0.62599	0.0	0.47027	0.46259	0.62642	0.3902	0.19191	0.41094	0.77039	0.42585	0.49766	0.45979	0.79951	0.0	0.21898	0.46391	0.15596	0.38592	0.84047	0.35013	0.43433	0.45165	0.44437	0.33493	0.72203	0.36172	0.59001	0.64813	0.65719	0.70102	0.55844	0.12985	0.68195	0.85912	0.69112	0.84368	0.32743	0.36323	0.51066	0.62198	0.53041	0.79513	0.83085	0.51998	0.11795	0.28926	0.56707	0.24841	0.14555	0.32913	0.52329	0.91972	0.48807	0.566	0.6501	0.80103	0.4369	0.33702	0.4539	0.40067
gazelle	0.36281	0.64303	0.59237	0.45771	0.73798	0.88381	0.87458	0.60519	0.21929	0.46024	0.6777	0.6375	0.86977	0.58049	0.59174	0.4602	0.39312	0.11108	0.35254	0.3009	0.53403	0.38414	0.63997	0.42703	0.47582	0.51041	0.51824	0.38233	0.41506	0.60385	0.90167	0.30409	0.59373	0.78206	0.56541	0.68608	0.32451	0.33472	0.51814	0.47155	0.47622	0.38623	0.45602	0.46583	0.5387	0.5009	0.82652	0.83724	0.26352	0.54013	0.22734	0.42526	0.37239	0.0	0.57417	0.71278	0.63922	0.44834	0.62935	0.55816	0.43528	0.60826	0.23884	0.7276	0.82218	0.43058	0.64887	0.67828	0.61802	0.6363	0.35764	0.35224	0.23824	0.32777	0.22293	0.48754	0.30973	0.35348	0.75717	0.56444	0.60571	0.32034	0.24469	0.55793	0.91551	0.39922	0.55189	0.45567	0.59747	0.37164	0.65939	0.2824	0.3354	0.89413	0.45232	0.43603	0.26762	0.60794	0.36847	0.02264	0.48005	0.37231	0.58416	0.85177	0.45483	0.54905	0.40686	0.59448	0.13066	0.7093	0.69249	0.77317	0.55899	0.40639	0.65925	0.46062	0.59805	0.38907	0.49817	0.73068	0.76145	0.47004	0.55432	0.22819	0.20733	0.5826	0.79986	0.24227	0.57469	0.67118	0.46686	0.38546	0.49173	0.26192	0.76549	0.54303	0.54672	0.08476	0.43943	0.7805	0.47076	0.33497	0.74258	0.40903	0.43396	0.4954	0.58053	0.54373	0.20884	0.49555	0.27513	0.46865	0.68611	0.32039	0.27059	0.66365	0.46773	0.6348	0.66282	0.50112	0.59229	0.36578	0.58222	0.2797	0.38981	0.55716	0.62615	0.59779	0.42572	0.50744	0.65444	0.60344	0.28506	0.54523	0.72069	0.51377	0.66208	0.79759	0.54758	0.71572	0.72406	0.37372	0.63325	0.4886	0.2279	0.29206	0.33406	0.71047	0.8068	0.48287	0.47551	0.15406	0.6769	0.49279	0.96915	0.5645	0.77062	0.37415	0.58939	0.41799	0.43728	0.76678	0.5475	0.7304	0.38157	0.59266	0.62213	0.70052	0.61388	0.48686	0.42851	0.34156	0.1613	0.61463	0.8754	0.30888	0.49217	0.35936	0.1904	0.36841	0.45147	0.32547	0.49245	0.61902	0.4004	0.41019	0.34328	0.43755	0.47287	0.62188	0.55159	0.74552	0.50609	0.53374	0.6316	0.40341	0.64334	0.3784	0.68125	0.35293	0.76894	0.46397	0.63739	0.34324	0.54269	0.33059	0.615	0.52253	0.72165	0.17947	0.19497	0.75459	0.7325	0.58945	0.75256	0.53817	0.34229	0.65743	0.28431	0.26532	0.30387	0.17467	0.0	0.0	0.61308	0.45324	0.67714	0.43446	0.55732	0.56372	0.67276	0.27611	0.61307	0.44204	0.45656	0.22586	0.70558	0.72355	0.55961	0.47918	0.31368	0.48311	0.50566	0.39757	0.77001	0.51453	0.69973	0.1047	0.57082	0.0	0.49113	0.36766	0.63658	0.82238	0.44174	0.31139	0.72369	0.58261	0.82562	0.25753	0.33183	0.86829	0.44045	0.40682	0.53297	0.48264	0.57601	0.47989	0.45001	0.35904	0.52409	0.70358	0.28887	0.56152	0.66808	0.7295	0.49823	0.41211	0.33108	0.40862	0.57222	0.29984	0.46995	0.20004	0.47682	0.53166	0.4299	0.52049	0.19126	0.73623	0.89702	0.48696	0.62686	0.3213	0.77528	0.42009	0.52571	0.7195	0.52094	0.48883	0.41496	0.66087	0.81884	0.35283	0.48475	0.48547	0.57546	0.36027	0.50684	0.34198	0.424	0.18275	0.38113	0.39427	0.24717	0.72722	0.27932	0.87467	0.11972	0.26032	0.69644	0.36323	0.6842	0.49786	0.20875	0.46929	0.12444	0.58148	0.437	0.9129	0.70568	0.36831	0.53078	0.21252	0.23021	0.4975	0.47655	0.11513	0.6597	0.48863	0.57913	0.50453	0.55357	0.45538	0.13898	0.30149	0.5896	0.49272	0.39125	0.44788	0.53294	0.50263	0.78242	0.5327	0.5202	0.44444	0.62483	0.27725	0.27352	0.09096
gecko	0.50568	0.36536	0.67848	0.7558	0.69022	0.64005	0.06437	0.60039	0.5935	0.47908	0.21144	0.65474	0.55927	0.43583	0.87265	0.54378	0.6258	0.53711	0.33282	0.23127	0.23404	0.87598	0.46998	0.34011	0.40071	0.58652	0.63277	0.77724	0.4016	0.5448	0.48551	0.5549	0.27912	0.44136	0.46205	0.42115	0.47494	0.57071	0.33074	0.71919	0.51004	0.4624	0.73664	0.26182	0.25337	0.53514	0.14445	0.41114	0.74107	0.51945	0.35126	0.21103	0.28799	0.5083	0.30361	0.48665	0.20636	0.48113	0.32141	0.33515	0.26097	0.71263	0.48568	0.44087	0.54408	0.21027	0.06646	0.48272	0.43555	0.33921	0.72652	0.57413	0.99267	0.39202	0.26709	0.48252	0.5921	0.54135	0.47971	0.12055	0.48466	0.65449	0.95592	0.76861	0.65853	0.82853	0.26186	0.50659	0.66012	0.40494	0.07931	0.72051	0.35392	0.52134	0.39465	0.59372	0.47551	1.0	0.94965	0.28928	0.65407	0.47377	0.42353	0.54609	0.67959	0.43117	0.49556	0.68319	0.55725	0.72672	0.76383	0.51061	0.36755	0.51064	0.66335	0.92345	0.40258	0.24142	0.25996	0.20352	0.17457	0.18481	0.43021	0.547	0.65777	0.50826	0.68095	0.28595	0.63938	0.24512	0.58116	0.2497	0.53951	0.4848	0.64243	0.80855	0.55615	0.56821	0.79502	0.40547	0.77192	0.52913	0.65432	0.3086	0.18997	0.31859	0.35709	0.59874	0.63329	0.29929	0.59656	0.67272	0.84806	0.43008	0.19455	0.53788	0.64195	0.63898	0.49224	0.4989	0.46658	0.42426	0.59213	0.6714	0.33006	0.43281	0.41436	0.65403	0.48987	0.38656	0.62701	0.6597	0.39464	0.72696	0.41794	0.74005	0.41494	0.56557	0.5332	0.44051	0.69072	0.33414	0.82392	0.3615	0.51008	0.57557	0.17508	0.42161	0.57417	0.38992	0.42459	0.29558	0.26883	0.65789	0.5904	0.60915	0.48104	0.44026	0.23009	0.45099	0.74335	0.30489	0.62087	0.39884	0.23313	0.57187	0.4609	0.39196	0.4694	0.30226	0.50674	0.48916	0.6258	0.33502	0.59075	0.30771	0.19394	0.47989	0.50676	0.38314	0.59054	0.41475	0.47697	0.70659	0.2404	0.28731	0.40028	0.43646	0.37795	0.36436	0.6213	0.35614	0.57083	0.69487	0.88001	0.38862	0.65881	0.79388	0.32614	0.54284	0.33427	0.0693	0.48762	0.46648	0.63686	0.10995	0.3028	0.74128	0.61854	0.85811	0.71138	0.71611	0.53905	0.54636	0.5447	0.46648	0.47256	0.36136	0.30831	0.48849	0.73977	0.41886	0.62366	0.40095	0.49327	0.74583	0.4388	0.36396	0.38211	0.56852	0.42966	0.6369	0.79373	0.61382	0.40407	0.53407	0.40814	0.36612	0.62669	0.20399	0.62214	0.30807	0.68913	0.65071	0.18553	0.82112	0.36798	0.41824	0.56553	0.57207	0.17671	0.23998	0.59073	0.55181	0.54478	0.45088	0.53192	0.63656	0.74732	0.31797	0.59002	0.53146	0.50695	0.42398	0.63208	0.3132	0.59644	0.21383	0.37928	0.5077	0.36156	0.39241	0.68052	0.45634	0.13051	0.61576	0.29011	0.45778	0.47284	0.48945	0.58978	0.49797	0.62451	0.45084	0.65283	0.4476	0.35691	0.55248	0.54315	0.51319	0.57819	0.31738	0.6094	0.28615	0.40729	0.29615	0.38334	0.8026	0.60686	0.57541	0.40458	0.65176	0.56114	0.44574	0.58908	0.65904	0.26103	0.94643	0.56348	0.63699	0.4577	0.70173	0.38917	0.67411	0.90295	0.3818	0.24467	0.55306	0.63385	0.50097	0.22572	0.38416	0.68084	0.71292	0.43316	0.42103	0.60686	0.50575	0.56289	0.78342	0.53122	0.39906	0.37117	0.421	0.75547	0.73951	0.53152	0.51232	0.6594	0.4991	0.30533	0.46533	0.23754	0.91192	0.6487	0.57014	0.31752	0.78481	0.5197	0.50313	0.37042	0.33029	0.5031	0.52771	0.49256	0.24192	0.3299	0.44561	0.33017	0.47935
gerbil	0.68232	0.42268	0.22995	0.57392	0.69359	0.58576	0.37933	0.2851	0.44536	0.39239	0.62884	0.32736	0.22406	0.5865	0.525	0.30345	0.46954	0.4355	0.47134	0.60547	0.57939	0.68596	0.49219	0.40218	0.37609	0.77637	0.56922	0.58726	0.53731	0.62194	0.56255	0.5402	0.46551	0.59029	0.37984	0.61436	0.40752	0.57672	0.4371	0.60128	0.347	0.06708	0.19443	0.42817	0.41929	0.44319	0.52059	0.44612	0.74629	0.85786	0.53512	0.52117	0.11227	0.66165	0.68821	0.64201	0.05745	0.78056	0.46411	0.13387	0.48032	0.75852	0.19944	0.61009	0.19414	0.26848	0.64115	0.54026	0.83179	0.60743	0.39621	0.5258	0.59334	0.60236	0.09143	0.31994	0.54876	0.40147	0.82568	0.60881	0.40782	0.49488	0.33671	0.48367	0.67994	0.62832	0.44165	0.30175	0.72753	0.45122	0.55564	0.36107	0.51428	0.54044	0.41313	0.25584	0.57654	0.60007	0.41007	0.2295	0.66665	0.56893	0.55445	0.50213	0.69325	0.48163	0.30841	0.54512	0.28898	0.52161	1.0	0.29716	0.18326	0.79508	0.38139	0.71647	0.73953	0.57645	0.07534	0.47856	0.53861	0.27751	1.0	0.45353	0.50239	0.11579	0.96098	0.26367	0.45359	0.3768	0.41418	0.25506	0.77396	0.67898	0.72674	0.89624	0.37867	0.76503	0.42019	0.83316	0.35262	0.71076	0.54887	0.54953	0.3769	0.69538	0.688	0.12738	0.32794	0.16032	0.59335	0.57325	0.58931	0.24078	0.21792	0.52631	0.4736	0.89197	0.76314	0.56939	0.53812	0.26535	0.67827	0.35199	0.50272	0.62537	0.59126	0.48201	0.23209	0.51369	0.67065	0.53248	0.22677	0.47407	0.65849	0.25618	0.40056	0.75481	0.57892	0.36164	0.71097	0.57503	0.44706	0.48065	0.35787	0.6063	0.51217	0.36443	0.64092	0.14633	0.58499	0.72954	0.35249	0.55983	0.65395	0.52756	0.52446	0.68426	0.5725	0.07902	0.55908	0.38127	0.54819	0.48572	0.46794	0.57109	0.43106	0.58544	0.8602	0.16643	0.33243	0.13784	0.65581	0.5831	0.96686	0.26781	0.36775	0.4128	0.54378	0.50129	0.58898	0.45854	0.66935	0.42381	0.29301	0.17888	0.73112	0.47963	0.78588	0.71666	0.41275	0.54442	1.0	0.41496	0.58187	0.43446	0.27623	0.745	0.67696	0.31615	0.41521	0.21638	0.61706	0.69353	0.76989	0.37895	0.50541	0.41543	0.71863	0.32604	0.30162	0.68722	0.45063	0.45064	0.22943	0.30088	0.35703	0.56945	0.67323	0.63643	0.59077	0.36324	0.53349	0.43203	0.42481	0.6234	0.31511	0.21441	0.38073	0.22994	0.18266	0.41658	0.49551	0.78677	0.38433	0.34303	0.23267	0.74327	0.6805	0.59549	0.71192	0.16135	0.4202	0.47482	0.368	0.63414	0.42296	0.27152	0.74232	0.11639	0.40707	0.54825	0.74231	0.62125	0.26147	0.44719	0.62843	0.40046	0.41505	0.67342	0.45664	0.51318	0.91761	0.20182	0.62015	0.605	0.80666	0.48324	0.22155	0.32829	0.36143	0.48359	0.13501	0.36331	0.57678	0.5445	0.49409	0.46342	0.60524	0.47272	0.54016	0.25543	0.59062	0.68262	0.48696	0.74056	0.61084	0.64979	0.54323	0.58749	0.78519	0.16582	0.47029	0.3204	0.33747	0.0	0.47802	0.41905	0.51683	0.73893	0.57098	0.73633	0.654	0.67491	0.59803	0.77234	0.59337	0.44244	0.63805	1.0	0.65476	0.50967	0.2423	0.58178	0.67733	0.40776	0.53049	0.68085	0.1775	0.6235	0.37283	0.44313	0.4674	0.61888	0.19929	0.39735	0.51639	0.94458	0.38445	0.81981	0.26826	0.28809	0.45707	0.41482	0.6809	0.1505	0.15109	0.25819	0.42393	0.60688	0.58606	0.63741	0.31611	0.81921	0.60384	0.12888	0.33898	0.79246	0.20593	0.78236	0.73526	0.31075	0.80356	0.67701	0.50358	0.41194	0.36484	0.31745	0.28797	0.38629
gibbon	0.5442	0.63657	0.81616	0.82142	0.72698	0.39561	0.37972	0.61068	0.10809	0.49275	0.47704	0.21874	0.1866	0.36357	0.53896	0.46895	0.37697	0.94072	0.49697	0.30225	0.68974	0.64652	0.598	0.68381	0.34492	0.40246	0.57991	0.42531	0.37354	0.38465	0.20299	0.13261	0.09445	0.80373	0.54997	0.51138	0.31344	0.28867	0.04409	0.18105	0.67405	0.30601	0.52623	0.60381	0.3822	0.38489	0.28192	0.65194	0.57798	0.70185	0.68293	0.49398	0.14246	0.49981	0.68887	0.57105	0.63548	0.69413	0.44422	0.37361	0.50097	0.49261	0.32665	0.63135	0.35299	0.38622	0.4504	0.27247	0.57148	0.7597	0.26465	0.84085	0.53133	0.53892	0.73674	0.31511	0.65625	0.20709	0.54232	0.78427	0.18329	0.45471	0.30993	0.61961	0.5881	0.38358	0.51106	0.15458	0.44119	0.43378	0.43143	0.40326	0.16606	0.50442	0.23191	0.20588	0.66028	0.74091	0.30175	0.58674	0.42532	0.54551	0.43244	0.70233	0.92703	0.29127	0.56771	0.52225	0.8056	0.58658	0.66749	0.57117	0.26458	0.82645	0.41653	0.36779	0.52339	0.58308	0.53008	0.7857	0.58544	0.60313	0.57508	0.64576	0.28995	0.06225	0.30027	0.40185	0.38142	0.43694	0.21178	0.75028	0.50857	0.9058	0.57645	0.38864	0.31721	0.7212	0.80921	0.56403	0.30871	0.34467	0.49783	0.63756	0.26086	0.78122	0.34617	0.14301	0.81399	0.33909	0.82133	0.45007	0.44799	0.169	0.53984	0.4118	0.49503	0.27236	0.49914	0.37174	0.43057	0.74299	0.43487	0.39608	0.52632	0.38201	0.67073	0.27086	0.72024	0.75229	0.29339	0.21675	0.47698	0.61494	0.4262	0.48141	0.45892	0.57904	0.37253	0.4078	0.57089	0.32157	0.67962	0.39491	0.31131	0.77829	0.88741	0.36167	0.26463	0.44484	0.56709	0.58161	0.47063	0.31416	0.21134	0.65075	0.56494	0.50695	0.28702	0.23788	0.54692	0.51468	0.56007	0.31839	0.52837	0.48618	0.81047	0.20557	0.59982	0.7193	0.74403	0.39533	0.43524	0.6565	0.28507	0.47544	0.59242	0.48077	0.38414	0.48344	0.69115	0.47915	0.45561	0.37765	0.53775	0.32647	0.90457	0.26736	0.66426	0.41181	0.435	0.75279	0.39468	0.72415	0.37165	0.3281	0.44201	0.44396	0.80096	0.65862	0.49882	0.97336	0.78354	0.25794	0.68264	0.48719	0.61817	0.40119	0.72631	0.86444	0.93875	0.92626	0.58272	0.52874	0.25724	0.46373	0.35898	0.49473	0.68437	0.55505	0.53294	0.49324	0.54312	0.90217	0.52461	0.62864	0.02891	0.08582	0.5742	0.4607	0.47004	0.49122	0.71595	0.86873	0.01448	0.68837	0.21645	0.68426	0.33845	0.63467	0.49082	0.48155	0.28522	0.40447	0.56002	0.88294	0.46278	0.22134	0.5418	0.44042	0.50803	0.54207	0.63479	0.61384	0.50896	0.72154	0.58868	0.66678	0.36748	0.42667	0.94066	0.63481	0.75008	0.14267	0.85862	0.08608	0.46898	0.6863	0.61592	0.77073	0.55561	0.63264	0.45018	0.70994	0.46811	0.50851	0.8259	0.9235	0.66868	0.29518	0.0	0.32505	0.43199	0.44723	0.56655	0.41753	1.0	0.26219	0.50464	0.48686	0.49229	0.26151	0.56172	0.27034	0.83663	0.73719	0.67792	0.16685	0.2814	0.21399	0.79192	0.30289	0.14636	0.44854	0.2354	0.54643	0.3839	0.7185	0.33502	0.20947	0.57113	0.75595	0.59748	0.5984	0.25421	0.59973	0.51296	0.73618	0.48447	0.42277	0.57656	0.62158	0.60974	0.0	0.52721	0.47447	0.50526	0.83019	0.73134	0.7625	0.64723	0.1759	0.28143	0.4737	0.13551	0.35045	0.16852	0.53975	0.59044	0.52111	0.35336	0.60369	0.66644	0.54259	0.31525	0.27412	0.21672	0.50125	0.21109	0.67667	0.88727	0.05332	0.66608	0.35809	0.29613	0.9333	0.2204	0.52176	0.32844	0.38864
giraffe	0.37363	0.73797	0.4702	0.16512	0.41728	0.33731	0.81768	0.4958	0.62879	0.36911	0.6948	0.66351	0.60667	0.55725	0.18281	0.60695	0.7341	0.42298	0.41751	0.33339	0.36934	0.44439	0.61135	0.66527	0.51628	0.1307	0.30073	0.44848	0.51432	0.56845	0.54575	0.48369	0.47781	0.51401	0.35375	0.26707	0.62706	0.19135	0.46479	0.61895	0.52383	0.66416	0.44219	0.81509	0.47779	0.56044	0.28752	0.70682	0.30078	0.51591	0.0974	0.37881	0.78432	0.68255	0.79562	0.47627	0.89566	0.32712	0.62044	0.71345	0.48725	0.64718	0.21112	0.78352	0.67801	0.68225	0.54211	0.31953	0.52353	0.83066	0.47855	0.21043	0.13767	0.61563	0.58602	0.72044	0.40541	0.38932	0.75457	0.54242	0.25085	0.1922	0.33714	0.30283	0.74526	0.48036	0.75392	0.26534	0.59945	0.30598	0.63736	0.61818	0.39453	0.83898	0.69271	0.38491	0.16243	0.57782	0.42273	0.23264	0.38965	0.75806	0.71694	0.4732	0.46309	0.51445	0.49284	0.27244	0.65079	0.61018	0.58642	0.78131	0.34643	0.87116	0.39399	0.42033	0.71609	0.48627	0.49905	0.59811	0.93706	0.33301	0.36625	0.54867	0.5608	0.04753	0.55884	0.33595	0.39383	0.75686	0.33146	0.30683	0.44251	0.23056	0.36902	0.31659	0.46074	0.55262	0.35383	1.0	0.22168	0.28107	0.69258	0.28509	0.63285	0.35413	0.46435	0.24942	0.58481	0.44348	0.50545	0.68386	0.49918	0.44705	0.53808	0.49094	0.78103	0.23344	0.95566	0.69375	0.48383	0.11025	0.57659	0.28933	0.48147	0.32924	0.67988	0.58096	0.52418	0.37655	0.51201	0.84033	0.58648	0.47041	0.34772	0.46128	0.5944	0.39515	0.63961	0.4726	0.54681	0.03841	0.41387	0.63962	0.98418	0.43941	0.29006	0.27426	0.49971	0.65138	0.59861	0.52687	0.33452	0.5924	1.0	0.80692	0.52528	0.45916	0.61892	0.45332	0.51219	0.40039	0.27488	0.6039	0.76129	0.43882	0.82451	0.24779	0.69046	0.47571	0.84881	0.66732	0.40727	0.69854	0.98282	0.29675	0.28687	0.43731	0.43255	0.35811	0.35046	0.19181	0.54403	0.67004	0.44381	0.59726	0.62982	0.43272	0.47124	0.28134	0.62663	0.55324	0.38633	0.28194	0.24279	0.47809	0.48354	0.39274	0.74542	0.61563	0.64273	0.23301	0.25181	0.27993	0.64052	0.60967	0.78269	0.50545	0.2417	0.86411	0.48432	0.56069	0.49812	0.73737	0.32629	0.23546	0.51924	0.29628	0.39382	0.47467	0.61042	0.50031	0.62555	0.92101	0.40265	0.96387	0.41876	0.57885	0.72259	0.44457	0.65199	0.48194	0.23958	0.10507	0.33444	0.62562	1.0	0.51993	0.28097	0.62328	0.5105	0.37196	0.64836	0.47171	0.3914	0.57142	0.85364	0.39754	0.84385	0.50958	0.4014	0.38435	0.50109	0.55417	0.59084	0.37849	0.63749	0.72077	0.17038	0.34199	0.40224	0.47417	0.54522	0.48774	0.36192	0.54238	0.46919	0.28475	0.56133	0.7341	0.5994	0.57722	0.46977	0.34707	0.41287	0.4782	0.41908	0.27407	0.40768	0.58208	0.60305	0.46912	0.52343	0.36872	0.38361	0.62214	0.37755	0.53431	0.3615	0.39452	0.37802	0.95151	0.16612	0.63661	0.53694	0.73062	0.38384	0.54552	0.4225	0.38808	0.34279	0.25872	0.37403	0.08285	0.64809	0.34486	0.21993	0.7445	0.3839	0.55585	0.36673	0.27296	0.57787	0.3169	0.56865	0.74775	0.38006	0.58753	0.66687	0.22954	0.34828	0.39501	0.54359	0.39909	0.65511	0.35054	0.3607	0.45867	0.65307	0.69248	0.55745	0.29901	0.68894	0.50736	0.59471	0.27549	0.67615	0.66791	0.67147	0.37597	0.0629	0.85512	0.55308	0.76668	0.44745	0.15343	0.44931	0.51877	0.48358	0.34765	0.42819	0.82587	0.48489	0.20309	0.68572	0.80831	0.70316	0.1446	0.65757	0.32367
goat	0.60361	0.17141	0.41517	0.51769	0.77994	0.49245	0.32671	0.35268	0.56074	0.65309	0.3745	0.23266	0.95592	0.40137	0.46087	0.99739	0.31122	0.80181	0.34209	0.58905	0.47612	0.36791	0.76537	0.45189	0.6448	0.73307	0.06882	0.12722	0.63336	0.85486	0.28439	0.404	0.44206	0.61271	0.53786	0.39508	0.4775	0.37613	0.54032	0.51062	0.69114	0.5494	0.52911	0.85339	0.42218	0.4799	0.49044	0.72064	0.36542	0.22951	0.5914	0.61778	0.24596	0.78744	0.48424	0.77831	0.60893	1.0	1.0	0.48826	0.73805	0.4756	0.51326	0.64382	0.30258	0.18931	0.23142	0.73668	0.52336	0.60932	0.26209	0.6032	0.27819	0.46489	0.35605	0.10467	0.74162	0.24236	0.68129	0.41586	0.32075	0.54544	0.58455	0.5697	0.48486	0.38963	0.08207	0.08935	0.30075	0.23036	0.60648	0.47867	0.34203	0.8164	0.25887	0.02434	0.35832	0.58535	0.54151	0.18431	0.53212	0.72516	0.43527	0.5808	0.71008	0.34544	0.39379	0.57323	0.71785	0.35366	0.23767	0.29152	0.65203	0.66206	0.43563	0.83387	0.30027	0.56832	0.63986	0.64185	0.83562	0.58659	0.45985	0.51552	0.49833	0.47583	0.70512	1.0	0.39704	0.54749	0.27961	0.32692	0.40006	0.65316	0.42323	0.25435	0.55833	0.6378	0.37041	0.42766	0.2331	0.43021	0.40759	0.27247	0.49809	0.4291	0.35241	0.02433	0.56677	0.3627	0.84832	0.49732	0.4932	0.31907	0.793	0.84478	0.65295	0.55458	0.49615	0.4481	0.39552	0.12966	0.65042	0.56106	0.76477	0.69194	0.70842	0.49381	0.41566	0.62125	0.59727	0.31348	0.46519	0.46438	0.44959	0.49028	0.45852	0.72128	0.49646	0.77277	0.16135	0.24858	0.22002	0.30821	0.36352	0.68853	0.94665	0.21566	0.16409	0.63227	0.35815	0.17594	0.48892	0.3546	0.23152	0.59797	0.2133	0.55691	0.66037	0.31833	0.55859	0.69158	0.69661	0.74359	0.25964	0.72911	0.30869	0.32672	0.76502	0.42513	0.60566	0.18265	0.61142	0.39842	0.51694	1.0	0.35468	0.58634	0.69202	0.5419	0.51596	0.62403	0.18316	0.7389	0.0882	0.65177	0.58602	0.35606	0.65556	0.40797	0.51395	0.70488	0.39619	0.09569	0.34725	0.63562	0.36499	0.45622	0.56006	0.43923	0.54995	0.51927	0.33486	0.51984	0.47266	0.59506	0.70128	0.30038	0.47094	0.9483	0.61054	0.54475	0.71592	0.54743	0.38236	0.23611	0.85662	0.50905	1.0	0.62316	0.79824	0.51703	0.71978	0.23326	0.54237	0.86247	0.49168	0.751	0.5863	0.28843	0.42693	0.59651	0.5148	0.60795	0.31095	0.6144	0.39783	0.52372	0.34471	0.62609	0.58977	0.43784	0.34482	0.57902	0.63298	0.9913	0.67284	0.54358	0.4981	0.4008	0.39572	0.79307	0.43849	0.48337	0.78377	0.62531	0.11375	0.58549	0.28061	0.46297	0.20114	0.47905	0.46958	0.4403	0.41577	0.47238	0.57233	0.43203	0.90067	0.51636	0.70062	0.45458	0.65528	0.30294	0.37428	0.44221	0.52271	0.38844	0.44526	0.31322	0.38835	0.42258	0.24788	0.51665	0.46634	0.5964	0.81067	0.52222	0.56495	0.5924	0.3377	0.48046	0.08904	0.89848	0.70743	0.63237	0.79098	0.46215	0.6823	0.29925	0.643	0.38544	0.53891	0.48407	0.41486	0.58803	0.19315	0.50107	0.24912	0.45414	0.55438	0.45904	0.40125	0.68004	0.3322	0.44828	0.60985	0.27047	0.0	0.69582	0.65895	0.48119	0.59913	0.07315	0.39441	0.17595	0.58321	0.46221	0.39028	0.52713	0.28318	0.57833	0.22312	0.55264	0.26047	0.52278	0.53287	0.56001	0.30652	0.6076	0.3769	0.37392	0.79085	0.54282	0.32967	0.77316	0.42455	0.47606	0.14177	0.638	0.5967	0.29965	0.70354	0.41817	0.8466	0.72925	0.09488	0.46876	0.46202	0.26791
goldfish	0.52305	0.39251	0.25084	0.64947	0.58111	0.97586	0.2795	0.63948	0.38937	0.66313	0.74709	0.64003	0.39747	0.45306	0.45608	0.91401	0.48891	0.57991	0.25312	0.56875	0.21331	0.46685	0.59303	0.88235	0.70452	0.59819	0.38544	0.47099	0.39978	0.59679	0.62511	0.35541	0.38402	0.85749	0.61645	0.5441	0.77352	0.34553	0.16429	0.29944	0.57493	0.80778	0.4188	0.54473	0.22533	0.55742	0.58114	0.27291	0.48294	0.13977	0.50058	0.57715	0.45424	0.51847	0.39974	0.3563	0.40613	0.52176	0.7384	0.49965	0.51529	0.61735	0.39875	0.36725	0.41342	0.25917	0.58832	0.48345	0.49913	0.72929	0.74546	0.72469	0.52961	0.29586	0.24864	0.54087	0.68834	0.24096	0.69273	0.29699	0.31676	0.29456	0.5332	0.5501	0.38665	0.30794	0.28459	0.49504	0.54859	0.40548	0.54741	0.02818	0.45159	0.33848	0.29677	0.25529	0.44363	0.30473	0.55007	0.35694	0.63378	0.59907	0.20223	0.39317	0.41396	0.59246	0.54699	0.38453	0.32644	0.29652	0.23731	0.52656	0.53804	0.21293	0.46639	0.36183	0.51161	0.55614	0.74013	0.52166	0.88795	0.72571	0.34983	0.73208	0.22585	0.40529	0.88061	0.87015	0.27939	0.43285	0.44176	0.67075	0.61913	0.69306	0.6194	0.64462	0.52441	0.76177	0.52935	0.32393	0.34153	0.51934	0.54361	0.69783	0.68871	0.62529	0.65457	0.47201	0.61884	0.25868	0.57185	0.32449	0.49927	0.67027	0.52366	0.73014	0.36809	0.70158	0.76089	0.34541	0.11936	0.80835	0.83669	0.52999	0.3962	0.6537	0.35039	0.34677	0.46563	0.4704	0.40157	0.46405	0.75148	0.68005	0.43827	0.0316	0.35111	0.81931	0.23906	0.67004	0.45245	0.29082	0.63971	0.30801	0.65859	0.47426	0.69189	0.23791	0.35025	0.61246	0.50111	0.64489	0.5473	0.51341	0.09559	0.48468	0.5078	0.37875	0.13655	0.29707	0.65285	0.40859	0.78007	0.45256	0.45697	0.63065	0.40592	0.51938	0.59112	0.47042	0.17483	0.03248	0.82412	0.04031	0.46378	0.5413	0.20395	0.52485	0.67634	0.52378	0.80249	0.59212	0.51562	0.45923	0.599	0.41422	0.28562	0.49745	0.47848	0.39587	0.21711	0.57852	0.66519	0.43758	0.55062	0.62631	0.60007	0.2626	0.26192	0.54168	0.3362	0.56031	0.55474	0.65577	0.68052	0.09822	0.59924	0.56507	0.4233	0.80192	0.53508	0.43336	0.4064	0.71136	0.46377	0.52039	0.48002	0.50229	0.62763	0.4809	0.43778	0.51409	0.46474	0.49971	0.02565	0.57196	0.33303	0.49474	0.55671	0.0718	0.39335	0.70848	0.52865	0.68745	0.1894	0.4532	0.5014	0.68383	0.49136	0.95297	0.32376	0.32483	0.32111	0.33312	0.44766	0.56009	0.67373	0.35263	0.4992	0.68527	0.66527	0.47101	0.05681	0.57909	0.22562	0.53537	0.47257	0.45338	0.49352	0.72463	0.13573	0.71481	0.61337	0.04738	0.42517	0.3596	0.68449	0.15716	0.54554	0.64916	0.59974	0.60616	0.79415	0.61701	0.42579	0.41749	0.44175	0.873	0.54678	0.85949	0.40546	0.9543	0.27638	0.62783	0.55167	0.4568	0.41755	0.81905	0.31454	0.4275	0.67889	0.68473	0.19648	0.54655	0.66206	0.50342	0.85389	0.49001	0.5903	0.56744	0.75203	0.46828	0.73655	0.5663	0.45222	0.65655	0.56554	0.62566	0.44822	0.38751	0.52278	0.79245	0.57952	0.35727	0.03711	0.43289	0.41002	0.6795	0.64993	0.69132	0.70471	0.80694	0.48395	0.59155	0.82656	0.46604	0.46255	0.92789	0.57479	0.34074	0.30294	0.4736	0.15104	0.54692	0.61091	0.16937	0.1571	0.55497	0.74873	0.52601	0.27054	0.62848	0.59087	0.38949	0.35952	0.68119	0.47891	0.64861	0.06024	0.24735	0.40523	0.58988	0.79933	0.60653	0.70212	0.60951	0.48112	0.28585	0.55322	0.51829
goose	0.11596	0.42179	0.74256	0.57309	0.59031	0.91181	0.43266	0.86594	0.39633	0.60127	0.34186	0.8536	0.30373	0.43164	0.54072	0.59399	0.36735	0.55609	0.23731	0.29104	0.48099	0.71572	0.29395	0.44359	0.24894	0.62192	0.32539	0.46059	0.46874	0.28465	0.8353	0.30128	0.71884	0.78883	0.57503	0.48572	0.46695	0.35214	0.7083	0.33193	0.85468	0.49111	0.69434	0.36675	0.45758	0.68126	0.65887	0.9889	0.46758	0.39247	0.36035	0.50891	0.16204	0.5616	0.50466	0.51192	0.32969	0.36468	0.07809	0.70237	0.54128	0.4615	0.49339	0.57691	0.49331	0.41379	0.53447	0.62882	0.75483	0.83086	0.69825	0.52096	0.52925	0.63087	0.84785	0.62666	0.63124	0.7432	0.56298	0.46111	0.42944	0.60643	0.54958	0.40508	0.45946	0.85969	0.971	0.42485	0.64742	0.29994	0.40812	0.61114	0.29134	0.4145	0.35512	0.35929	0.1045	0.30533	0.40499	0.54257	0.53322	0.42044	0.35628	0.38996	0.45506	0.60671	0.69808	0.54333	0.44623	0.49807	0.63749	0.52299	0.51299	0.34227	0.62201	0.30444	0.73407	0.43879	0.62129	0.62549	0.38452	0.38704	0.46284	0.42157	0.2982	0.59659	0.34974	0.4187	0.70031	0.64474	0.61331	0.65289	0.64051	0.939	0.53565	0.63248	0.31597	0.46108	0.94724	0.48083	0.55724	0.56563	0.54762	0.27726	0.60577	0.65068	0.2082	0.46649	0.67584	0.3946	0.52696	0.40534	0.3774	0.407	0.40497	0.31997	0.53868	0.45588	0.35831	0.60951	0.53697	0.45921	0.35947	0.4916	0.50326	0.43995	0.49729	0.46205	0.47535	0.33955	0.51325	0.58409	0.57274	0.72211	0.54791	0.38028	0.19572	0.56634	0.47223	0.4075	0.39998	0.53269	0.86875	0.49765	0.34085	0.04626	0.56214	0.68041	0.78201	0.50678	0.2681	0.324	0.49635	0.49965	0.46138	0.31688	0.65897	0.40797	0.37336	0.4143	0.3467	0.49693	0.71524	0.64913	0.6156	0.54946	0.68525	0.69664	0.71092	0.49228	0.30878	0.12196	0.73639	0.3581	0.16645	0.52255	0.19275	0.58057	0.62005	0.52025	0.21048	0.32567	0.72197	0.68932	0.4321	0.60689	0.57776	0.0	0.45632	0.35814	0.51039	0.39472	0.4461	0.47719	0.7183	0.6793	0.2226	0.45645	0.87192	0.33211	0.64384	0.22324	0.5244	0.18543	0.75389	0.92308	0.79685	0.10838	0.5164	0.23978	0.27634	0.63335	0.4614	0.7822	0.38183	0.68739	0.46889	0.5118	0.54649	0.4412	0.1286	0.23991	0.29415	0.51702	0.60978	0.3905	0.49983	0.50916	0.47278	0.58712	0.3777	0.62533	0.38945	0.42454	0.40046	0.56776	0.4645	0.75611	0.74385	0.92188	0.51952	0.59165	0.83817	0.33735	0.70678	0.37574	0.36969	0.36623	0.3599	0.33532	0.71576	0.41744	0.38285	0.82536	0.49737	0.54978	0.22034	0.64673	0.46514	0.23427	0.66231	0.84462	0.46247	0.68857	0.34647	0.06241	0.55036	0.41611	0.25431	0.58497	0.37719	0.58379	0.64707	0.36223	0.63707	0.51855	0.638	0.48532	0.65582	0.43316	0.04741	0.48414	0.59915	0.20707	0.67664	0.45212	0.66122	0.31327	0.70675	0.49778	0.65377	0.43051	0.52448	0.23135	0.5511	0.55277	0.52697	0.18617	0.64273	0.23335	0.54925	0.44673	0.30936	0.19937	0.70166	0.44749	0.67711	0.549	0.59174	0.55446	0.34759	0.58294	0.55058	0.45771	0.36614	0.53569	0.49646	0.41916	0.44088	0.86022	0.39432	0.50858	0.65013	0.47115	0.50496	0.64695	0.39991	0.34365	0.26879	0.76309	0.54809	0.58955	0.89904	0.52601	0.21411	0.42394	0.63005	0.21615	0.57726	0.52988	0.35452	0.70572	0.69451	0.53584	0.41527	0.59833	0.45027	0.48566	0.33521	0.26449	0.49502	0.12144	0.4606	0.68581	0.24326	0.53781	0.85962	0.404	0.18526	0.46472
gorilla	0.47196	0.5199	0.60795	0.5216	0.4009	0.13927	0.50818	0.36938	0.28778	0.38838	0.62571	0.47582	0.63766	0.35574	0.64163	0.43214	0.70593	0.81054	0.58516	0.77894	0.02814	0.4813	0.40793	0.35521	0.428	0.27145	0.32396	0.40303	0.49372	0.80115	0.1404	0.3175	0.44412	0.5653	0.26883	0.87747	0.5356	0.49518	0.53708	0.4976	0.52507	0.143	0.46129	0.72939	0.41043	0.30696	0.61792	0.5839	0.35352	0.62201	0.88037	0.14033	0.33432	0.6916	0.93651	0.48751	0.72592	0.2608	0.33646	0.40094	0.28876	0.34887	0.92005	0.87416	0.55521	0.59762	0.67109	0.51402	0.47923	0.59444	0.43059	0.64118	0.49449	0.53399	0.29427	0.57628	0.60955	0.48169	0.55201	0.70044	0.56757	0.72136	0.24352	0.59912	0.33334	0.51147	0.18902	0.20951	0.66839	0.52933	0.2617	0.61239	0.27485	0.31425	0.22993	0.47432	0.3574	0.49357	0.71169	0.39653	0.11158	0.6551	0.14613	0.52572	0.79682	0.11358	0.55555	0.36478	0.51659	0.41673	0.39176	0.5089	0.23971	0.30841	0.27599	0.31499	0.54693	0.67521	0.49962	0.46022	0.71796	0.03078	0.48186	0.25032	0.96794	0.66661	0.18997	0.11194	0.43716	0.5579	0.36009	0.57235	0.74784	0.58473	0.16061	0.30298	0.55339	0.53861	0.57009	0.48672	0.70274	0.61934	0.44746	0.49991	0.50787	0.64772	0.47928	0.54538	0.54867	0.27335	0.38897	0.58194	0.36638	0.26311	0.20645	0.63749	0.47543	0.42271	0.55763	0.82765	0.63494	0.84363	0.3156	0.25823	0.62511	0.27775	0.6038	0.69105	0.75984	0.553	0.31841	0.2707	0.74895	0.41146	0.58656	0.89498	0.47682	0.59464	0.577	0.6837	0.70417	0.13926	0.52832	0.30575	0.15856	0.5306	0.74263	0.32936	0.48102	0.48853	0.18566	0.37113	0.31821	0.22113	0.29618	0.68354	0.53581	0.75285	0.39862	0.76134	0.25948	0.60107	0.79613	0.73963	0.76631	0.0	0.347	0.48649	0.72971	0.59716	0.19174	0.4147	0.5545	0.68551	0.58531	0.2812	0.31429	0.22717	0.55827	0.63085	0.65597	0.46722	0.61042	0.15176	0.41259	0.61201	0.46226	0.47361	0.5623	0.3018	0.48049	0.45501	0.48335	0.59683	0.60333	0.22032	0.14786	0.52017	0.69799	0.48837	0.29223	0.45812	0.67788	0.09489	0.54611	0.36812	0.4131	0.23406	0.12742	0.82637	0.61203	0.41759	0.701	0.4849	0.77272	0.463	0.61871	0.22531	0.76459	0.13953	0.76554	0.33537	0.50865	0.85848	0.47156	0.85746	0.41191	0.93577	0.58917	0.3323	0.44216	0.48114	0.32664	0.35876	0.64166	0.64628	0.59173	0.61008	0.65872	0.59711	0.50978	0.51636	0.42183	0.37327	0.42459	0.80103	0.45365	0.30437	0.33733	0.50618	1.0	0.55086	0.53897	0.56818	0.17132	0.50683	0.33029	0.75699	0.93218	0.36306	0.65187	0.7382	0.24041	0.64952	0.60798	0.41792	0.6666	0.31263	0.41815	0.58172	0.55155	0.51768	0.85654	0.40797	0.53637	0.564	0.93669	0.63361	0.46529	0.75693	0.51311	0.51911	0.44845	0.45482	0.65352	0.27095	0.77576	0.36677	0.41246	0.70088	0.66627	0.23824	0.4507	0.37901	0.68585	0.6929	0.5361	0.34464	0.55924	0.48431	0.72424	0.79704	0.40312	0.49544	0.50612	0.62258	0.59213	0.73791	0.89284	0.73167	0.36097	0.17676	0.7201	0.45207	0.54094	0.82471	0.58276	0.47323	0.63714	0.57266	0.42278	0.60352	0.36468	0.57146	0.18325	0.32746	0.96956	0.19152	0.49728	0.86743	0.59059	0.31204	0.54487	0.72203	0.34957	0.2884	0.63884	0.50104	0.51823	0.31087	0.24331	0.77803	0.43868	0.58679	0.61974	0.51639	0.42887	0.29568	0.46189	0.53699	0.48986	0.59633	0.40258	0.51325	0.82265	0.47964	0.42009	0.25705	0.55848	0.34904
grasshopper	0.33596	0.63444	0.25571	0.80192	0.34965	0.14351	0.09008	0.35226	0.72937	0.52232	0.53646	0.37896	0.55514	0.24033	0.54123	0.87391	0.45824	0.79032	0.51385	0.47687	0.275	0.59283	0.41201	0.38303	0.71478	0.58786	0.3686	0.58781	0.71774	0.62663	0.63402	0.3796	0.1161	0.44231	0.61725	0.16968	0.57607	0.52725	0.47271	0.48478	0.58738	0.44774	0.08318	0.71874	0.67575	0.79935	0.74294	0.31191	0.8034	0.59566	0.49858	0.25624	0.13407	0.43983	0.6157	0.47551	0.91611	0.3902	0.4593	0.64308	0.41545	0.4076	0.93507	0.50873	0.45927	0.36167	0.44275	0.48763	0.51472	0.6627	0.8857	0.23563	0.27559	0.24202	0.23646	0.56476	0.617	0.43386	0.5138	0.87107	0.41095	0.54451	0.43066	0.70828	0.65581	0.45476	0.45276	0.16276	0.67706	0.67404	0.32542	0.68665	0.43768	0.64154	0.19717	0.29313	0.45183	0.32792	0.36029	0.56879	0.1661	0.42541	0.09884	0.63284	0.68508	0.48497	0.58702	0.74606	0.65741	0.34878	0.41674	0.14666	0.22017	0.31812	0.40012	0.44342	0.7092	0.76652	0.36781	0.60347	0.55882	0.41416	0.62749	0.47319	0.67747	0.71378	0.52678	0.72573	0.62715	0.22708	0.57969	0.65852	0.33431	0.43319	0.0	0.4713	0.27312	0.72862	0.68596	0.69549	0.69779	0.54306	0.32892	0.13107	0.03926	0.66446	0.32755	0.69686	0.32802	0.35138	0.39487	0.82328	0.21362	0.68378	0.40499	0.67394	0.56265	0.64903	0.36438	0.57129	0.53117	0.23647	0.5018	0.55772	0.40991	0.46149	0.66823	0.37438	0.68898	0.36496	0.25857	0.16156	0.38097	0.54301	0.44317	0.53197	0.43911	0.25863	0.50358	0.19231	0.4616	0.12245	0.41577	0.48406	0.71758	0.45123	1.0	0.31173	0.38713	0.57985	0.54367	0.14935	0.42583	0.38207	0.35542	0.53282	0.38446	0.48507	0.5154	0.55896	0.6036	0.44134	0.50942	0.40494	0.98997	0.60133	0.68984	0.61178	0.02619	0.88662	0.65804	0.6141	0.7052	0.8105	0.67464	0.34162	0.51193	0.32539	0.56043	0.40881	0.35373	0.5711	0.49126	0.53123	0.18511	0.6105	0.54001	0.59564	0.48814	0.54711	0.80406	0.5516	0.57647	0.48213	0.34159	0.05354	0.24254	0.66834	0.85669	0.28086	0.3122	0.52577	0.82503	0.63271	0.12773	0.40919	0.65185	0.45797	0.53313	0.388	0.47561	0.28002	0.65271	0.79174	0.32468	0.15509	0.6177	0.66624	0.21097	0.19907	0.22717	0.37951	0.67109	0.73857	0.456	0.59041	0.71537	0.85306	0.85833	0.56064	0.72952	0.96819	0.30393	0.58805	0.23591	0.92231	0.54124	0.39759	0.7617	0.27784	0.27554	0.75266	0.73492	0.39533	0.32471	0.65235	0.58433	0.34427	0.46051	0.4575	0.58504	0.60351	0.43528	0.40144	0.5013	0.29594	0.36347	0.55896	0.5351	0.50241	0.42591	0.73886	0.27074	0.64348	0.68053	0.52559	0.24833	0.39711	0.50966	0.60006	0.2689	0.56252	0.48501	0.76285	0.25484	0.69359	0.49097	0.77275	0.67577	0.2884	0.31974	0.32927	0.33132	0.67046	0.60623	1.0	0.5878	0.46425	0.85123	0.3505	0.52808	0.29752	0.45731	0.68912	0.37519	0.5291	0.75716	0.57466	0.70517	0.43212	0.64864	0.18356	0.58716	0.59959	0.40598	0.73437	0.37788	0.58928	0.43931	0.59246	0.75113	0.20054	0.548	0.60176	0.51557	0.46757	0.42086	0.28837	0.28034	0.50437	0.80717	0.39056	0.59756	0.31786	0.61639	0.30392	0.78447	0.0	0.59377	0.6341	0.55128	0.57269	0.937	0.55604	0.64818	0.27584	0.86284	0.42234	0.77878	0.43814	0.36514	0.51707	0.50869	0.53502	0.36482	0.64061	0.20452	0.03623	0.02888	0.55084	0.16528	0.62535	0.14461	0.71197	0.61995	0.46193	0.49699	0.2131	0.83163	0.37368
grizzly_bear	0.66286	0.4514	0.61891	0.67058	0.83329	0.2989	0.12039	0.48339	0.68397	0.58539	0.38492	0.2036	0.28241	0.66872	0.44754	0.38425	0.68739	0.64893	0.37327	0.45059	0.23802	0.7656	0.65326	0.51387	0.21642	0.53641	0.64945	0.71387	0.2475	0.52924	0.0	0.4166	0.57347	0.50608	0.20661	0.86358	0.31757	0.60255	0.549	0.32255	0.57856	0.35247	0.54843	0.63691	0.60693	0.49589	0.27944	0.50353	0.67038	0.65199	0.13854	0.32896	0.23801	0.35909	0.51106	0.334	0.47813	0.25751	0.29141	0.40939	0.48072	0.42997	0.34897	0.76981	0.42032	0.2897	0.47906	0.65963	0.4968	0.46598	0.64896	0.35429	0.72026	0.46755	0.32195	0.66867	0.96705	0.49927	0.0	0.79837	0.53952	0.6686	0.85173	0.76375	0.35733	0.58644	0.40674	0.31947	0.78278	0.47076	0.6986	0.5426	0.78879	0.56949	0.15378	0.64267	0.3996	0.409	0.65276	0.70244	0.60551	0.44545	0.39037	0.655	0.39911	0.55028	1.0	0.25973	0.45756	0.38973	0.7749	0.41742	0.18608	0.38702	0.50832	0.4278	0.553	0.34172	0.30833	0.38568	0.66366	0.3289	0.38556	0.46406	0.39414	0.46178	0.6225	0.28917	0.48695	0.62221	0.36062	0.6588	0.61317	0.69716	0.45929	0.41814	0.51119	0.74076	0.75478	0.51635	0.43756	0.55983	0.46935	0.50282	0.65861	0.42177	0.58344	0.60809	0.4064	0.51032	0.67002	0.37117	0.39783	0.40594	0.09206	0.56011	0.25954	0.61176	0.29654	0.63508	0.65024	0.96875	0.30099	0.4734	0.50365	0.25128	0.61932	0.54387	0.47778	0.3735	0.51636	0.48049	0.30819	0.51078	0.7681	0.54267	0.18563	0.44548	0.3673	0.29983	0.32691	0.37856	0.79196	0.34905	0.52154	0.43947	0.44931	0.57414	0.45469	0.12256	0.20808	0.2366	0.32063	0.57795	0.66464	0.61829	0.65017	0.60403	0.3792	0.41361	0.79396	0.61576	0.71952	0.80811	0.48042	0.76299	0.25104	0.28553	0.5661	0.25916	0.33984	0.36234	0.2871	0.60668	0.55649	0.38936	0.52088	0.7063	0.33516	0.62076	0.77324	0.54602	0.37793	0.24951	0.46069	0.32156	0.52477	0.21029	0.52329	0.47129	0.66818	0.24637	0.59005	0.45609	0.55254	0.48109	0.64078	0.35645	0.94689	0.51412	0.40893	0.61755	0.63879	0.55732	0.63196	0.72091	0.39581	0.4894	0.34939	0.96509	0.62092	0.61144	0.33285	0.0	0.63368	0.40617	0.32673	0.35657	0.1754	0.66867	0.50345	0.48559	0.39089	0.56518	0.59704	0.79115	0.21263	0.24731	0.5886	0.03746	0.77886	0.80436	0.68221	0.37369	0.57316	0.66044	0.36041	0.77621	0.86285	0.52764	0.54431	0.50129	0.78692	0.59488	0.42904	0.89333	0.43351	0.31515	0.17143	0.42578	0.75108	0.30914	0.72839	0.69471	0.64658	0.52645	0.40367	0.52831	0.57563	0.67003	1.0	0.34077	0.81975	0.46771	0.63033	0.45561	0.62271	0.32589	0.29909	0.5428	0.13935	0.38212	0.52109	0.29077	0.71757	0.40232	0.62234	0.45343	0.69825	0.84638	0.47949	0.65967	0.49605	0.54834	0.72655	0.68578	0.88696	0.62152	0.23214	0.5074	0.35574	0.46399	0.60658	0.68936	0.39317	0.5171	0.43348	0.89163	0.50077	0.85093	0.56579	0.67886	0.52885	0.42776	0.25712	0.93997	0.38534	0.58081	0.46198	0.87261	0.37445	0.39438	0.37682	0.34532	0.25424	0.71909	0.62485	0.33098	0.37737	0.7775	0.40442	0.30218	0.43329	0.34799	0.0	0.31197	0.53368	0.4305	0.53183	0.85961	0.32548	0.4161	0.31603	0.38863	0.57555	0.55638	0.57248	0.15121	0.50446	0.65763	0.14833	0.77644	0.52815	0.30638	0.71583	0.13841	0.13292	0.5866	0.29919	0.30518	0.48121	0.50407	0.5925	0.69481	0.36419	0.27181	0.53102	0.75607	0.48924	0.12194
guinea_pig	0.72093	0.4385	0.39705	0.6738	0.51871	0.32698	0.28839	0.65182	0.65134	0.46891	0.16611	0.35968	0.66515	0.36214	0.69771	0.46506	0.36359	0.39225	0.65275	0.25125	0.5354	0.50944	0.66675	0.30291	0.42646	0.5603	0.6145	0.37935	0.51647	0.36789	0.63723	0.47257	0.3583	0.58312	0.43385	0.52373	0.48816	0.51588	0.47705	0.57897	0.68976	0.41084	0.39152	0.45308	0.14294	0.33055	0.55611	0.88714	0.78442	0.61146	0.46075	0.73829	0.5129	0.50462	0.63914	0.31949	0.51534	0.44421	0.13566	0.64931	0.56089	0.77625	0.54313	0.82551	0.51765	0.33227	0.33392	0.52041	0.52569	0.21483	0.80379	0.56614	0.70267	0.43138	0.31649	0.48565	0.76255	0.51878	0.42083	0.50942	0.47057	0.65879	0.72943	0.61442	0.21498	0.6426	0.48064	0.62459	0.50404	0.6542	0.05239	0.41154	0.68619	0.53063	0.37291	0.71411	0.52635	0.4757	0.47855	0.25547	0.37771	0.4156	0.3283	0.6615	0.37298	0.28198	0.53498	0.62268	0.50045	0.70113	0.51281	0.36321	0.52979	0.51232	0.46296	0.79008	0.49595	0.35468	0.20498	0.23711	0.42828	0.45839	0.49489	0.77613	0.58203	0.09859	0.5394	0.26474	0.46804	0.31365	0.66092	0.11649	0.52925	0.84128	0.53599	0.4807	0.67657	0.39513	0.58308	0.31082	0.4136	0.35227	0.59467	0.6748	0.3808	0.44022	0.75361	0.85015	0.57063	0.93826	0.64779	0.5401	0.62045	0.15	0.59962	0.41204	0.50804	0.4319	0.24836	0.48279	0.75739	0.5502	0.47181	0.46239	0.40793	0.0	0.65716	0.58395	0.57093	0.4078	0.88393	0.46442	0.23714	0.79034	0.61954	0.72768	0.22762	0.74733	0.55958	0.40672	0.41621	0.61173	0.48095	0.63951	0.04167	0.20962	0.47804	0.54132	0.79138	0.58586	0.51049	0.56974	0.58072	0.28723	0.80609	0.46373	0.63612	0.54824	0.27915	0.12143	0.6158	0.51918	0.4579	0.26398	0.52749	0.58427	0.23093	0.19298	1.0	0.47556	0.59298	0.43392	0.39674	0.51223	0.4999	0.47139	0.33838	0.40827	0.37517	0.73182	0.63787	0.38579	0.25961	0.36812	0.79576	0.58765	0.60103	0.39541	0.82402	0.62737	0.61911	0.44953	0.64924	0.68649	0.50155	0.43345	0.52252	0.78113	0.57664	0.67758	0.64824	0.52924	0.66233	0.43471	0.62772	0.88834	0.30755	0.37878	0.63323	0.73461	0.57121	0.20778	0.2179	0.66617	0.43225	0.63492	0.6127	0.5875	0.85638	0.16748	0.47425	0.61415	0.44949	0.19653	0.62743	0.52126	0.54983	0.47982	0.57147	0.62649	0.34378	0.64447	0.5492	0.39399	0.32404	0.29021	0.52221	0.29111	0.7993	0.68469	0.7316	0.44097	0.64297	0.44242	0.57043	0.54111	0.60977	0.24971	0.0	0.48411	0.19999	0.51369	0.74982	0.30902	0.35048	0.71786	0.32116	0.49541	0.53899	0.58187	0.62477	0.65295	0.7169	0.34263	0.83813	0.2087	0.35226	0.43361	0.22039	0.71198	0.71285	0.36028	0.47944	0.50232	0.59563	0.51841	0.49718	0.51552	0.51369	0.64745	0.42294	0.44691	0.49325	0.58975	0.48024	0.70726	0.54172	0.76873	0.41734	0.34904	0.38661	0.56615	0.46507	0.80933	0.58062	0.55299	0.55265	0.42733	0.76894	0.50286	0.51451	0.58412	0.64257	0.22061	0.48012	0.31011	0.43279	0.57186	0.7373	0.45289	0.25387	0.21848	0.41547	0.54661	0.76944	0.35936	0.08224	0.38291	0.42512	0.17115	0.2013	0.12564	0.32662	0.60009	0.63453	0.2763	0.81435	0.47286	0.56391	0.79942	0.30252	0.30084	0.38702	0.56371	0.4914	0.70662	0.78778	0.35382	0.3351	0.48709	0.2715	0.42823	0.69953	0.43665	0.4654	0.11814	0.40014	0.45844	0.56585	0.3399	0.46488	0.40678	0.30665	0.18486	0.4619	0.52936	0.42824	0.77931	0.45303	0.43073
gull	0.32106	0.10582	0.30749	0.50614	0.3426	0.89723	0.74539	0.6995	0.59586	0.52571	0.42393	0.53502	0.74113	0.42233	0.37407	0.6597	0.64442	0.34336	0.28609	0.66096	0.57842	0.64335	0.49555	0.35343	0.40073	0.76162	0.45313	0.59885	0.06931	0.27822	0.6451	0.40507	0.6068	0.57165	0.59038	0.36039	0.68377	0.18856	0.1253	0.66652	0.77144	0.59397	0.76881	0.19652	0.58932	0.29803	0.70209	0.69002	0.41814	0.47689	0.46918	0.24141	0.55924	0.2985	0.53711	0.31684	0.43594	0.33681	0.40497	0.56168	0.65979	0.4416	0.93086	0.41431	0.36044	0.37642	0.79135	0.4314	0.73605	0.55793	0.59171	0.43584	0.24696	0.55039	0.90379	0.33905	0.58378	0.97912	0.3807	0.65385	0.33517	0.40263	0.43407	0.28206	0.4369	0.8147	0.63412	0.30446	0.73539	0.37998	0.25719	0.24803	0.27841	0.53843	0.61286	0.51541	0.56655	0.44477	0.67004	0.38006	0.45068	0.18278	0.86289	0.28349	0.45276	0.55132	0.55341	0.51661	0.56663	0.13447	0.8795	0.7143	1.0	0.74186	0.81822	0.10806	0.46535	0.59587	0.56074	0.43773	0.63324	0.6013	0.76283	0.26152	0.52964	0.52401	0.27603	0.30099	0.47741	0.7024	0.46771	0.42946	0.36925	0.55203	0.22128	0.11936	0.7108	0.53675	0.7419	0.45553	0.42128	0.7259	0.59237	0.62523	0.44737	0.52449	0.32214	0.49342	0.68666	0.56893	0.50865	0.5652	0.43103	0.62465	0.41108	0.52592	0.44214	0.49003	0.59996	0.45414	0.55104	0.35109	0.54631	0.45375	0.34733	0.48221	0.57037	0.42569	0.42137	0.52214	0.41191	0.50023	0.52197	0.56533	0.17803	0.32323	0.82696	0.46983	0.76001	0.70241	0.70524	0.25907	0.69376	0.52762	0.78965	0.66751	0.47032	0.59344	0.63374	0.76527	0.23278	0.56489	0.26612	0.4129	0.36613	0.48445	0.54199	0.46009	0.45062	0.21529	0.14473	0.78445	0.48297	0.69182	0.77804	0.5955	0.77406	0.06329	0.46105	0.36769	0.42264	0.67658	0.30422	0.51824	0.72218	0.20438	0.41838	0.34738	0.45015	0.61638	0.92014	0.43734	0.31758	0.57197	0.66302	0.31537	0.60843	0.37354	0.62751	0.17447	0.56232	0.48414	0.47615	0.41178	0.52452	1.0	0.26926	0.4007	0.67141	0.76502	0.56979	0.58265	0.67199	0.29731	0.72029	0.41838	0.38701	0.56349	0.43256	0.42042	0.25448	0.60422	0.6753	0.48872	0.45219	0.29446	0.97735	0.36064	0.79001	0.45632	0.21286	0.4871	0.44117	0.55953	0.54656	0.40815	0.55586	0.61323	0.47236	0.50634	0.90983	0.48101	0.29899	0.39594	0.24677	0.85871	0.59737	0.63101	0.658	0.58166	0.48968	0.42441	0.50463	0.23825	0.31465	0.41404	0.64387	0.33122	0.30249	0.20524	0.44134	0.49455	0.60511	0.41234	0.2305	0.56572	0.42101	0.4593	0.56647	0.38361	0.15278	0.4639	0.37721	0.55803	0.47699	0.41778	0.4894	0.451	0.42007	0.68584	0.31528	0.39621	0.38953	0.63102	0.7127	0.52732	0.43599	0.47359	0.43652	0.61286	0.53818	0.32423	0.35604	0.49156	0.46355	0.44095	0.50677	0.72238	1.0	0.38375	0.30256	0.49965	0.40657	0.15121	0.69419	0.42775	0.45096	0.68785	0.14941	0.3907	0.52058	0.39846	0.38545	0.70012	0.36339	0.61852	0.48592	0.65404	0.64581	0.28857	0.64341	0.28188	0.29596	0.52776	0.76248	0.41903	0.58839	0.36794	0.65516	0.65387	0.50794	0.23408	0.74154	0.61171	0.37771	0.36287	0.14853	0.60044	0.39452	0.92937	0.07151	0.52766	0.81483	0.48227	0.67938	0.3806	0.67325	0.63871	0.37003	0.42818	0.17099	0.84688	0.39667	0.59254	0.50165	0.21517	0.66364	0.75392	0.3163	0.36841	0.61783	0.21535	0.41123	0.53446	0.44359	0.96235	0.66505	0.51494	0.58139	0.28502
haddock	0.82796	0.14251	0.42129	0.45747	0.72996	0.49181	0.64434	0.17193	0.70319	0.60521	0.52602	0.13912	0.78783	0.31317	0.51033	0.5503	0.79172	0.49663	0.88943	0.37676	0.40229	0.43295	0.46339	0.40214	0.42172	0.42142	0.328	0.25994	0.59101	0.76216	0.38359	0.72022	0.0	0.77416	0.19197	0.3488	0.28616	0.39488	0.41593	0.42834	0.3945	0.03129	0.31976	0.67669	0.43889	0.42447	0.89792	0.6109	0.60881	0.55486	0.3107	0.45199	0.33816	0.20904	0.53915	0.44579	0.66908	0.61116	0.49018	0.39381	0.49783	0.6031	0.65553	0.77221	0.4977	0.43958	0.0	0.55171	0.14402	0.67359	0.67461	0.44092	0.1225	0.43599	0.46771	0.42853	0.8064	0.30463	0.5568	0.5892	0.30213	0.65369	0.05091	0.59608	0.75325	0.55161	0.23549	0.14391	0.46753	0.90237	0.26952	0.21247	0.46657	0.62917	0.46759	0.61726	0.45077	0.63855	0.33769	0.47396	0.64443	0.57057	0.79918	0.51624	0.37801	0.15798	0.74437	0.40094	0.50766	0.78309	0.36488	0.59052	0.18367	0.212	0.68678	0.56602	0.56411	0.47352	0.44065	0.38974	0.87047	0.25605	0.4014	0.78696	0.60206	0.44038	0.62294	0.3856	0.20209	0.23273	0.50752	0.65735	0.45226	0.83628	0.63783	0.71042	0.30938	0.73076	0.3035	0.54717	0.56657	0.37413	0.45585	0.25259	0.30901	0.57982	0.29431	0.27266	0.2277	0.17419	0.60355	0.54024	0.61777	0.53336	0.45649	0.72644	0.19721	0.3507	0.54444	0.63718	0.69966	0.34111	0.64004	0.25521	0.46562	0.39025	0.54092	0.67903	0.36895	1.0	0.61524	0.556	0.4007	0.63625	0.54126	0.79843	0.1716	0.75006	0.62882	0.43647	0.36208	0.44728	0.65458	0.52968	0.44372	0.74736	0.76353	0.14646	0.49895	0.69119	0.12054	0.28212	0.69723	0.43065	0.48865	0.81261	0.39357	0.62579	0.39484	0.22534	0.55445	0.16966	0.63418	0.62568	0.46552	0.67548	0.28151	0.5789	0.57101	0.67437	0.24926	0.20997	0.26549	0.63164	0.22533	0.46244	0.40498	0.78756	0.50061	0.70749	0.84626	0.58745	0.77636	0.35	0.12802	0.48537	0.69176	0.49076	0.27194	0.26187	0.54398	0.46393	0.69127	0.97444	0.60986	0.37511	0.5672	0.46984	0.28362	0.19721	0.53766	0.65815	0.42436	0.32172	0.37145	0.32238	0.61568	0.65034	0.47725	0.95208	0.45273	1.0	0.47333	0.392	0.25912	0.28998	0.68394	0.76216	0.58714	0.30062	0.54715	0.25945	0.58216	0.64497	0.74783	0.67493	0.03116	0.94955	0.45508	0.41222	0.45011	0.26487	0.3656	0.50065	0.69597	0.51832	0.24058	0.7016	0.57401	0.20806	0.4	0.38617	0.37988	0.71777	0.54112	0.79461	1.0	0.59967	0.71968	0.21216	0.27198	0.64107	0.61697	0.35418	0.3414	0.63824	0.39559	0.26489	0.44706	0.77658	0.49967	0.35604	0.5416	0.84499	0.43855	0.47599	0.68196	0.29099	0.5236	0.6968	0.53148	0.70563	0.52377	0.42768	0.3599	0.70208	0.49703	0.84731	0.44495	0.42715	0.60389	0.63706	0.34335	0.88656	0.79647	0.86697	0.41822	0.48948	0.65803	0.51823	0.83462	0.47516	0.37725	0.37029	0.49949	0.31547	0.3979	0.69721	0.70412	0.83178	0.33663	0.29249	0.59036	0.16313	0.60371	0.35652	0.43475	0.52876	0.54633	0.39766	0.48282	0.61008	0.54696	0.59402	0.25849	0.37782	0.37377	0.64542	0.14969	0.40479	0.3481	0.65768	0.68539	0.44102	0.49772	0.35	0.47374	0.57626	0.59129	0.50177	0.4219	0.36237	0.42744	0.35057	0.20271	0.07511	0.56666	0.34069	0.88984	0.56515	0.26541	0.71472	0.35941	0.61894	0.8737	0.4572	0.8445	0.53383	0.53115	0.66779	0.86326	0.60094	0.68909	0.66735	0.40152	0.21886	0.34092	0.16929	0.40938	0.43495
halibut	0.73996	0.5774	0.51001	0.63572	0.66568	0.59813	0.38531	0.67391	0.48227	0.49336	0.50222	0.42253	0.42178	0.33729	0.84789	0.45809	0.86234	0.6601	0.31163	0.52699	0.39798	0.45048	0.56683	0.36492	0.29402	0.50696	0.919	0.55838	0.60273	0.4953	0.42856	0.56015	0.72288	0.21398	0.2961	0.71726	0.48838	0.45208	0.38713	0.60929	0.4368	0.23408	0.49329	0.28106	0.195	0.56293	0.55243	0.49911	0.55055	0.78527	0.53925	0.13103	0.33313	0.5393	0.52966	0.41038	0.33505	0.42268	0.13754	0.34027	0.30019	0.70039	0.33452	0.8178	0.62847	0.49405	0.42974	0.44012	0.4455	0.56027	0.74507	0.3534	0.74464	0.03622	0.32542	0.38916	0.82232	0.32034	0.24816	0.65708	0.5237	0.5421	0.62527	0.50938	0.99517	0.74445	0.26291	0.29407	0.62852	0.54294	0.28953	0.41173	0.42535	0.56243	0.63955	0.63775	0.28094	0.74007	0.56821	0.61816	0.81701	0.26857	0.50309	0.32771	0.65839	0.25911	0.7033	0.34532	0.38861	0.57883	0.74555	0.55593	0.56745	0.7912	0.29099	0.5181	0.65301	0.41506	0.27118	0.25791	0.40068	0.18796	0.20065	0.34101	0.64248	0.55656	0.82929	0.15293	0.55554	0.43201	0.52497	0.60549	0.87695	0.61264	0.55714	0.86453	0.49978	0.2434	0.53557	0.261	0.57911	0.64486	0.63744	0.57576	0.42928	0.15412	0.38426	0.44986	0.49246	0.25965	0.46048	0.6668	0.77326	0.30133	0.30069	0.35224	0.33283	0.60211	0.62105	0.7114	0.59587	0.34631	0.55054	0.48617	0.17339	0.64117	0.7011	0.69491	0.41584	0.61458	0.50154	0.80536	0.39058	0.70132	0.74079	0.56872	0.28618	0.64711	0.52274	0.43443	0.58285	0.56516	0.78275	0.31549	0.32665	0.49755	0.25864	0.5305	0.71419	0.33174	0.0399	0.41612	0.41636	0.2173	0.65172	0.44773	0.50403	0.58596	0.14178	0.43938	0.40918	0.45516	0.58282	0.46697	0.51989	0.7512	0.28264	0.60919	0.62945	0.39067	0.59278	0.30738	0.22703	0.2491	0.63089	0.37268	0.50867	0.66925	0.58314	0.31249	0.71739	0.22696	0.30284	0.72225	0.42561	0.17547	0.44358	0.57658	0.30842	0.49632	0.49803	0.23417	0.55997	0.38517	0.62761	0.35022	0.67449	0.42277	0.45205	0.63408	0.34185	0.21777	0.41691	0.7766	0.59106	0.07256	0.20561	0.43957	0.33443	0.56885	0.57126	0.31958	0.2957	0.46409	0.31186	0.47322	0.50821	0.32926	0.65034	0.62845	0.72285	0.56204	0.60918	0.37581	0.73098	0.74323	0.53718	0.32669	0.57635	0.62011	0.40009	0.60445	0.91073	0.59251	0.58338	0.49696	0.28675	0.50216	0.6712	0.16175	0.89915	0.42055	0.91596	0.70604	0.09092	0.4172	0.3336	0.37069	0.4652	0.31408	0.68574	0.43336	0.79288	0.44667	0.31803	0.35389	0.56449	0.40103	0.67408	0.50517	0.71948	0.3007	0.56886	0.40858	0.41453	0.58308	0.60855	0.58701	0.33071	0.43792	0.28378	0.62355	0.37211	0.0	0.80274	0.45297	0.35128	0.35877	0.58417	0.59027	0.61424	0.54803	0.61058	0.19016	0.44642	0.79723	0.40457	0.87098	0.55493	0.54805	0.92456	0.20726	0.51615	0.5805	0.55881	0.43403	0.55908	0.68805	0.54869	0.74996	0.14664	0.57544	0.89756	0.55283	0.70469	0.59674	0.39471	0.77641	0.60438	0.69583	0.42615	0.74263	0.46458	0.53321	0.8062	0.37104	0.29133	0.51116	0.79569	0.50771	0.24656	0.39543	0.61528	0.51404	0.68278	0.49998	0.54008	0.39384	0.44492	0.74376	0.27333	0.33077	0.36611	0.5265	0.40071	0.62577	0.25895	0.37708	0.73095	0.64011	0.26604	0.94774	0.33585	0.97713	0.74338	0.43665	0.56674	0.63988	0.40081	0.59513	0.619	0.53592	0.38832	0.7597	0.29226	0.20779	0.80878	0.58041	0.11787	0.37885
hamster	0.46983	0.12743	0.48167	0.35971	0.58677	0.67268	0.78779	0.38421	0.55477	0.71473	0.36392	0.62467	0.68245	0.25735	0.50846	0.71425	0.7359	0.52156	0.24606	0.26484	0.68442	0.62588	0.62945	0.37306	0.60687	0.66485	0.4964	0.41546	0.47207	0.35971	0.57737	0.37027	0.4491	0.20478	0.42138	0.53295	1.0	0.18869	0.48481	0.53014	0.49017	0.48603	0.32735	0.56561	0.41071	0.59534	0.55363	0.51348	0.74832	0.44135	0.4647	0.5625	0.12548	0.48161	0.27669	0.44358	0.45553	0.59044	0.47964	0.52047	0.37826	0.83314	0.46292	0.2926	0.28565	0.39278	0.27713	0.46244	0.503	0.31347	0.76556	0.37177	0.65491	0.29308	0.49331	0.54163	0.84564	0.47694	0.38002	0.47804	0.59281	0.64942	0.62562	0.61847	0.71875	0.53687	0.43982	0.58213	0.59806	0.56269	0.33176	0.29527	0.36186	0.70408	0.28822	0.7246	0.38425	0.71569	0.90873	0.60608	0.86277	0.49702	0.46144	0.45033	0.38762	0.32375	0.70208	0.77525	0.6217	0.3625	0.63799	0.51359	0.47674	0.31456	0.4995	0.59028	0.43889	0.50129	0.22771	0.26289	0.51622	0.0	0.47887	0.2572	0.69119	0.6455	0.04938	0.00373	0.54886	0.52435	0.30243	0.36214	0.15108	0.26733	0.68691	0.50534	0.54666	0.36003	0.65502	0.36604	0.43016	0.58088	0.65389	0.56897	0.36314	0.46765	0.49479	0.43607	0.46715	0.49248	0.11762	0.71936	0.37355	0.4448	0.39092	0.50496	0.68994	0.72851	0.68126	0.77279	0.66176	0.40055	0.59159	0.65625	0.53199	0.2573	0.26032	0.55495	0.30023	0.36461	0.43761	0.86139	0.53868	0.7826	0.50436	0.78684	0.63219	0.53717	0.82881	0.58396	0.63918	0.60637	0.81692	0.45658	0.61712	0.47794	0.35429	0.70727	0.75062	0.64463	0.45184	0.5633	0.62046	0.17789	0.47575	0.60387	0.75186	0.49388	0.21519	0.54512	0.83978	0.16732	0.09412	0.48411	0.22936	0.60696	0.26947	0.13336	0.65063	0.45622	0.40688	0.30976	0.29106	0.58787	0.36428	0.50165	0.2692	0.52302	0.73193	0.67906	0.59645	0.14266	0.5128	0.66593	0.31511	0.02899	0.39991	0.51252	0.56575	0.47077	0.41495	0.46151	0.83406	0.61381	0.39662	0.58722	0.48635	0.72173	0.62014	1.0	0.40421	0.26594	0.35158	0.2254	0.62171	0.0704	0.26229	0.76125	0.35024	0.48554	0.26508	0.258	0.34651	0.56204	0.56968	0.89088	0.5445	0.45017	0.29905	0.48357	0.654	0.33451	0.55009	0.36894	0.53834	0.90605	0.26958	0.23873	0.77768	0.3161	0.27947	0.16839	0.50717	0.73773	0.45637	0.3096	0.49315	0.65334	0.72841	0.18126	0.75576	0.60653	0.39498	0.41715	0.35047	0.38549	0.56841	0.25001	0.55899	0.59191	0.38065	0.31895	0.3978	0.614	0.62662	0.12362	0.63453	0.40363	0.51954	0.86873	0.36862	0.44334	0.62565	0.23649	0.92901	0.4805	0.32305	0.42254	0.47626	0.43104	0.48276	0.55932	0.81193	0.5499	0.74909	0.71171	0.46972	0.23495	0.55097	0.29087	0.55756	0.48304	0.58216	0.26234	0.49736	0.32883	0.56158	0.60923	0.63151	0.492	0.65225	0.27307	0.52663	0.24062	0.44959	0.32091	0.29899	0.73112	0.89946	0.44574	0.4847	0.77769	0.58971	0.4631	0.46364	0.47738	0.63318	0.69876	0.83784	0.55185	0.51234	0.73398	0.78394	0.48087	0.7985	0.34844	0.1928	0.31945	0.69675	0.55744	0.61331	0.67057	0.63726	0.53822	0.46726	0.39617	0.57141	0.30083	0.30224	0.73774	0.41859	0.40809	0.60169	0.7718	0.76626	0.55441	0.54427	0.65706	0.65805	0.62403	0.39594	0.57474	0.1943	0.54656	0.69346	0.51309	0.61079	0.5648	0.40082	0.37082	0.36948	0.25352	0.50503	0.5347	0.30928	0.2292	0.91308	0.61063	0.11423	0.40439
hare	0.45189	0.37776	0.38182	0.70075	0.38548	0.78811	0.6766	0.67101	0.47378	0.46954	0.66437	0.59483	0.49502	0.39452	0.39455	0.22724	0.72124	0.49534	0.21718	0.18585	0.29565	0.10258	0.56509	0.36388	0.44488	0.93947	0.46345	0.32187	0.24377	0.67413	0.68137	0.4979	0.67111	0.50608	0.4014	0.41516	0.73663	0.40904	0.48671	0.54111	0.80524	0.52762	0.53491	0.62667	0.75746	0.58616	0.78173	0.69904	0.7549	0.44671	0.4091	0.4182	0.29611	0.31573	0.14437	0.45787	0.67974	0.47645	0.43955	0.25573	0.57296	0.63658	0.31913	0.75192	0.34418	0.76821	0.55059	0.71815	0.60861	0.76503	0.75453	0.64272	0.48819	0.67744	0.64577	0.43664	0.51443	0.26966	0.52298	0.36106	0.47131	0.36974	0.70182	0.39199	0.67031	0.70286	0.60576	0.09606	0.82586	0.58936	0.57615	0.62026	0.2485	0.42762	0.61489	0.14711	0.34398	0.60685	0.12198	0.49473	0.4418	0.22003	0.53236	0.41423	0.61657	0.52741	0.45071	0.56544	0.4764	0.16006	0.75096	0.76428	0.29346	0.4671	0.19419	0.4032	0.93809	0.5188	0.37273	0.77942	0.50317	0.58671	0.57566	0.51259	0.38882	0.45646	0.4125	0.51677	0.70427	0.75168	0.82513	0.47111	0.36979	0.7085	0.39173	0.43057	0.52246	0.44623	0.68289	0.45972	0.19088	0.41945	0.56285	0.27598	0.06755	0.68494	0.43195	0.49113	0.34944	0.24793	0.44856	0.80558	0.63787	0.66358	0.30862	0.80637	0.764	0.58921	0.61526	0.355	0.21911	0.35958	0.65814	0.73845	0.2527	0.72969	0.835	0.48044	0.56012	0.22728	0.34793	0.3124	0.47412	0.55512	0.66401	0.66814	0.26823	0.30222	0.56289	0.06042	0.68882	0.22628	0.19075	0.45546	0.25481	0.39723	0.29169	0.28032	0.49793	0.79777	0.39377	0.51471	0.8907	0.49684	0.3847	0.65476	0.62901	0.71787	0.64014	0.70093	0.54111	0.7908	0.60496	0.30786	0.6913	0.15423	0.72803	0.2728	0.55728	0.48585	0.30297	0.42361	0.62669	0.69106	0.90214	0.26167	0.57947	0.47085	0.50347	0.2473	0.06319	0.34987	0.52864	0.50229	0.51671	0.56057	0.29458	0.29973	0.67128	0.48016	0.5994	0.81441	0.14891	0.64093	0.52789	0.54078	0.43429	0.88448	0.57807	0.77341	0.63738	0.53091	0.41243	0.18724	0.56359	0.66196	0.44539	0.38168	0.68225	0.41624	0.41769	0.70556	0.36721	0.38243	0.54968	0.19313	1.0	0.44093	0.72853	0.17449	0.12496	0.43049	0.57735	0.47614	0.53569	0.62658	0.57765	0.31204	0.80859	0.4958	0.64369	0.45095	0.5825	0.23547	0.45208	0.24576	0.55987	0.42638	0.70416	0.75378	0.86863	0.35184	0.39644	0.54354	0.85908	0.42595	0.66184	0.24113	0.84002	0.53208	0.39116	0.52196	0.50406	0.93489	0.08459	0.45432	0.70702	0.54037	0.54711	0.49703	0.588	0.5735	0.75781	0.36545	0.45729	0.24409	0.74056	0.4363	0.54386	0.44906	0.34876	0.54302	0.46781	0.48515	0.53031	0.77758	0.33748	0.17209	0.6912	0.30378	0.51435	0.29383	0.38579	0.36487	0.23895	0.19216	0.56847	0.14636	0.45724	0.41772	0.85797	0.71934	0.51031	0.37449	0.58511	0.49608	0.49789	0.24852	0.42609	0.41837	0.31537	0.53257	0.38425	0.33459	0.66101	0.59512	0.45413	0.34412	0.59095	0.423	0.3567	0.34132	0.21326	0.35271	0.40097	0.58534	0.41731	0.68436	0.39	0.6463	1.0	0.40665	0.86105	0.58403	0.45667	0.73817	0.66589	0.15031	0.37656	0.68366	0.46922	0.50273	0.61943	0.83744	0.59163	0.09161	0.76513	0.50347	0.43042	0.41782	0.36434	0.72435	0.48507	0.38269	0.34272	0.5311	0.2773	0.46854	0.27555	0.15184	0.48287	0.24309	0.92637	0.61582	0.35854	0.47993	0.53301	0.48637	0.13508	0.44178
harvestman	0.24392	0.28342	0.5166	0.54759	0.58096	0.36765	0.38343	0.58733	0.0	0.48802	0.32677	0.50634	0.44182	0.64662	0.32958	0.15297	0.56143	0.54974	0.70032	0.51461	0.41283	0.63057	0.68848	0.60433	0.22596	0.43878	0.2992	0.55642	0.49651	0.80364	0.26594	0.4451	0.568	0.4505	0.83595	0.55776	0.0	0.37336	0.46589	0.95383	0.78687	0.31378	0.54327	0.68116	0.42207	0.13003	0.49576	0.58549	0.29284	0.14523	0.32669	0.4243	0.43449	0.2069	0.77691	0.6184	0.88207	0.26186	0.67566	0.52031	0.43608	0.31016	0.60128	0.74071	0.64054	0.41706	0.18591	0.35632	0.48029	0.64752	0.49717	0.34501	0.47503	0.42674	0.26643	0.32979	0.86023	0.35982	0.63321	0.61054	0.61112	0.2566	0.2432	0.49682	0.65332	0.5316	0.50627	0.19188	0.63217	0.31765	0.56047	0.62897	0.66225	0.58057	0.43399	0.76027	0.40189	0.48576	0.76941	0.20009	0.55177	0.61889	0.19518	0.55231	0.54935	0.14525	0.33544	0.48115	0.48756	0.43562	0.49175	0.78688	0.55862	0.71735	0.33801	0.48246	0.73035	0.36142	0.56548	0.59496	0.63482	0.41328	0.74297	0.67392	0.39756	0.4292	0.43382	0.53406	0.55919	0.48992	0.56917	0.60112	0.41008	0.67895	0.44704	0.47617	0.76185	0.04214	0.24429	0.54694	0.5086	0.50243	0.68535	0.63452	0.57409	0.4488	0.31827	0.54914	0.02721	0.43256	0.54533	0.86773	0.36268	0.41197	0.57176	0.63757	0.46294	0.46937	0.83648	0.70113	0.75115	0.25762	0.34112	0.47812	0.8018	0.41635	0.96399	0.49388	0.362	0.58848	0.61233	0.00722	0.39199	0.28248	0.56403	0.2309	0.38886	0.45767	0.5292	0.44851	0.49424	0.46565	0.26977	0.36852	0.29854	0.64353	0.94787	0.6852	0.54863	0.23348	0.45157	0.38102	0.50362	0.38102	0.64738	0.41464	0.42308	0.55098	0.74727	0.24703	0.52531	0.52724	0.46928	0.51636	0.73833	0.3817	0.44482	0.28174	0.71605	0.37884	0.10342	0.48854	0.45855	0.67691	0.43981	0.47274	0.37684	0.24718	0.40433	0.47932	0.58974	0.43548	0.69025	0.03004	0.69567	0.60432	0.65508	0.55937	0.5337	0.34713	0.7644	0.71848	0.57763	0.5381	0.3365	0.26883	0.55882	0.74813	0.71914	0.4014	0.4512	0.43352	0.67587	0.59779	0.66688	0.33218	0.62685	0.25429	0.72639	0.71112	0.42897	0.69965	0.51634	0.49242	0.53536	0.47838	0.25815	0.5373	0.39882	0.22482	0.69007	0.17677	0.4415	0.39416	0.30043	0.59551	0.23839	0.90778	0.73708	0.40781	0.73025	0.57386	0.59783	0.29483	0.43893	0.68666	0.67549	0.1083	0.41985	0.80194	0.38574	0.36034	0.16201	0.67073	0.70157	0.54316	0.66658	0.10986	0.51777	0.63131	0.46803	0.50401	0.55976	0.50864	0.59593	0.54981	0.60384	0.65836	0.37239	0.0	0.39045	0.78782	0.33168	0.34725	0.70186	0.57723	0.38533	0.42526	0.42798	0.68632	0.36293	0.65323	0.58705	0.67522	0.39795	0.40528	0.93537	0.60679	0.36952	0.20284	0.67827	0.56133	0.5777	0.44765	0.64059	0.46208	0.38018	0.6706	0.42811	0.98146	0.8657	0.45216	0.45421	0.75151	0.43538	0.26216	0.38188	0.73423	0.33821	0.70379	0.80827	0.44694	0.34901	0.60983	0.41648	0.44211	0.68472	0.14571	0.71223	0.44375	0.69915	0.32045	0.21123	0.36646	0.6464	0.95947	0.22474	0.70292	0.38332	0.15506	0.46736	0.66195	0.5373	0.70449	0.5174	0.70001	0.36423	0.52617	0.76397	0.82542	0.64927	0.13658	0.32399	0.22963	0.42297	0.3945	0.45012	0.05883	0.49509	0.73077	0.2673	0.62271	0.45135	0.57366	0.55837	0.60149	0.58589	0.58959	0.51037	0.61654	0.35384	0.43882	0.68805	0.54636	0.61923	0.84577	0.4549	0.17796	0.4791	0.25712
hawk	0.36622	0.38144	0.54426	0.69587	0.56379	0.36912	0.52854	0.12191	0.1958	0.52826	0.28118	0.45876	0.81345	0.52887	0.35961	0.66229	0.5101	0.66817	0.2706	0.54284	0.71876	0.70357	0.37878	0.63275	0.69933	0.41472	0.46953	0.91503	0.56579	0.4686	0.51085	0.19067	0.34604	0.57142	0.39743	0.98702	0.59543	0.43898	0.18996	0.71168	0.75724	0.46473	0.40326	0.70236	0.47532	0.55554	0.1078	0.39398	0.43883	0.53273	0.24676	0.43695	0.23048	0.62042	0.01202	0.2499	0.4339	0.20098	0.41636	0.823	0.64432	0.47713	0.41916	0.59598	0.69534	0.1194	0.31603	0.40569	0.75427	0.58839	0.43272	0.54205	0.6172	0.74431	0.7236	0.54498	0.45074	0.63437	0.66336	0.2589	0.35381	0.55352	0.57592	0.5452	0.34075	0.48001	0.7415	0.20764	0.76443	0.53785	0.79303	0.38562	0.57897	0.4799	0.35071	0.2816	0.37139	0.55091	0.30511	0.56529	0.51417	0.55323	0.70309	0.51101	0.51354	0.09359	0.5461	0.73053	0.7448	0.25978	0.5476	0.32978	0.21227	0.61912	0.35937	0.3762	0.45649	0.26482	0.51712	0.54036	0.24559	0.56234	0.01677	0.53867	0.62599	0.46718	0.77577	0.28997	0.66798	0.62031	0.62667	0.42616	0.52873	0.64553	0.31675	0.54631	0.63025	0.33309	0.43968	0.7247	0.4719	0.13666	0.5396	0.44303	0.41425	0.61038	0.36905	0.52989	0.3979	0.49294	0.41005	0.66006	0.44073	0.82977	0.61222	0.36374	0.83276	0.3419	0.85363	0.63776	0.39415	1.0	0.31234	0.82691	0.54743	0.66033	0.5045	0.52221	0.46185	0.29165	0.47181	0.405	0.25534	0.59054	0.65629	0.49126	0.31916	0.75977	0.37808	0.28073	0.30803	0.2408	0.43642	0.41229	0.2931	0.61517	0.35667	0.43138	0.55679	0.60896	0.84668	0.47159	0.60579	0.52986	0.52715	0.37234	0.49959	0.60953	0.73047	0.51975	0.47101	0.85462	0.59401	0.4262	0.39354	0.34842	0.46919	0.15163	0.73062	0.25625	0.75857	0.26835	0.75664	0.54341	0.48367	0.48611	0.62213	0.30335	0.43895	0.15331	0.30099	0.42958	0.17056	0.87185	0.27469	0.49659	0.32786	0.40286	0.68566	0.41096	0.69456	0.45259	0.43288	0.25928	0.71086	0.75522	0.65853	0.69047	0.28201	0.30839	0.31682	0.38279	0.62467	0.46543	0.19768	0.48785	0.61537	0.61599	0.63217	0.47777	0.68961	0.36047	0.37626	0.4677	0.72955	0.40666	0.41513	0.65927	0.61374	0.85156	0.69535	0.50779	0.12798	0.4758	0.14985	0.65451	0.30454	0.8684	0.55273	0.65961	0.03986	0.64621	0.50407	0.48565	0.39193	0.61884	0.61307	0.54467	0.29677	0.57739	0.71456	1.0	0.2811	0.82492	0.20488	0.57806	0.3818	0.48628	0.34865	0.48602	0.48128	0.90499	0.475	0.35395	0.47393	0.68703	0.45643	0.71894	0.21118	0.31932	0.66593	0.44238	0.42103	0.54979	0.43879	0.16858	0.2318	0.39503	0.80563	0.34948	0.0816	0.66062	0.79296	0.5672	0.30933	0.71398	0.43761	0.53092	0.34582	0.94384	0.56057	0.54739	0.56809	0.54533	0.4842	0.73103	0.64284	0.56871	0.67999	0.7316	0.5205	0.35596	0.68394	0.97253	0.32161	0.57743	0.76849	0.61754	0.74185	0.44562	0.27724	0.48229	0.55487	0.38365	0.52249	0.56232	0.46728	0.48194	0.47409	0.28281	0.48434	0.74464	0.1166	0.71722	0.71617	0.34983	0.41059	0.24894	0.70598	0.68165	0.69155	0.42025	0.51866	0.55205	0.41588	0.18609	0.7561	0.22709	0.52158	0.28653	0.4023	0.78267	0.57603	0.39319	0.54141	0.7059	0.49911	0.26088	0.48334	0.6633	0.29851	0.85517	0.52958	0.50009	0.5022	0.64863	0.24735	0.30879	0.66839	0.44682	0.48903	0.72514	0.7461	0.54552	0.0	0.50419	0.4261	0.422	0.16626	0.62542
hedgehog	0.32278	0.21486	0.58402	0.29784	0.36763	0.59285	0.81174	0.59886	0.52176	0.60615	0.7336	0.69424	0.44598	0.1431	0.21344	0.59458	0.61466	0.60558	0.40671	0.44973	0.30189	0.72032	0.28289	0.70605	0.69107	0.37017	0.44934	0.53897	0.42601	0.71354	0.56721	0.35607	0.75485	0.58972	0.34417	0.48889	0.67227	0.5032	0.30796	0.55488	0.57912	0.51865	0.76582	0.0	0.43427	0.6001	0.82194	0.57003	0.52682	0.41649	0.39652	0.16506	0.38585	0.14626	0.54261	0.19636	0.3141	0.39414	0.42842	0.37634	0.54603	0.65913	0.42185	0.63764	0.53298	0.40137	0.51125	0.45466	0.47794	0.72922	0.59665	0.422	0.29423	0.39913	0.24056	0.48312	0.83025	0.61566	0.53579	0.24362	0.10601	0.13846	0.45884	0.0	0.83508	0.21315	0.40945	0.2129	0.50619	0.50974	0.18737	0.84937	0.58421	0.72511	0.65739	0.39414	0.59134	0.76178	0.59484	0.18399	0.56244	0.57839	0.83146	0.43547	0.40711	0.42373	0.27353	0.48322	0.41478	0.38817	0.49682	0.6801	0.95492	0.75064	0.61862	0.09335	0.40555	0.41551	0.85637	0.53634	0.49896	0.45948	0.34822	0.64633	0.33596	0.26872	0.40662	0.3903	0.33024	0.74816	0.51734	0.23477	0.4399	0.52565	0.34301	0.32412	0.53149	0.41572	0.59397	0.71687	0.49735	0.40859	0.359	0.35338	0.53459	0.16288	0.4003	0.76729	0.65822	0.3056	0.35615	0.91977	0.40499	0.33197	0.43911	0.60787	0.65701	0.57375	0.78952	0.60851	0.45823	0.27821	0.70555	0.45887	0.55383	0.34199	0.59595	0.65485	0.54016	0.41905	0.27868	0.70704	0.77746	0.41933	0.46633	0.34922	0.60521	0.7023	0.63246	0.45833	0.41018	0.26532	0.7605	0.50546	0.41324	0.64596	0.29646	0.40563	0.58141	0.48646	0.42315	0.28291	0.44872	0.35087	0.52013	0.72698	0.55846	0.58641	0.21503	0.39364	0.41	0.21685	0.48621	0.61792	0.63288	0.67643	0.84289	0.69097	0.50942	0.61856	0.61032	0.63461	0.29271	0.59368	0.25855	0.58801	0.60838	0.73471	0.7547	0.88999	0.43347	0.19784	0.37367	0.66465	0.17323	0.46199	0.03956	0.43228	0.85372	0.59246	0.3858	0.22791	0.78681	0.38768	0.59393	0.62328	0.28897	0.12747	0.46239	0.64989	0.96829	0.19409	0.59556	0.47794	0.62197	0.38379	0.8123	0.42075	0.59349	0.63256	0.61548	0.5716	0.36483	0.54176	0.6386	0.46536	0.58193	0.43586	0.30564	0.58792	0.46429	0.47318	0.7242	0.5784	0.64685	0.58829	0.47066	0.93919	0.63376	0.67656	0.43112	0.50289	0.28457	0.65758	0.48749	0.46295	0.88916	0.60092	0.51942	0.66684	0.83283	0.43077	0.58885	0.55665	0.41514	0.20427	0.36595	0.38882	0.40867	0.56574	0.54908	0.53627	0.14609	0.55459	0.56425	0.15777	0.66709	0.17669	0.19192	0.47695	0.59387	0.60804	0.6041	0.28882	0.38597	0.17065	0.57001	0.14252	0.31543	0.59837	0.61715	0.67135	0.7433	0.67829	0.66015	0.26074	0.57519	0.36087	0.33307	0.40902	0.32512	0.55426	0.51576	0.59982	0.31924	0.27156	0.30205	0.543	0.28155	0.23929	0.67139	0.49068	0.44305	0.5702	0.43026	0.66324	0.66367	0.76727	0.46232	0.3239	0.28612	0.74611	0.44144	0.65438	0.69062	0.5693	0.26545	0.48375	0.27263	0.28799	0.43427	0.51523	0.72606	0.33656	0.62739	0.44558	0.68589	0.73392	0.39798	0.47167	0.7835	0.58374	0.60573	1.0	0.50776	0.51716	0.29727	0.44408	0.1921	0.59704	0.5436	0.43765	0.66899	0.54796	0.37179	0.3697	0.74583	0.91249	0.51289	0.49278	0.18048	0.70886	0.64632	0.45845	0.32164	0.81626	0.76812	0.48805	0.43329	0.18961	0.47169	0.60223	0.71482	0.37778	0.38939	0.59561	0.67398	0.62351	0.44928	0.62527
horse	0.4865	0.63234	0.66037	0.48981	0.4541	0.62253	0.27332	0.47568	0.75722	0.53376	0.70484	0.40342	0.44025	0.76632	0.47501	0.58111	0.26101	0.49778	0.40843	0.49055	0.54135	0.49078	0.12943	0.24246	0.50832	0.7413	0.24573	0.47556	0.6883	0.88233	0.58628	0.30333	0.32572	0.49329	0.75731	0.24848	0.47413	0.70125	0.92475	0.42856	0.75518	0.66864	0.33405	0.62888	0.74108	0.62624	0.0	0.64461	0.78817	0.51968	0.45327	0.68637	0.75227	0.61201	0.29096	0.42079	0.53545	0.6523	0.61381	0.58887	0.69234	0.94989	0.48703	0.77605	0.4169	0.41782	0.55277	0.32616	0.70226	0.55374	0.65241	0.25968	0.36167	0.51746	0.0	0.7585	0.56988	0.19585	0.46835	0.41789	0.41454	0.4276	0.20207	0.51676	0.21794	0.47653	0.6258	0.3456	0.562	0.43576	0.6164	0.36967	0.72027	0.67036	0.62982	0.36931	0.52338	0.48724	0.64774	0.34564	0.80265	0.37651	0.47109	0.76446	0.36569	0.243	0.58714	0.0	0.24786	0.27001	0.30068	0.36492	0.40033	0.37943	0.47788	0.33989	0.47441	0.18228	0.88006	0.75725	0.58591	0.49028	0.45118	0.45818	0.2688	0.57053	0.65785	0.41304	0.71287	0.72825	0.70198	0.13109	0.4027	0.41651	0.2614	0.45248	0.25191	0.71359	0.57664	0.64101	0.55279	0.61997	0.32764	0.50216	0.63186	0.36236	0.71203	0.23118	0.27564	0.27863	0.58045	0.55155	0.44706	0.46429	0.54508	0.69496	0.70576	0.54838	0.55047	0.59699	0.36834	0.88002	0.63015	0.44864	0.37615	0.304	0.43694	0.53527	0.30733	0.02361	0.19051	0.25165	0.442	0.54485	0.31915	0.58673	0.5287	0.56317	0.31017	0.53597	0.60786	0.39119	0.5191	0.10269	0.5674	0.08162	0.19787	0.07086	0.52227	0.42158	0.71344	0.32759	0.49799	0.4474	0.39386	0.90504	0.45436	0.82457	0.39706	0.52527	0.27484	0.56021	0.54481	0.70239	0.51243	0.68727	0.77451	0.29141	0.40096	0.45008	0.4106	0.5251	0.69963	0.46744	0.41438	0.32468	0.59968	0.42569	0.79264	0.30425	0.37103	0.7214	0.6312	0.7511	0.42694	0.55806	0.32287	0.46686	0.597	0.70085	0.24886	0.41819	0.58708	0.56995	0.23206	0.45276	0.5509	0.50507	0.62508	0.23615	0.34809	0.5609	0.46319	0.43746	0.69279	0.73888	0.64033	0.49888	0.50951	0.80527	0.79672	0.46758	0.42823	0.51283	0.52433	0.58297	0.32903	0.82564	0.53117	0.53674	0.60939	0.62796	0.52962	0.75875	0.30204	0.36968	0.63674	0.61615	0.5011	0.52729	0.46525	0.65573	0.41626	0.79761	0.35125	0.58641	0.44333	0.28295	0.71002	0.91873	0.41274	0.27909	0.62787	0.26238	0.51725	0.56273	0.39258	0.35543	0.44568	0.62222	0.29429	0.31892	0.3	0.60163	0.64379	0.6085	0.60444	0.37766	0.03092	0.40009	0.41579	0.71405	0.63849	0.64842	0.35342	0.27148	0.53871	0.47318	0.44651	0.35886	0.68029	0.42133	0.14159	0.37488	0.31358	0.48323	0.36083	0.58802	0.52812	0.83352	0.42449	0.44	0.5239	0.49226	0.21438	0.48049	0.70197	0.20867	0.26687	0.43827	0.41113	0.83841	0.42313	0.79966	0.26923	0.52359	0.68779	0.62032	0.2231	0.56279	0.37704	0.62134	0.47179	0.23202	0.38556	0.45813	0.33314	0.45432	0.42443	0.78654	0.37397	0.5907	0.23505	0.52089	0.6941	0.56114	0.64062	0.49162	0.51018	0.97447	0.53962	0.38694	0.40792	0.32185	0.67715	0.86497	0.77473	0.56821	0.56813	0.46027	0.37674	0.22685	0.34731	0.57683	0.70374	0.64962	0.56315	0.86147	0.89646	0.28124	0.66683	0.23595	0.53785	0.4493	0.23877	0.78624	0.28357	0.47639	0.2809	0.24974	0.96333	0.45572	0.71058	0.73019	0.5774	0.37661	0.29994	0.20918	0.58156	0.49644
hyena	0.20524	0.4282	0.61305	0.89856	0.69411	0.37624	0.65198	0.33822	0.49721	0.45043	0.75467	0.4441	0.88612	0.47481	0.46144	0.55589	0.4361	0.27008	0.58632	0.49433	0.19626	0.35553	0.38855	0.48651	0.22315	0.60731	0.40341	0.51901	0.73516	0.49736	0.89539	0.27156	0.72235	0.72089	0.45397	0.28742	0.26047	0.45846	0.3466	0.57936	0.60992	0.43847	0.91125	0.47077	0.10325	0.22244	0.25867	0.36698	0.758	0.60399	0.28085	0.5981	0.34661	0.65343	0.39797	0.05778	0.48372	0.35756	0.30453	0.82529	0.40039	0.33312	0.601	0.35988	0.77477	0.41853	0.2878	0.31315	0.44534	0.55332	0.62767	0.52961	0.47924	0.73894	0.50312	0.30656	0.47044	0.70244	0.75844	0.52675	0.61284	0.65617	0.82063	0.63314	0.27978	0.46875	0.38786	0.45546	0.93999	0.30153	0.22493	0.73394	0.52001	0.54268	0.32417	0.50113	0.35183	0.52676	0.56367	0.31811	0.23846	0.48139	0.54879	0.59437	0.56255	0.49797	0.35893	0.43164	0.38601	0.36135	0.87473	0.7298	0.5569	0.58869	0.45328	0.58618	0.45064	0.54877	0.38925	0.4165	0.23075	0.63809	0.5893	0.72989	0.41342	0.66038	0.49995	0.22792	0.54416	0.37568	0.55506	0.17229	0.53564	0.6798	0.33308	0.60015	0.41315	0.2861	0.63352	0.47967	0.46886	0.1684	0.52314	0.42188	0.34845	0.51887	0.39116	0.58477	0.41429	0.5073	0.52448	0.79587	0.22279	0.57241	0.40465	0.50013	0.14658	0.64911	0.75815	0.61428	0.35687	0.52828	0.47643	0.48635	0.39312	0.45462	0.66407	0.66525	0.27483	0.45237	0.18613	0.36524	0.24886	0.64497	0.56437	0.5256	0.29682	0.76686	0.63352	0.51232	0.58348	0.22146	0.59482	0.69827	0.46121	0.42683	0.20321	0.32055	0.32904	0.83737	0.70582	0.48555	0.50913	0.16314	0.48215	0.47223	0.37504	0.40961	0.409	0.28916	0.41107	0.60081	0.43718	0.25915	0.36931	0.67743	0.55066	0.4229	0.66555	0.59458	0.45264	0.35314	0.63638	0.62366	0.26152	0.3333	0.61498	0.42109	0.46949	0.69485	0.21693	0.33146	0.50643	0.83072	0.4361	0.56198	0.75871	0.43011	0.81537	0.45966	0.69771	0.69628	0.57442	0.29475	0.51485	0.22045	0.51537	0.58662	0.50049	0.26005	0.59715	0.53286	0.58252	0.45534	0.60069	0.42519	0.63957	0.18164	0.28032	0.7215	0.29008	0.52003	0.50093	0.55042	0.39338	0.423	0.28787	0.71593	0.51254	0.36379	0.57397	0.37542	0.41964	0.7234	0.45754	0.66571	0.2665	0.98062	0.89103	0.7285	0.62095	0.22919	0.50805	0.42474	0.16818	0.48591	0.58938	0.19853	0.65332	0.73815	0.82356	0.47296	0.29509	0.6772	0.45339	0.51806	0.7202	0.53196	0.36149	0.58073	0.43821	0.43585	0.43849	0.6678	0.68799	0.50573	0.42544	0.50882	0.24897	0.38872	0.67973	0.41673	0.6255	0.4283	0.45228	0.52023	0.46061	0.56088	0.5949	0.65293	0.48328	0.83848	0.90574	0.65267	0.45803	0.50653	0.66465	0.40567	0.31828	0.57859	0.46383	0.06083	0.58577	0.43758	0.50184	0.48264	0.37766	0.31822	0.52881	0.35471	0.67353	0.41875	0.67681	0.53679	0.57251	0.34435	0.30994	0.67293	0.58874	0.22867	0.52408	0.42528	0.4691	0.71372	0.50659	0.58639	0.47042	0.94156	1.0	0.43299	0.68793	0.45501	0.32833	0.51556	0.84584	0.53742	0.41264	0.53481	0.27326	0.33898	0.52387	0.18748	0.84552	0.59773	0.39533	0.46217	0.74644	0.21072	0.4932	0.75562	0.68658	0.18832	0.63054	0.42666	0.13334	0.5856	0.78389	0.45552	0.43295	0.41659	0.19265	0.8311	0.69481	0.54968	0.39822	0.69237	0.54522	0.55483	0.72743	0.44482	0.30543	0.22621	0.57829	0.29549	0.76569	0.50959	1.0	0.36663	0.46379	0.3513
iguana	0.64909	0.25831	0.49884	0.43711	0.63564	0.45943	0.37765	0.50393	0.41256	0.60517	0.60041	0.12565	0.27415	0.68327	0.60233	0.31064	0.69254	0.3969	0.50087	0.3407	0.43444	0.50159	0.49029	0.54516	0.40474	0.66877	0.89531	0.66989	0.75161	0.45574	0.56909	0.44502	0.52143	0.54553	0.4709	0.6375	0.3426	0.48788	0.3068	0.61852	0.27976	0.3933	0.44121	0.50197	0.49549	0.66798	0.77886	0.76429	0.80245	0.83666	0.36626	0.49094	0.11553	0.33481	0.55056	0.37183	0.13198	0.56525	0.28297	0.17531	0.34848	0.76235	0.43357	0.67909	0.32994	0.20633	0.19145	0.79345	0.50785	0.74061	0.44141	0.23206	0.52654	0.28556	0.25309	0.18344	0.60509	0.24758	0.24091	0.8759	0.51242	0.59481	0.45654	0.50298	0.87285	0.61531	0.41058	0.2342	0.60476	0.69585	0.60458	0.34382	0.30642	0.7522	0.57508	0.56626	0.42188	0.59189	0.64029	0.41986	0.87271	0.55121	0.51547	0.64543	0.69614	0.15359	0.63696	0.32424	0.62644	0.60668	0.38043	0.08686	0.06378	0.43443	0.41188	0.57466	0.74297	0.59795	0.2958	0.2445	0.4171	0.18233	0.536	0.3873	0.71261	0.29888	0.88441	0.44918	0.44711	0.58879	0.62149	0.53295	0.77165	0.64427	0.96522	0.95944	0.5439	0.25332	0.38227	0.55806	0.42319	0.8699	0.83714	0.28	0.56144	0.4792	0.55945	0.45709	0.29577	0.15473	0.52613	0.55943	0.5229	0.33668	0.16453	0.4953	0.15514	0.76194	0.70864	0.65342	0.50265	0.41168	0.78261	0.16504	0.68835	0.6096	0.5237	0.49953	0.25407	0.69476	0.51235	0.71044	0.2456	0.51576	0.6979	0.69945	0.10834	0.70888	0.73264	0.51219	0.78627	0.6407	0.73044	0.52833	0.66019	0.4638	0.43086	0.37757	0.789	0.46616	0.21062	0.5448	0.66528	0.31037	0.78792	0.61915	0.48792	0.46166	0.29716	0.62	0.67209	0.3508	0.58829	0.68724	0.61546	0.72498	0.39525	0.37341	0.56007	0.17022	0.59965	0.44095	0.18254	0.56626	0.74892	0.63351	0.4494	0.56676	0.6307	0.18013	0.64601	0.18437	0.67678	0.65716	0.3628	0.41025	0.46002	0.51702	0.38228	0.43795	0.61625	0.36714	0.81171	0.44728	0.68081	0.29187	0.54611	0.7429	0.64868	0.0	0.24419	0.58207	0.60724	0.30494	0.62289	0.43402	0.48426	0.7623	0.69149	0.5645	0.43387	0.56415	0.37944	0.29607	0.46552	0.31611	0.3085	0.47912	0.13249	0.48294	0.70693	0.29087	0.7198	0.3031	0.51793	0.77084	0.4572	0.37784	0.48813	0.36938	0.34872	0.38412	0.47527	0.58815	0.53011	0.59349	0.33951	0.56137	0.74486	0.67624	0.4997	0.35885	0.61516	0.70941	0.42721	0.85008	0.68182	0.30713	0.61459	0.27841	0.53162	0.37597	0.79813	0.5893	0.29124	0.52494	0.58817	0.39384	0.59561	0.54899	0.70411	0.31096	0.73319	0.39696	0.42126	0.40161	0.56624	0.65254	0.38325	0.3792	0.20467	0.44499	0.0	0.12535	0.46983	0.54747	0.41533	0.08874	0.89613	0.50199	0.49356	0.2924	0.64039	0.51402	0.41116	0.82022	0.44003	0.74143	0.19527	0.57503	0.91351	0.18243	0.65027	0.32113	0.38116	0.27263	0.42548	0.75554	0.61644	0.70896	0.20515	0.6037	0.67519	0.30106	0.65672	0.84122	0.50972	0.48156	0.72833	0.6597	0.33097	0.60738	0.47125	0.60493	0.55732	0.55611	0.32033	0.5153	0.3343	0.89901	0.27208	0.4019	0.66596	0.59656	0.26233	0.46542	0.82812	0.67955	0.55796	0.83683	0.40087	0.38478	0.272	0.13609	0.69099	0.38198	0.34793	0.12309	0.44424	0.69949	0.29863	0.44513	0.28449	0.50992	0.84596	0.24875	0.41198	0.58059	0.22152	0.54453	0.71823	0.29721	0.75835	0.65477	0.5049	0.13766	0.44216	0.28115	0.47551	0.17868
jackdaw	0.14956	0.43313	0.759	0.56369	0.26662	0.44465	0.89828	0.51201	0.59564	0.7132	0.64709	0.59854	0.3783	0.37193	0.48326	0.432	0.47921	0.55444	0.32338	0.30633	0.6554	0.67468	0.4738	0.34597	0.53762	0.65468	0.72214	0.59874	0.60403	0.43188	0.27038	0.3797	0.63641	0.3208	0.39955	0.45021	0.45073	0.55709	0.23635	0.64582	0.70495	0.57812	0.33299	0.49307	0.25295	0.35348	0.56322	0.32967	0.65273	0.59647	0.31024	0.54717	0.21075	0.80227	0.39668	0.39631	0.28807	0.48858	0.51767	0.10836	0.48383	0.59803	0.89942	0.88242	0.5043	0.50331	0.22896	0.77925	0.57439	0.53035	0.57993	0.61017	0.32084	0.57817	0.59035	0.56962	0.58778	0.52497	0.22901	0.50376	0.42033	0.66844	0.70889	0.67888	0.44863	0.36283	0.22938	0.24707	0.62748	0.74427	0.30034	0.68409	0.33754	0.42566	0.45536	0.27665	0.36686	0.49077	0.73662	0.30955	0.58533	0.33838	0.53307	0.36289	0.30684	0.3407	0.91163	0.51488	0.56065	0.28718	0.30213	0.34938	0.5827	0.39082	0.80015	0.661	0.61545	0.58682	0.3382	0.30389	0.06205	0.43298	0.64273	0.55433	0.63923	0.44578	0.7207	0.275	0.64008	0.60784	0.83395	0.58421	0.54876	0.3025	0.39697	0.81532	0.48368	0.49578	0.49599	0.28595	0.62672	0.40492	0.66707	0.52324	0.73343	0.50494	0.40273	0.0	0.30525	0.24494	0.42742	0.47377	0.28534	0.24322	0.35702	0.39122	0.33342	0.7246	0.65079	0.69916	0.42489	0.26296	0.73187	0.56446	0.60278	0.46929	0.20777	0.54174	0.32066	0.57431	0.44702	0.72304	0.42186	0.46963	0.62314	0.64944	0.27635	0.91699	0.74145	0.4447	0.50021	0.35117	0.6092	0.53666	0.17914	0.44408	0.46357	0.38353	0.83199	0.32484	0.58626	0.49185	0.34876	0.39092	0.6233	0.41036	0.4359	0.58737	0.08452	0.77456	0.60309	0.11372	0.62152	0.71523	0.56193	0.58317	0.47968	0.39689	0.4731	0.43785	0.61425	0.34034	0.40983	0.54941	0.20822	0.24189	0.50391	0.54522	0.77189	0.43004	0.75019	0.27288	0.51858	0.69134	0.31266	0.3239	0.28364	0.56355	0.56921	0.49744	0.56322	0.82863	0.61707	0.48845	0.8042	0.27911	0.55396	0.64131	0.36389	0.58396	0.61571	0.22047	0.49523	0.48407	0.683	0.50656	0.41938	0.25893	0.30871	0.61393	0.42462	0.6334	0.34343	0.36467	0.69839	0.51086	0.51517	0.0	0.31903	0.64274	0.35682	0.49002	0.39016	0.24341	0.80559	0.73098	0.48872	0.55341	0.44647	0.36656	0.68979	0.70116	0.5581	0.40421	0.32182	0.7096	0.41851	0.43684	0.52466	0.58487	0.63899	0.47526	0.50207	0.60025	0.26319	0.58676	0.4684	0.4206	0.57881	0.33335	0.29331	0.29341	0.50824	0.4462	0.56213	0.57447	0.43777	0.46807	0.66623	0.76755	0.86744	0.75238	0.53188	0.47064	0.55527	0.51153	0.58349	0.55439	0.46361	0.57706	0.45166	0.5531	0.57209	0.62017	0.40655	0.43198	0.37924	0.28814	0.56789	0.2352	0.37051	0.39524	0.44693	0.44967	0.73421	0.29593	0.4859	0.60693	0.53289	0.10025	0.84504	0.45557	0.71765	0.6975	0.39839	0.56412	0.23135	0.71346	0.82189	0.5196	0.14893	0.58339	0.49083	0.18506	0.56136	0.66137	0.90502	0.41033	0.58285	0.37726	0.4928	0.45612	0.38728	0.75068	0.61714	0.36924	0.53167	0.3544	0.70459	0.39344	0.35081	0.38578	0.67863	0.89017	0.76671	0.51118	0.67559	0.44847	0.53228	0.82325	0.78942	0.376	0.80624	0.74598	0.20776	0.10298	0.32422	0.47118	0.43453	0.63111	0.19253	0.49601	0.41028	0.76302	0.53433	0.49265	0.64213	0.40172	0.39901	0.59656	0.38215	0.51394	0.54805	0.71797	0.23779	0.37752	0.72796	0.65731	0.45184	0.55389
jaguar	0.33341	0.63298	0.61183	0.41897	0.48999	0.45939	0.68075	0.56522	0.55969	0.47153	0.50911	0.24266	0.76617	0.62736	0.3271	0.53404	0.5705	0.32283	0.56669	0.25428	0.41461	0.44108	0.27689	0.40758	0.49535	0.43087	0.26035	0.28305	0.40103	0.42229	0.3874	0.45131	0.4836	0.77654	0.54693	0.37853	0.44516	0.48462	0.5321	0.4782	0.70584	0.83173	0.63342	0.56547	0.29722	0.48457	0.36564	0.7912	0.50508	0.55206	0.48575	0.2369	0.35326	0.42057	0.81907	0.23659	0.97349	0.07891	0.49308	0.65955	0.4039	0.7798	0.55447	0.64756	0.65962	0.2598	0.49332	0.15263	0.22352	0.58952	0.15758	0.40685	0.0	1.0	0.33398	0.57852	0.46808	0.61162	0.41868	0.44479	0.23041	0.55638	0.52675	0.40633	0.81456	0.18126	0.69904	0.54476	0.75491	0.45536	0.36134	0.67749	0.79	0.48709	0.44138	0.45287	0.3089	0.65762	0.7659	0.49282	0.24541	0.70679	0.80215	0.47938	0.69753	0.41289	0.42527	0.66456	0.51421	0.26941	0.47663	0.55887	0.65678	0.65237	0.58026	0.78739	0.34175	0.47831	0.50634	0.54667	0.68388	0.5421	0.58812	0.56964	0.7339	0.57867	0.49082	0.63479	0.28276	0.65611	0.52812	0.64078	0.42809	0.48116	0.46915	0.55082	0.26282	0.50513	0.62939	0.74722	0.48192	0.42563	0.70689	0.27603	0.5621	0.47538	0.28028	0.43937	0.4123	0.32816	0.45324	0.40299	0.82627	0.46604	0.75896	0.4692	0.47695	0.38915	0.91982	0.55009	0.45398	0.61329	0.35801	0.50824	0.40632	0.50513	0.6691	0.71027	0.40078	0.46508	0.59723	0.34814	0.0861	0.39587	0.30146	0.56634	0.32864	0.56617	0.59647	0.30818	0.35469	0.10639	0.56152	0.44912	0.67234	0.56529	0.42884	0.0	0.69675	0.43273	0.32283	0.23145	0.42042	0.29992	0.30896	0.23616	0.37648	0.24247	0.4463	0.46633	0.23103	0.66145	0.49457	0.54204	0.90555	0.68706	0.76181	0.49569	0.46238	0.59488	0.79662	0.66286	0.28251	0.61676	0.50045	0.408	0.39425	0.38321	0.38601	0.69315	0.26654	0.4591	0.33064	0.53679	0.36541	0.64416	0.28754	0.49399	0.89334	0.40564	0.52671	0.60452	0.47313	0.51321	0.27485	0.57798	0.53588	0.51975	0.77246	0.53688	0.84321	0.58953	0.59603	0.33935	0.57305	0.46961	0.86653	0.63934	0.66783	0.57375	0.36791	0.78647	0.72583	0.74239	0.36255	0.42701	0.21621	0.5625	0.56722	0.4649	0.43934	0.62903	0.52274	0.56379	0.58639	0.45896	0.27125	0.5738	0.77647	0.49001	0.36183	0.46102	0.5808	0.44668	0.25557	0.51989	0.64101	0.478	0.41496	0.68157	0.30967	0.47301	0.25862	0.30304	0.40036	0.3888	0.72523	0.7381	0.3482	0.17913	0.35271	0.35358	0.64625	0.43723	0.62465	0.6058	0.58359	0.4513	0.71196	0.82395	0.70276	0.3632	0.78992	0.71052	0.39829	0.45468	0.40967	0.16696	0.49908	0.65407	0.5361	0.77188	0.33613	0.5676	0.64365	0.46941	0.46999	0.4567	0.32014	0.66528	0.39964	0.33242	0.22826	0.33674	0.48948	0.69507	0.41871	0.62407	0.47337	0.43438	0.79843	0.81037	0.21729	0.92039	0.44644	1.0	0.38139	0.55885	0.48506	0.43449	0.62391	0.30097	0.51696	0.62065	0.72814	0.4882	0.4364	0.54882	0.78666	0.49979	0.46619	0.29783	0.58101	0.20274	0.567	0.36344	0.15982	0.68475	0.36349	0.35548	0.21169	0.304	0.5311	0.49252	0.55356	0.41982	0.27302	0.26622	0.51694	0.58478	0.47909	0.55961	0.56955	0.46723	0.35075	0.44872	0.85844	0.5695	0.20471	0.24946	0.2623	0.37676	0.63869	0.72974	0.73477	0.34247	0.87915	0.55992	0.43172	0.4361	0.68899	0.50024	0.65987	0.421	0.66067	0.38913	0.53983	0.45806	0.45447	0.2509
jay	0.22897	0.49015	0.32201	0.46982	0.46068	0.37639	0.9491	0.41024	0.10571	0.39994	0.38279	0.34627	0.73627	0.66724	0.13235	0.76955	0.5911	0.89744	0.69824	0.62165	0.30073	0.54638	0.64065	0.71218	0.31014	0.44257	0.3235	0.37581	0.50001	0.63141	0.33941	0.7368	0.33772	0.30913	0.50107	0.56085	0.6332	0.40027	0.38322	0.94747	0.4337	0.23987	0.38107	0.55147	0.37653	0.57022	0.63475	0.4511	0.77826	0.25081	0.60447	0.26142	0.65766	0.5766	0.44126	0.41724	0.84816	0.63453	0.82538	0.65808	0.43884	0.4445	0.38583	0.38657	0.45946	0.30575	0.29208	0.46592	0.5215	0.37623	0.48166	0.32256	0.52947	0.0	0.23159	0.6271	0.28631	0.59347	0.71383	0.58995	0.51595	0.36551	0.05291	0.72507	0.28768	0.37857	0.33594	0.40644	0.44238	0.25609	0.7974	0.44093	0.13763	0.44071	0.16294	0.36219	0.3699	0.60763	0.3457	0.38481	0.60371	0.938	0.77167	0.53652	0.6315	0.27231	0.67039	0.62051	0.56797	0.77503	0.80272	0.52281	0.81741	0.43857	0.19562	0.21381	0.65988	0.25189	0.76768	0.3978	0.4641	0.59287	0.49713	0.60278	0.38473	0.60994	0.55421	0.41169	0.27189	0.51019	0.52638	0.43729	0.25218	0.8878	0.79417	0.30097	0.51853	0.64029	0.57535	0.54856	0.46276	0.05456	0.0	0.42293	0.33746	0.67438	0.58361	0.25801	0.54176	0.22033	0.20928	0.31129	0.25837	0.44813	0.552	0.8403	0.72224	0.50969	0.33756	0.59936	0.80142	0.34658	0.8677	0.61013	0.98767	0.41117	0.3318	0.84533	0.37939	0.52548	0.38151	0.48663	0.70916	0.2676	0.57237	0.54857	0.62206	0.56989	0.7741	0.74648	0.36917	0.09116	0.35827	0.66019	0.17829	0.54047	0.53031	0.30101	0.60262	0.70602	0.71657	0.50693	0.4441	0.28323	0.45597	0.61696	0.37089	0.53277	0.22039	0.16953	0.40986	0.20663	0.81633	0.25534	0.92363	0.75299	0.77158	0.25932	0.48544	0.75041	0.49581	0.55609	0.57837	1.0	0.46992	0.1784	0.87912	0.21813	0.6533	0.67016	0.24873	0.73426	0.5012	0.31772	0.27913	0.25509	0.83736	0.67846	0.15661	0.47241	0.28878	0.3473	0.34121	0.57319	0.47092	0.86289	0.39215	0.31005	0.6673	0.22038	0.20378	0.69809	0.3243	0.23244	0.69422	0.33211	0.47816	0.76456	0.41203	0.68504	0.21757	0.87647	0.30046	0.47235	0.81604	0.06109	0.46511	0.93179	0.39092	0.59289	0.53223	0.27003	0.58054	0.06914	0.2536	0.58562	0.39508	0.10239	0.57474	0.26983	0.74174	0.73553	0.30665	0.53346	0.00165	0.31652	0.67239	0.43737	0.57617	0.58864	0.36537	0.26495	0.56706	0.3378	0.72995	0.48524	0.87965	0.59801	0.74168	0.25262	0.73744	0.75629	0.54063	0.58312	0.67355	0.61491	0.4962	0.56424	0.55244	0.21764	0.53744	0.79647	0.93158	0.67031	0.35263	0.67691	0.87158	0.12149	0.67012	0.56792	0.7457	0.54465	0.94057	0.30975	0.07831	0.53938	0.61015	0.63814	0.0	0.19227	0.41986	0.36804	0.56317	0.70382	0.65309	0.67657	0.50792	0.42539	0.24692	0.56346	0.92809	0.73829	0.15873	0.37155	0.48625	0.71869	0.85127	0.84289	0.52698	0.48904	0.85168	0.17641	0.2757	0.77966	0.37123	0.21443	0.40116	0.63435	0.66214	0.69277	0.8967	0.34041	0.77083	0.88726	0.0	0.56366	0.52746	0.53342	0.47311	0.76607	0.42698	0.74359	0.5255	0.48763	0.44449	0.24788	0.54001	0.59662	0.52737	0.0	0.08737	0.69107	0.49684	0.61352	0.58441	0.70322	0.3092	0.42992	0.58397	0.36547	0.41169	0.72546	0.61724	0.95853	0.22467	0.39207	0.4769	0.44634	0.34686	0.51394	0.36617	0.64589	0.20117	0.71249	0.56085	0.60736	0.34794	0.46699	0.46491	0.54132
jellyfish	0.60912	0.43556	0.52005	0.29243	0.60286	0.64741	0.61165	0.57891	0.40764	0.64352	0.60517	0.26261	0.47464	0.67542	0.66529	0.59888	0.54238	0.69764	0.36846	0.54376	0.3292	0.26898	0.42108	0.07256	0.612	0.77645	0.51442	0.28695	0.44579	0.51631	0.60834	0.71655	0.7706	0.46094	0.55679	0.62481	0.58186	0.63736	0.51414	0.456	0.64131	0.49618	0.39378	0.5242	0.419	0.57098	0.25719	0.51705	0.54485	0.61389	0.2105	0.51766	0.33051	0.78383	0.48291	0.21052	0.61733	0.60006	0.42638	0.59099	0.77879	0.79023	0.3639	0.65983	0.44423	0.36854	0.55401	0.54517	0.35967	0.86021	0.93714	0.55144	0.21707	0.70654	0.04108	0.29685	0.70548	0.47465	0.22843	0.56678	0.51329	0.58397	0.34658	0.49042	0.51955	0.63552	0.39915	0.19407	0.94131	0.21675	0.76231	0.39458	0.24097	0.40176	0.35351	0.46466	0.61902	0.48133	0.62725	0.4115	0.63196	0.44314	0.7109	0.73577	0.26511	0.2952	0.44007	0.66402	0.60422	0.31307	0.72596	0.18388	0.59422	0.17177	0.42688	0.38988	0.49184	0.2123	0.53694	0.60788	0.5123	0.46516	0.57506	0.32504	0.8251	0.87252	0.54121	0.43615	0.50004	0.8356	0.54211	0.35779	0.53297	0.42409	0.40638	0.61016	0.41814	0.41662	0.52615	0.71199	0.62879	0.5999	0.54901	0.43363	0.63881	0.35068	0.68273	0.458	0.05884	0.23066	0.69999	0.61461	0.33606	0.52296	0.4364	0.66272	0.5533	0.88435	0.65498	0.29303	0.1766	0.54279	0.8353	0.31744	0.00731	0.04592	0.3811	0.63352	0.48592	0.46045	0.1423	0.5189	0.57416	0.63376	0.22655	0.37075	0.29021	0.02143	0.53588	0.44802	0.5575	0.20404	0.37629	0.52644	0.56941	1.0	0.37594	0.36809	0.75671	0.19384	0.6288	0.18821	0.34796	0.23802	0.54636	0.57153	0.39472	0.57784	0.35934	0.15952	0.5672	0.66174	0.60969	0.6548	0.36027	0.71584	0.55627	0.49566	0.2388	0.5818	0.7047	0.38325	0.59683	0.48234	0.48602	0.44788	0.32399	0.55262	0.3907	0.09653	0.93823	0.60939	0.81237	0.52177	0.72172	0.65711	0.95278	0.32831	0.33258	0.37638	0.40977	0.67312	0.70359	0.64586	0.71406	0.25195	0.36392	0.53087	0.36406	0.41411	0.24366	0.55961	0.51649	0.47044	0.62969	0.59666	0.49777	0.0	0.24694	0.69933	0.70134	0.30953	0.37191	0.50027	0.42304	0.56511	0.25057	0.5691	0.55064	0.49971	0.6246	0.56747	0.51083	0.25517	0.31097	0.50281	0.556	0.34391	0.22541	0.36191	0.74871	0.72205	0.4618	0.19721	0.77122	0.55541	0.58885	0.51104	0.31667	0.80071	0.78958	0.10286	0.48737	0.38271	0.60855	0.5552	0.69588	0.18243	0.74655	1.0	0.48501	0.71753	0.67794	0.55501	0.81369	0.45366	0.53688	0.26252	0.35733	0.73326	0.2967	0.83691	0.85463	0.35098	0.59543	0.28875	0.49429	0.7442	0.31541	0.42972	0.66455	0.60203	0.40127	0.55677	0.69011	0.57717	0.43745	0.14335	0.54027	0.72883	0.38527	0.26696	0.34115	0.61606	0.35799	0.29458	0.63409	0.45912	0.6204	0.6057	0.37492	0.53484	0.34386	0.59251	0.34117	0.45032	0.71078	0.37279	0.57406	0.63449	0.92694	0.44661	0.33369	0.03611	0.54456	0.58785	0.56387	0.4082	0.22671	0.49351	0.29705	0.68131	0.46477	0.61216	0.36411	0.51479	0.54287	0.27118	0.54338	0.72035	0.52726	0.61601	0.65345	0.58299	1.0	0.54601	0.52227	0.77497	0.63656	0.50972	0.43824	0.37544	0.48284	0.66619	0.51536	0.1956	0.58702	0.34635	0.41462	0.36106	0.54039	0.09183	0.66525	0.53741	0.18113	0.26191	0.1525	0.39858	0.48955	0.47501	0.67456	0.46423	0.41796	0.64913	0.62455	0.60598	0.42888	0.53568	0.47146	0.12994
kangaroo	0.49873	0.88274	0.82349	0.50226	0.49219	0.78199	0.45376	0.33605	0.76962	0.0	0.50812	0.63793	0.32745	0.93026	0.4946	0.26962	0.26361	0.53151	0.39192	0.26059	0.49274	0.3799	0.54488	0.28664	0.5139	0.78771	0.5839	0.35938	0.71066	0.73308	0.82065	0.2752	0.36878	0.49432	0.50473	0.51319	0.58796	0.56458	0.46673	0.38052	0.72213	0.44795	0.25811	0.55143	0.58096	0.4339	0.27472	0.81947	0.76235	0.78974	0.3962	0.30752	0.31439	0.30124	0.61348	0.58076	0.64445	0.30783	0.34073	0.25502	0.34634	0.60344	0.7088	0.5185	0.46354	0.49966	0.51196	0.60822	0.46767	0.84153	0.60416	0.33235	0.45417	0.47625	0.01389	0.67674	0.51603	0.35277	0.52434	0.42998	0.64382	0.50337	0.25501	0.33313	0.58442	0.7759	0.44224	0.4701	0.48792	0.24076	0.30607	0.08599	0.33792	0.35761	0.40811	0.31264	0.41481	0.40448	0.5443	0.29644	0.68699	0.53366	0.73209	0.56359	0.42124	0.61651	0.12415	0.44125	0.44307	0.10846	0.47966	0.44942	0.34944	0.73854	0.38201	0.50267	0.91026	0.31288	0.52015	0.51475	0.7507	0.49899	0.75309	0.47999	0.2011	0.22872	0.70812	0.39175	0.79875	0.70744	0.62447	0.25279	0.77497	0.44572	0.64056	0.68862	0.36779	0.44593	0.66857	0.64457	0.68885	0.60494	0.49467	0.11265	0.43685	0.50489	0.24836	0.37294	0.30134	0.22261	0.65835	0.55639	0.32006	0.66704	0.39962	0.68281	0.9969	0.38819	0.29124	0.09874	0.85075	0.44694	0.73085	0.51031	0.10246	0.50856	0.86855	0.50067	0.49705	0.44248	0.50412	0.10934	0.31735	0.58713	0.62336	0.28975	0.16862	0.64289	0.39408	0.42951	0.85668	0.25468	0.40943	0.5541	0.46716	0.27141	0.30852	0.31735	0.53746	0.82566	0.74214	0.35754	0.34595	0.66803	0.65634	1.0	0.48716	0.65615	0.53736	0.73014	0.45767	0.49445	0.40716	0.74884	0.58059	0.51679	0.58366	0.49495	0.48645	0.25109	0.66368	0.1977	0.74348	0.51731	0.78891	0.54496	0.58296	0.30592	0.30601	0.80752	0.28692	0.48007	0.70561	0.836	0.67397	0.51009	0.42609	0.14146	0.67445	0.70407	0.65986	0.76142	0.59227	0.66483	0.57666	0.4572	0.3703	0.79092	0.61271	0.40094	0.53248	0.46048	0.75988	0.51881	0.98024	0.88	0.82312	0.16496	0.45936	0.04797	0.42485	0.74747	0.51769	0.35121	0.51266	0.49303	0.16753	0.87055	0.93606	0.45627	0.62229	0.65295	0.57767	0.24982	0.46595	0.54468	0.61683	0.31596	0.42587	0.53664	0.37473	0.45339	0.47359	0.70309	0.64505	0.35315	0.45553	0.28602	0.72102	0.81117	0.03276	0.2789	0.83784	0.26053	1.0	0.43362	0.52876	0.14266	0.52755	0.29768	0.04397	0.52654	0.40705	0.75354	0.39665	0.56402	0.33183	0.38601	0.32994	0.72077	0.48285	0.85521	0.49512	0.58991	0.57579	0.17956	0.76758	0.21223	0.29006	0.61919	0.44407	0.62804	0.47584	0.3831	0.45089	0.49368	0.5138	0.50587	0.73192	0.78282	0.27749	0.02036	0.43235	0.45562	0.33767	0.18509	0.57253	0.32373	0.21282	0.6287	0.82813	0.36135	0.53551	0.26712	0.62319	0.69915	0.59385	0.61544	0.35454	0.57611	0.64865	0.70199	0.42924	0.14481	0.48049	0.49808	0.57227	0.05781	0.56627	0.68525	0.32633	0.28641	0.48213	0.67299	0.57559	0.69735	0.5313	0.45654	0.59077	0.60622	0.64433	0.39714	0.37186	0.21415	0.53776	0.51708	0.96613	0.45583	0.62812	0.55789	0.31363	0.52007	0.45644	0.17566	0.47696	0.12913	0.82606	0.51035	0.53804	0.57578	0.63637	0.35861	0.65552	0.60663	0.24013	0.39397	0.14686	0.46692	0.44187	0.2892	0.67412	0.22607	0.545	0.54026	0.66323	0.45778	0.64918	0.42794	0.43268	0.40865
kestrel	0.12812	0.41602	0.77165	0.55585	0.52078	0.51033	0.37462	0.4848	0.55705	0.77971	0.51505	0.43571	0.65169	0.3572	0.58285	0.67046	0.70431	0.89474	0.58477	0.415	0.3361	0.52919	0.43748	0.6863	0.36567	0.67847	0.70195	0.53555	0.68295	0.69372	0.63371	0.42214	0.37978	0.42888	0.31124	0.42078	0.6804	0.19086	0.49566	0.44688	0.6014	0.54277	0.35132	0.11922	0.4568	0.53064	0.55203	0.26458	0.58816	0.38102	0.41951	0.76081	0.09186	0.63496	0.31269	0.58362	0.90882	0.67553	0.71345	0.46506	0.42306	0.82948	0.51768	0.43403	0.5734	0.4573	0.90067	0.57968	0.46987	0.3396	0.3214	0.0	0.69997	0.54758	0.58417	0.55212	0.69381	0.63366	0.48662	0.02492	0.53855	0.49876	0.69343	0.3712	0.66353	0.30882	0.55815	0.54608	0.67007	0.26798	0.2512	0.62451	0.30557	0.61012	0.43498	0.13081	0.43308	0.57753	0.42909	0.43259	0.51006	0.61341	0.32666	0.33412	0.40981	0.29668	0.48308	0.4428	0.52991	0.47758	0.48926	0.58446	0.49977	0.43556	0.62699	0.60442	0.65433	0.36394	0.46184	0.47567	0.24354	0.53368	0.43068	0.39878	0.45294	0.52903	0.68302	0.11365	0.7817	0.53153	0.42057	0.40848	0.53338	0.21412	0.36439	0.42953	0.72536	0.44471	0.5446	0.38481	0.45601	0.55789	0.61173	0.75749	0.41541	0.30787	0.53743	0.41992	0.65686	0.38279	0.27928	0.88977	0.49655	0.35779	0.59185	0.47088	1.0	0.50235	0.29808	0.72959	0.27362	0.53714	0.55384	0.57425	0.39967	0.05058	0.67232	0.48491	0.72376	0.74947	0.62875	0.50705	0.34079	0.4783	0.45205	0.73117	0.49252	0.79102	0.77519	0.51827	0.39987	0.29981	0.76683	0.46637	0.46915	0.25414	0.25155	0.44006	0.32339	0.55167	0.65883	0.6431	0.30474	0.13918	0.52471	0.39579	0.6358	0.1516	0.40735	0.39023	0.56998	0.67584	0.41313	0.28023	0.8423	0.61267	0.54295	0.51132	0.81353	0.5626	0.71803	0.35623	0.37085	0.28645	0.19571	0.63763	0.72761	0.09467	0.5591	0.55925	0.48326	0.47073	0.2466	0.73766	0.39232	0.34007	0.21154	0.3516	0.73942	0.48658	0.23599	0.27583	0.58055	0.85004	0.23234	0.41645	0.7521	0.58363	0.52027	0.56932	0.39514	0.34339	0.80493	0.53619	0.3436	0.54336	0.31515	0.74476	0.55999	0.29449	0.28096	0.44063	0.55289	0.87397	0.50143	0.79277	0.85447	0.67234	0.79893	0.47231	0.45237	0.84487	0.45914	0.62093	0.43117	0.58268	0.53917	0.47865	0.61892	0.41564	0.72031	0.34031	0.67713	0.36968	0.2526	0.25427	0.56497	0.38702	0.76368	0.39894	0.36217	0.36132	0.36972	0.49905	0.43397	0.395	0.45822	0.26676	0.68404	0.54525	0.14611	0.59523	0.42372	0.41231	0.50867	0.56033	0.77772	0.57186	0.82107	0.57306	0.34204	0.67984	0.67604	0.58355	0.43479	0.46123	0.40641	0.38361	0.66975	0.41684	0.52823	0.4746	0.74171	0.5105	0.67852	0.64699	0.59626	0.89851	0.46065	0.15233	0.46822	0.23088	0.14264	0.7441	0.46952	0.90363	0.20851	0.59792	0.40987	0.57868	0.42729	0.41678	0.29434	0.59356	0.11226	0.55226	0.64212	0.73397	0.19198	0.26379	0.62045	0.4604	0.40307	0.40342	0.41035	0.23591	0.19957	0.67681	0.55478	0.236	0.43793	0.17736	0.12278	0.44727	0.94262	0.40615	0.39845	0.46388	0.65918	0.08651	0.47472	0.31256	0.40102	0.69316	0.845	0.88245	0.21576	0.45718	0.44334	0.80725	0.52275	0.69921	0.27012	0.59901	0.67546	1.0	0.67928	0.60032	0.58603	0.54358	0.24221	0.55205	0.69623	0.83186	0.37943	0.39139	0.57016	0.57656	0.60232	0.21389	0.26483	0.7554	0.34972	0.4371	0.51949	0.54828	0.85773	0.28083	0.32271	0.62953
killer_whale	0.30231	0.53805	0.7598	0.48127	0.86267	0.41468	0.37559	0.75629	0.52234	0.74741	0.51511	0.35394	0.33594	0.46197	0.55686	0.7288	0.47998	0.66353	0.30518	0.48792	0.5134	0.66379	0.47682	0.31528	0.15187	0.56735	0.33993	0.40671	0.66836	0.39647	0.27993	0.58456	0.55977	0.78128	0.34369	0.59972	0.3717	0.66153	0.10866	0.20031	0.5696	0.71954	0.37071	0.4914	0.84175	0.69927	0.64468	0.30892	0.60143	0.46437	0.60249	0.36206	0.04397	0.27926	0.57883	0.35462	0.73745	0.41241	0.27655	0.81351	0.57339	0.32759	0.65179	0.0	0.49298	0.29578	0.53526	0.49528	0.57975	0.70912	0.68836	0.51495	0.58117	0.66894	0.48675	0.06708	0.33776	0.82712	0.19773	0.54235	0.35303	0.38498	0.66948	0.3607	0.28016	0.48783	0.83411	0.41305	0.89204	0.31358	0.51205	0.48694	0.34333	0.64877	0.50663	0.17592	0.41958	0.28291	0.40873	0.46432	0.50965	0.6582	0.56334	0.48763	0.50983	0.56914	0.66559	0.43374	0.56493	0.66086	0.50265	0.65663	0.52502	0.5033	0.5359	0.61592	0.29177	0.70682	0.60049	0.52036	0.34119	0.41968	0.63389	0.54684	0.45205	0.82599	0.75305	0.70951	0.64257	0.60044	0.41138	0.40115	0.07525	0.6233	0.36962	0.57043	0.26926	0.45373	0.6847	0.42256	0.63107	0.48089	0.58133	0.66973	0.59158	0.53301	0.1861	0.60035	0.44795	0.7714	0.53172	0.73212	0.09519	0.79094	0.45509	0.35561	0.61428	0.35624	0.34697	0.49056	0.50251	0.35627	0.35195	0.53802	0.59055	0.28224	0.69319	0.57836	0.58397	0.40968	0.12474	0.4672	0.11116	0.64382	0.27381	0.72437	0.50933	0.65388	0.23665	0.50773	0.60808	0.28573	0.66216	0.35952	0.33643	0.44569	0.46487	0.74325	0.4847	0.68911	0.59597	0.17871	0.48017	0.31094	0.24737	0.52001	0.55158	0.84517	0.4716	0.65239	0.27656	0.41611	0.81044	0.46234	0.85856	0.71115	0.51251	0.7145	0.67005	0.64919	0.60271	0.56045	0.4312	0.32014	0.24444	0.59699	0.45282	0.81392	0.25746	0.55881	0.68819	0.27584	0.48681	0.40999	0.55574	0.43656	0.31978	0.38101	0.57805	0.63841	0.50931	0.80242	0.58661	0.28031	0.27469	0.20771	0.33611	0.42992	0.70873	0.49522	0.49805	1.0	0.67158	0.57034	0.44565	0.26461	0.64473	0.30452	0.52122	0.44388	0.68547	0.48059	0.28443	0.41767	0.32967	0.67301	0.30859	0.44979	0.49695	0.56521	0.4152	0.19187	0.38651	0.57373	0.25826	0.47306	0.57533	0.31724	0.29339	0.77171	0.59403	0.66315	0.33511	0.66271	0.42301	0.65644	0.61061	0.55187	0.68984	0.6935	0.48471	0.47949	0.46542	0.33902	0.49162	0.48097	0.75742	0.45663	0.34636	0.41402	0.56026	0.40503	0.52695	0.61021	0.49614	0.65462	0.63266	0.36201	0.51809	0.39541	0.54899	0.44847	0.15164	0.66114	0.39771	0.34143	0.43858	0.35373	0.57531	0.40481	0.59168	0.54395	0.62212	0.74897	0.55728	0.32032	0.71805	0.20177	0.60711	0.74032	0.64794	0.55785	0.27663	0.78286	0.53989	0.4333	0.60527	0.64224	0.55698	0.41971	0.72511	0.55633	0.6128	0.34024	0.49976	0.86556	0.27789	0.33372	0.54211	0.06791	0.18079	0.66167	0.54326	0.51648	0.5337	0.5712	0.41318	0.46666	0.42917	0.2639	0.74442	0.63238	0.35435	0.48965	0.51134	0.82347	0.62426	0.38652	0.33171	0.34559	0.63109	0.44224	0.76504	0.43999	0.32001	0.40377	0.44885	0.20949	0.49532	0.70108	0.1653	0.43147	0.77162	0.46216	0.34158	0.43072	0.49172	0.35928	0.44919	0.4626	0.23564	0.4677	0.47987	0.50851	0.28314	0.61974	0.68478	0.63781	0.88093	0.46268	0.0	0.5073	0.31342	0.77876	0.58898	0.54612	0.63674	0.39743	0.36379	0.43787
kiwi	0.52632	0.298	0.64999	0.57157	0.23869	0.8899	0.3363	0.40698	0.44142	0.44955	0.74612	0.82821	0.59247	0.66024	0.28777	0.57221	0.38504	0.45636	0.35232	0.60857	0.50137	1.0	0.4227	0.21776	0.72979	0.23469	0.31428	0.53643	0.73816	0.82763	0.32638	0.42671	0.46156	0.85256	0.463	0.38038	0.55247	0.37178	0.63975	0.64175	0.65423	0.62768	0.15864	0.46428	0.31703	0.58326	0.13857	0.52414	0.36476	0.51342	0.28151	0.53257	0.02885	0.47641	0.45525	0.67167	0.86078	0.46962	0.66118	0.50159	0.43857	0.55294	0.64834	0.63984	0.43541	0.38187	0.28098	0.55291	0.59622	0.46418	0.10119	0.21517	0.15751	0.82293	0.09778	0.3066	0.65832	0.22298	0.77338	0.58415	0.58272	0.47124	0.47633	0.40109	0.67124	0.35244	0.60163	0.54382	0.62283	0.43448	0.43194	0.43325	0.53672	0.3794	0.52065	0.80936	0.36831	0.28775	0.39632	0.58134	0.31108	0.82665	0.47732	0.50508	0.76182	0.39775	0.26058	0.39268	0.37556	0.4827	0.39673	0.44586	0.48562	0.6905	0.16045	0.37048	0.49892	0.48984	0.51886	0.45011	0.85011	0.3883	0.6358	0.59833	0.4735	0.35037	0.4878	0.52795	0.65959	0.60508	0.41779	0.38986	0.39308	0.49989	0.62237	0.30704	0.62238	0.64788	0.30004	0.32322	0.14307	0.7103	0.69525	0.30319	0.3728	0.71408	0.55287	0.40639	0.28091	0.55963	0.53663	0.4822	0.06921	0.33068	0.41121	0.72344	0.63189	0.34284	0.7292	0.61998	0.56602	0.48004	0.9984	0.48784	0.43588	0.59584	0.71364	0.42727	0.48155	0.98406	0.60501	0.17004	0.6294	0.53131	0.71154	0.32952	0.71443	0.81741	0.57123	0.70663	0.45051	0.0	0.45818	0.34047	0.22168	0.57887	0.93765	0.50872	0.8741	0.54871	0.75738	0.3596	0.51715	0.36037	0.39507	0.45592	0.37059	0.65151	0.3371	0.7369	0.297	0.50568	0.73744	0.67915	0.47929	0.51287	0.71976	0.43052	0.40687	0.66746	0.69784	0.30624	0.78137	0.4069	0.61067	0.40457	0.91875	0.49172	0.52961	0.73283	0.41063	0.8014	0.63972	0.71387	0.50024	0.29194	0.49977	0.63725	0.97111	0.42906	0.15251	0.84761	0.45372	0.64581	0.65454	0.12689	0.44934	0.26944	0.51046	0.52898	0.5713	0.2057	0.62608	0.08144	0.30831	0.25399	0.91346	0.5404	0.55478	0.91264	0.72767	0.58728	0.35675	0.62927	0.70285	0.47532	0.64848	0.5834	0.27714	0.51964	0.80585	0.26425	0.44087	0.67472	0.32299	0.45428	0.37294	0.36237	0.65866	0.19923	0.56222	0.37611	0.46972	0.73282	0.42945	0.31815	0.46716	0.3936	0.67247	0.82814	0.31372	0.73647	0.30417	0.35727	0.50662	0.4367	0.69981	0.53456	0.33587	0.64703	0.39703	0.47119	0.30819	0.60762	0.38452	0.32356	0.48409	0.47197	0.48022	0.77918	0.11218	0.82071	0.66787	0.2873	0.51163	0.70849	0.63224	0.69054	0.50261	0.43861	0.69552	0.75166	0.41338	0.51252	0.2234	0.60113	0.42596	0.26424	0.36731	0.4461	0.55425	0.54435	0.20211	0.64685	0.54629	0.40392	0.26762	0.40928	0.57921	0.16761	0.80512	0.35726	0.48724	0.45023	0.37935	0.2806	0.5508	0.51314	0.74906	0.56071	0.7128	0.14397	0.28392	0.48202	0.29391	0.31791	0.33057	0.58736	0.42066	0.22094	0.68655	0.49629	0.51454	0.566	0.35169	0.48491	0.51832	0.50074	0.20056	0.12745	0.65849	0.64901	0.38366	0.10558	0.64627	0.54118	0.77817	0.6618	0.38043	0.48517	0.47947	0.60792	0.0	0.62998	0.18315	0.47766	0.38117	1.0	0.4869	0.55333	0.45381	0.28579	0.87064	0.4287	0.63899	0.61945	0.6082	0.55502	0.15031	0.63857	0.61039	0.71885	0.34051	0.55007	0.23685	0.77083	0.12583	0.53308	0.33802	0.32897
koala	0.31681	0.56687	0.80845	0.53297	0.68298	0.29005	0.59299	0.37253	0.64008	0.38858	0.58026	0.45804	0.35733	0.54003	0.49385	0.49519	0.46742	0.64977	0.32826	0.47372	0.23339	0.26675	0.46713	0.33476	0.3266	0.57028	0.52121	0.52122	0.86207	0.58282	0.43224	0.50968	0.54732	0.81199	0.50509	0.25136	0.36792	0.39449	0.68758	0.54098	0.62781	0.55981	0.46556	0.5028	0.44797	0.19313	0.32318	0.49669	0.2151	0.38732	0.32641	0.49578	0.14006	0.38614	0.66591	0.45692	0.38042	0.38434	0.49219	0.74299	0.52846	0.5486	0.62393	0.39498	0.56184	0.53485	0.12733	0.30977	0.60484	0.59131	0.53994	0.48589	0.20968	0.59048	0.48235	0.24022	0.34852	0.11373	0.57203	0.08028	0.59929	0.57233	0.64463	0.38709	0.32453	0.28059	0.62917	0.37443	0.90035	0.47566	0.19553	0.64172	0.61556	0.82777	0.48957	0.77971	0.31744	0.39891	0.50116	0.52837	0.29791	0.72288	0.55657	0.43211	0.42158	0.62451	0.0	0.59025	0.6823	0.44759	0.47091	0.68906	0.42758	0.86402	0.3636	0.20489	0.44083	0.56024	0.37475	0.53176	0.58831	0.19528	0.44912	0.65479	0.30586	0.69582	0.80096	0.28924	0.58077	0.761	0.56254	0.49997	0.65424	0.54379	0.38705	0.41239	0.46058	0.33689	0.70733	0.81142	0.53445	0.17063	0.71508	0.56587	0.47551	0.38141	0.27393	0.59329	0.44204	0.55876	0.58035	0.75426	0.23203	0.44207	0.0	0.53476	0.43036	0.49089	0.56288	0.32041	0.58913	0.41796	0.63572	0.29605	0.31959	0.45554	0.67462	0.84028	0.34888	0.34411	0.6476	0.5444	0.37128	0.59708	0.71215	0.56809	0.68527	0.51108	0.45822	0.72769	0.44426	0.13828	0.48849	0.281	0.77404	0.48789	0.52869	0.32819	0.22237	0.76713	0.56853	0.26059	0.32921	0.36176	0.56969	0.74208	0.45428	0.50869	0.396	0.53657	0.24504	0.68159	0.27876	0.3792	0.59338	0.56912	0.60905	0.36867	0.71331	0.66309	0.54896	0.54657	0.40222	0.37572	0.38978	0.45767	0.54741	0.44558	0.5139	0.32951	0.50077	0.29918	0.68709	0.87151	0.54821	0.13436	0.93183	0.39771	0.80621	0.28045	0.67357	0.62284	0.68797	0.20713	0.59596	0.60729	0.73019	0.44365	0.68323	0.36741	0.42773	0.24825	0.75744	0.4455	0.42417	0.57649	0.7637	0.35903	0.62335	0.45955	0.54126	0.76634	0.5195	0.58953	0.58386	0.46701	0.32154	0.78524	0.39747	0.67517	0.52066	0.45478	0.79504	0.73231	0.31477	0.67414	0.5393	0.58374	0.76271	0.52589	0.6607	0.45473	0.42577	0.60356	0.60664	0.44502	0.64805	0.40389	0.47331	0.8594	0.52172	0.57069	0.38219	0.39072	0.37356	0.43656	0.68769	0.43062	0.28898	0.49657	0.46744	0.57549	0.48164	0.56121	0.73746	0.68524	0.64397	0.66077	0.31698	0.16369	0.46685	0.58214	0.58984	0.43552	0.50394	0.402	0.45021	0.4032	0.43963	0.61059	0.39446	0.64188	0.68195	0.78314	0.47333	0.22375	0.38445	0.32676	0.31432	0.72291	0.24711	0.50307	0.67013	0.48827	0.35271	0.69194	0.5752	0.58892	0.44009	0.34145	0.58799	0.56674	0.37669	0.78945	0.64762	0.34184	0.53713	0.22663	0.25291	0.45197	0.62065	0.36954	0.50443	0.25661	0.70275	0.6929	0.3294	0.63418	0.53104	0.44722	0.47317	0.10222	0.25733	0.62831	0.74893	0.55467	0.44524	0.36554	0.41088	0.52523	0.43129	0.72669	0.63435	0.68063	0.66668	0.48194	0.47384	0.34993	0.64482	0.58356	0.61265	0.22046	0.67878	0.49767	0.4321	0.32875	0.62965	0.60987	0.73803	0.40379	0.31208	0.51167	0.57684	0.33135	0.11375	0.58844	0.7956	0.75602	0.37228	0.45514	0.40311	0.46956	0.56824	0.49562	0.54063	0.50999	0.42345	0.60314	0.28376	0.4244
ladybug	0.54593	0.17754	0.49954	0.42034	0.59865	0.56869	0.71692	0.4023	0.54524	0.43722	0.74921	0.01989	0.9135	0.50373	0.36662	0.42261	0.48517	0.40222	0.39665	0.39201	0.40248	0.45175	0.6177	0.69812	0.28872	0.52831	0.47963	0.25388	0.52945	0.65317	0.40411	0.36769	0.41995	0.52325	0.54685	0.3374	0.23899	0.32075	0.3367	0.52715	0.44738	0.10493	0.72976	0.53976	0.2831	0.11321	0.38046	0.28884	0.52118	0.68205	0.24322	0.70185	0.60849	0.4959	0.50231	0.36037	0.81837	0.06949	0.36781	0.67943	0.40802	0.3266	0.4169	0.63221	1.0	0.37755	0.49912	0.51398	0.41198	0.3941	0.83768	0.55477	0.51407	0.85349	0.6579	0.2373	0.49617	0.53181	0.88019	0.45225	0.49324	0.66581	0.44551	0.67011	0.05327	0.36339	0.68191	0.56555	0.80487	0.27847	0.19138	0.82788	0.47337	0.77673	0.42395	0.56997	0.23138	0.40109	0.3588	0.32899	0.37344	0.50498	0.99454	0.4144	0.55911	0.13867	0.4324	0.23165	0.53116	0.48074	0.40423	0.75304	0.52825	0.59471	0.66242	0.33968	0.49884	0.9811	0.63426	0.48253	0.36709	0.2767	0.42366	0.75603	0.34922	0.73831	0.46906	0.57783	0.63916	0.66988	0.52816	0.37012	0.26445	0.75764	0.46821	0.37346	0.65002	0.4988	0.50706	0.48219	0.75617	0.09	0.66276	0.56265	0.34914	0.47752	0.32696	0.8141	0.42408	0.44403	0.52452	0.82491	0.42548	0.59449	0.73794	0.35064	0.66269	0.53471	0.6144	0.58296	0.4439	0.50927	0.67882	0.51336	0.36138	0.80551	0.64755	0.85605	0.58745	0.42377	0.40189	0.54204	0.58809	0.60885	0.70202	0.57819	0.4915	0.43794	0.5219	0.21637	0.52551	0.21105	0.62794	1.0	0.76501	0.44649	0.33328	0.32505	0.48103	0.41863	0.47524	0.42709	0.41468	0.14648	0.63239	0.54839	0.23228	0.36289	0.41021	0.11526	0.69302	0.50211	0.3073	0.21721	0.73368	0.82209	0.61828	0.36074	0.83172	0.48911	0.73226	0.38459	0.67973	0.45299	0.57351	0.30132	0.64598	0.63635	0.49042	0.46494	0.30653	0.25014	0.08103	0.70604	0.5439	0.60296	0.46543	0.45694	0.60014	0.50221	0.27576	0.67703	0.44313	0.2922	0.67558	0.4493	0.60423	0.5892	0.54621	0.41264	0.59359	0.36546	0.69819	0.66829	0.67828	0.3368	0.62796	0.26124	0.43722	0.54514	0.51753	0.49428	0.40857	0.70201	0.01616	0.31328	0.56616	0.54534	0.60403	0.43681	0.39258	0.3037	0.3895	0.70108	0.28772	0.37118	0.22168	0.78394	0.95364	0.55149	0.86223	0.55993	0.63857	0.59213	0.27375	0.11631	0.43108	0.28816	0.41812	0.40585	0.55523	0.49784	0.55375	0.65439	0.3498	0.32091	0.44805	0.43116	0.21288	0.57732	0.36756	0.67853	0.40802	0.66804	0.58744	0.41615	0.48191	0.41671	0.34323	0.34562	0.23591	0.49306	0.48267	0.41291	0.51084	0.51942	0.64077	0.14325	0.53255	0.79948	0.52314	0.67878	0.60325	0.32114	0.44891	0.66943	0.58933	0.39741	0.18681	0.70732	0.87084	0.37955	0.50349	0.57314	0.31641	0.44561	0.19549	0.41083	0.45105	0.44731	0.59252	0.44104	0.4669	0.4818	0.54163	0.81249	0.06558	0.30694	0.48519	0.39819	0.21632	0.48242	0.6894	0.45132	0.42519	0.58807	0.49445	0.83152	0.68558	0.30801	0.59439	0.26481	0.73293	0.24592	0.82552	0.59104	0.41055	0.69454	0.46594	0.56139	0.37132	0.51365	0.72358	0.87842	0.55718	0.23838	0.78119	0.26733	0.22425	0.78595	0.58111	0.42729	0.67769	0.54934	0.29373	0.62944	0.74779	0.4721	0.68835	0.38528	0.56807	0.72135	0.65626	0.74468	0.42248	0.7555	0.41816	0.67647	0.70226	0.40489	0.33311	0.52505	0.49972	0.15268	0.60982	0.51926	0.65347	0.438	0.51876	0.47164
lemur	0.41802	0.5286	0.63047	0.64931	0.44457	0.65406	0.52707	0.55842	0.65781	0.70685	0.38411	0.49025	0.55991	0.485	0.2851	0.60022	0.51334	0.76213	0.4983	0.42863	0.40862	0.57468	0.32801	0.31286	0.31186	0.16764	0.26686	0.80717	0.45113	0.50697	0.21492	0.36534	0.1861	0.79726	0.46065	0.46435	0.36496	0.27971	0.54024	0.51264	0.51486	0.69332	0.75244	0.60831	0.17227	0.34321	0.31862	0.39995	0.60744	0.49168	0.58813	0.62026	0.54123	0.49174	0.46745	0.36484	0.87607	0.28906	0.29064	0.40876	0.46988	0.69531	0.46163	0.61772	0.60568	0.44027	0.20358	0.55158	0.64377	0.57576	0.34706	0.44672	0.55671	0.59706	0.78841	0.29635	0.57299	0.69966	0.35995	0.44582	0.41494	0.82269	0.51847	0.23658	0.49839	0.28994	0.64323	0.53152	0.68204	0.4209	0.41545	0.88601	0.37182	0.60912	0.03721	0.36569	0.16676	0.52021	0.48623	0.72215	0.26693	0.60181	0.89616	0.45345	0.54589	0.36289	0.37104	0.59857	0.76407	0.36004	0.50949	0.37125	0.44688	0.60233	0.35597	0.28719	0.50043	0.58906	0.39965	0.49691	0.6994	0.48706	0.05986	0.93971	0.2154	0.73744	0.37952	0.84513	0.43362	0.60567	0.26459	0.51601	0.0	0.52451	0.17004	0.44514	0.58586	0.56416	0.57549	0.52868	0.50527	0.61621	1.0	0.31509	0.56055	0.35643	0.53548	0.44226	0.5274	0.47923	0.42652	0.77347	0.65406	0.55071	0.64267	0.29475	0.8701	0.55401	0.64759	0.22607	0.72471	0.83409	0.23094	0.39412	0.67247	0.30316	0.46366	0.62699	0.54338	0.5424	0.49876	0.65885	0.43063	0.77914	0.88574	0.59773	0.45218	0.26937	0.59292	0.18248	0.6434	0.14488	0.60423	0.37006	0.44276	0.59213	0.36589	0.16687	0.53411	0.39128	0.61256	0.24278	0.57848	0.23294	0.47178	0.58895	0.02173	0.33808	0.34526	0.26621	0.214	0.6112	0.68931	0.51225	0.69709	0.65543	0.74223	0.59141	0.42192	0.4638	0.24863	0.32994	0.80354	0.51007	0.73207	0.8024	0.64341	0.82462	0.26573	0.62037	0.47571	0.0969	0.7377	0.90207	0.60422	0.44619	0.46681	0.33617	0.59555	0.42132	0.34886	0.30678	0.60575	0.48586	0.44257	0.24781	0.33212	0.3774	0.6074	0.38829	0.8568	0.32393	0.59152	0.36048	0.35583	0.02985	0.8278	0.50418	0.22134	0.54582	0.34394	0.6265	0.34027	0.60054	0.45831	0.30952	0.63386	0.5128	0.77843	0.48447	0.33666	0.52027	0.27835	0.68961	0.53083	0.5392	0.21245	0.63385	0.70636	0.58049	0.73308	0.64268	0.67256	0.29408	0.27121	0.24001	0.55871	0.5326	0.53725	0.55638	0.41856	0.55145	0.3151	0.29605	0.61462	0.21353	0.64091	0.32158	0.51497	0.47143	0.58966	0.40997	0.59644	0.43314	0.59539	0.19317	0.47791	0.54096	0.16182	0.53588	0.3246	0.25679	0.55853	0.57359	0.41989	0.51487	0.23758	0.52337	0.43364	0.60182	0.2139	0.65906	0.56528	0.46723	0.46878	0.4619	0.58886	0.43941	0.28822	0.54619	0.57724	0.49478	0.3805	0.88712	0.48281	0.53344	0.47333	0.6085	0.32962	0.64319	0.92558	0.71189	0.41612	0.45892	0.53388	0.70131	0.5679	0.6012	0.85069	0.44819	0.5691	0.66149	0.61102	0.6358	0.82377	0.60816	0.46822	0.20233	0.71651	0.76672	0.15148	0.29681	0.52172	0.77193	0.7848	0.5064	0.53341	0.27184	0.03284	0.27319	0.35623	0.5175	0.79214	0.75993	0.50926	0.46605	0.50059	0.43565	0.36245	0.68213	0.94771	0.42326	0.56596	0.54306	0.56077	0.58803	0.68986	0.80614	0.51624	0.58809	0.35118	0.36798	1.0	0.46702	0.25807	0.89368	0.43042	0.54116	0.99743	0.43938	0.05922	0.40482	0.62806	0.01951	0.66793	0.46909	0.29884	0.42166	0.49411	0.37179
lemming	0.60777	0.26494	0.50485	0.55928	0.82702	0.46667	0.64587	0.50719	0.58359	0.60531	0.76015	0.43564	0.38475	0.34343	0.5029	0.13185	0.30329	0.61158	0.37919	0.26125	0.31374	0.76652	0.7091	0.18725	0.37722	0.59237	0.27832	0.54844	0.52126	0.51954	0.63388	0.31605	0.86624	0.61942	0.64628	0.8451	0.55501	0.36918	0.76432	0.36032	0.94543	0.30964	1.0	0.17829	0.77278	0.19998	0.49133	0.67673	0.47564	0.45935	0.41783	0.29891	0.21677	0.34075	0.34701	0.45862	0.6581	0.44068	0.41847	0.53341	0.43245	0.45515	0.65154	0.45955	0.45001	0.43475	0.60459	0.59891	0.52546	0.60821	0.48341	0.19085	0.5478	0.64753	0.2326	0.60407	0.6051	0.66004	0.29161	0.48213	0.60639	0.35403	0.86866	0.37344	0.61092	0.65278	0.76587	0.55486	0.65794	0.42949	0.5359	0.34833	0.68479	0.54083	0.56714	0.6713	0.40036	0.48877	0.45652	0.2209	0.31292	0.38855	0.52444	0.31116	0.52048	0.55317	0.24361	0.65117	0.33047	0.34265	0.4558	0.62878	0.34205	0.61361	0.43253	0.32499	0.88146	0.26667	0.44176	0.65552	0.38333	0.50184	0.20919	0.29772	0.36231	0.46191	0.60803	0.32037	0.52535	0.66971	0.26727	0.70788	0.28184	0.80886	0.77282	0.42287	0.66447	0.36676	0.7738	0.54342	0.35392	0.40043	0.62435	0.52779	0.50496	0.363	0.27532	0.71214	0.63875	0.47029	0.75666	0.75107	0.3501	0.21168	0.40551	0.26616	0.37453	0.4141	0.52175	0.26925	0.56252	0.33996	0.49548	0.39559	0.47621	0.37788	0.64285	0.63138	0.48685	0.75962	0.5783	0.26763	0.46951	0.83292	0.48735	0.41706	0.59485	0.2506	0.46201	0.58485	0.36847	0.52594	0.71073	0.50619	0.62358	0.14868	0.10214	0.62214	0.63253	0.55372	0.16366	0.11156	0.31498	0.3818	0.36345	0.3961	0.40587	0.7314	0.49681	0.34923	0.54282	0.62498	0.66405	0.68912	0.64827	0.88965	0.55733	0.64204	0.47541	0.85378	0.3203	0.44681	0.50467	0.38217	0.40962	0.8559	0.3075	0.61476	0.44596	0.38417	0.61228	0.28103	0.30016	0.65559	0.34853	0.39959	0.3637	0.17829	0.68597	0.46609	0.84392	0.59655	0.62233	0.54013	0.43475	0.53794	0.34755	0.70523	0.77188	0.57138	0.69177	0.93015	0.85368	0.28766	0.77026	0.37935	0.54481	0.46356	0.60842	0.56118	0.58827	0.55943	0.54081	0.63089	0.54936	0.58129	0.27337	0.53015	0.44449	0.53699	0.57971	0.4104	0.29886	0.331	0.62915	0.42677	0.86309	0.45911	0.30333	0.74576	0.69875	0.62244	0.61082	0.54911	0.34961	0.5772	0.53561	0.4057	0.3618	0.69601	0.47302	0.42899	0.65806	0.39971	0.62813	0.43465	0.49826	0.10199	0.52126	0.33495	0.56313	0.48999	0.38941	0.57764	0.72396	1.0	0.45256	0.66328	0.33396	0.38578	0.89715	0.48768	0.49281	0.5591	0.49292	0.17319	0.73169	0.4377	0.06752	0.62304	0.14554	0.42035	0.5273	0.69482	0.7899	0.33465	0.45681	0.21961	0.80086	0.44595	0.53342	0.54922	0.58691	0.35075	0.60318	0.40163	0.48773	0.4529	0.53397	0.50708	0.78986	0.53598	0.47663	0.35524	0.49537	0.60039	0.3686	0.21835	0.24547	0.23281	0.2279	0.85747	0.44852	0.34026	0.61009	0.54818	0.40098	0.39567	0.46191	0.32454	0.23596	0.35771	0.42608	0.5388	0.65668	0.95483	0.41277	0.62122	0.56677	0.87176	0.25883	0.58633	0.6011	0.59445	0.59308	0.40645	0.44846	0.37201	0.45696	0.73174	0.21507	0.43424	0.79437	0.53281	0.51301	0.5634	0.57305	0.02258	0.67214	0.19079	0.13078	0.35334	0.27609	0.52982	0.19491	0.50867	0.30112	0.43809	0.40502	0.27247	0.4151	0.37604	0.57544	0.61419	0.8142	0.69557	0.58341	0.3843	0.37172	0.43386
leopard	0.58883	0.89401	0.37178	0.93183	0.80227	0.09272	0.54777	0.58315	0.43704	0.58248	0.27504	0.63837	0.47181	0.28266	0.52083	0.55526	0.52243	0.58766	0.47754	0.41826	0.64489	0.71218	0.67536	0.52785	0.26756	0.51809	0.38827	0.67922	0.72301	0.55753	0.69936	0.51052	0.81766	0.72709	0.4638	0.96698	0.16518	0.0	0.45365	0.53762	0.70047	0.14814	0.66079	0.77609	0.72399	0.43182	0.65364	0.58998	0.13856	0.50435	0.2531	0.58423	0.35705	0.4987	0.50801	0.29517	0.42549	0.34316	0.26878	0.43038	0.47366	0.05852	1.0	0.44863	0.86604	0.46792	0.39978	0.27415	0.65066	0.78394	0.00395	0.54918	0.67037	0.769	0.73006	0.42334	0.57646	0.43004	0.66879	0.47686	0.58214	0.21646	0.59936	0.43285	0.22803	0.33489	0.73404	0.34832	0.70651	0.44282	0.43984	0.33873	0.28717	0.71547	0.39628	0.35822	0.34	0.58652	0.67699	0.37301	0.54059	0.29521	0.30529	0.43305	0.36567	0.42205	0.39781	0.43982	0.44232	0.23125	0.90384	1.0	0.25356	0.54151	0.74624	0.26272	0.66202	0.42446	0.47147	0.60762	0.53822	0.28289	0.26881	0.37654	0.46986	0.33166	0.76198	0.34339	0.54584	0.61289	0.18088	0.37743	0.38692	0.55032	0.48967	0.52433	0.46021	0.30096	0.84342	0.45009	0.45577	0.29917	0.51579	0.69194	0.58862	0.38898	0.57021	0.60771	0.55918	0.55082	0.64981	0.42017	0.20878	0.34847	0.32045	0.17392	0.28121	0.33711	0.57878	0.34613	0.54583	0.58163	0.35548	0.7648	0.87533	0.56207	0.6612	0.80896	0.56025	0.19787	0.3284	0.30953	0.53487	0.68705	0.29537	0.59869	0.70871	0.46541	0.44242	0.22396	0.48062	0.20377	0.4304	0.44743	0.66395	0.48973	0.65235	0.38276	0.76772	0.59212	0.46001	0.03201	0.48466	0.51486	0.664	0.65705	0.39091	0.55827	0.43518	0.19632	0.27182	0.65758	0.74849	0.3808	0.77099	0.56531	0.66808	0.5258	0.59856	0.33155	0.60623	0.49162	0.39549	0.52659	0.1053	0.33622	0.49666	0.61892	0.48983	0.73917	0.66247	0.03992	0.04017	0.52133	0.83952	0.0	0.53294	0.44667	0.79982	0.27551	0.47419	0.70972	0.64394	0.74123	0.37591	0.3689	0.67477	0.60669	0.95611	0.60499	0.55393	0.39686	0.59808	0.33995	0.7876	0.23629	0.57648	0.10568	0.49266	0.30653	0.38163	0.60328	0.30037	0.46754	0.16058	0.40024	0.39129	0.40189	0.27674	0.7	0.49711	0.58709	0.62512	0.74397	0.3957	0.4629	0.41221	0.62851	0.63635	0.30089	0.36971	0.74356	0.3497	0.72052	0.49262	0.93009	0.56815	0.70841	0.66875	0.4443	0.39613	0.70725	0.34241	0.48223	0.94267	0.55897	0.50079	0.37492	0.38016	0.66115	0.5397	0.59832	0.35407	0.89778	0.4832	0.5142	0.34343	0.55307	0.39608	0.11583	0.41358	0.65762	0.42266	0.49053	0.69692	0.53285	0.53364	0.23657	0.61062	0.66431	0.33818	0.58614	0.52897	0.36131	0.56522	0.56208	0.52075	0.2201	0.33855	0.55872	0.56652	0.36182	0.89956	0.5403	0.36345	0.3928	0.50031	0.5662	0.73255	0.34327	0.4398	0.47812	0.56719	0.39924	0.42749	0.81812	0.55909	0.08613	0.23718	0.52345	0.52269	0.42556	0.43358	0.54969	0.67255	0.56967	0.69071	0.48561	0.16176	0.26264	1.0	0.60005	0.37382	0.64934	0.37134	0.56585	0.68601	0.60155	0.60504	0.23193	0.72536	0.41759	0.77144	0.52547	0.65901	0.51104	0.35821	0.46621	0.35118	0.65104	0.45645	0.48752	0.56352	0.49275	0.31318	0.31257	0.56888	0.41832	0.46913	0.39571	0.40177	0.33962	0.58474	0.43893	0.55354	0.60953	0.54282	0.68763	0.52375	0.2632	0.84412	0.40901	0.58163	0.44631	0.62446	0.73182	0.45547	0.46433	0.30103	0.36544
lion	0.41411	0.59341	0.87252	0.76585	0.36918	0.67767	0.074	0.59637	0.54566	0.39654	0.91311	0.61553	0.44657	0.19122	0.39819	0.87394	0.29914	0.66556	0.22953	0.60809	0.72828	0.40625	0.59871	0.2176	0.53073	0.32625	0.42158	0.60227	0.64919	0.70937	0.54791	0.41417	0.74352	0.90979	0.53221	0.38508	0.49321	0.30879	0.29742	0.18794	0.50739	0.71817	0.69111	0.70122	0.02509	0.39897	0.51514	0.59916	0.88507	0.52218	0.33327	0.5041	0.54221	0.39672	0.31816	0.26902	0.54447	0.41536	0.24567	0.6937	0.33266	0.63626	0.49539	0.78668	0.56397	0.13429	0.35697	0.62779	0.38743	0.63818	0.81436	0.84448	0.77473	0.72297	0.27844	0.55282	0.4037	0.38849	0.66931	0.38795	0.53778	0.37701	0.23007	0.47988	0.59856	0.67092	0.5474	0.38036	0.52379	0.51924	0.38831	0.57738	0.84062	0.31845	0.32488	0.50066	0.34602	0.53854	0.51845	0.14997	0.48882	0.65662	0.5027	0.53814	0.84603	0.39731	0.574	0.63248	0.25942	0.56139	0.71669	0.45639	0.9606	0.04517	0.53452	0.46589	0.13139	0.37196	0.67833	0.39199	0.6394	0.42373	0.27989	0.72426	0.30844	0.53261	0.4403	0.72882	0.58543	0.51007	0.60005	0.63633	0.79528	0.43416	0.42785	0.43393	0.80144	0.48726	0.98183	0.34458	0.52971	0.43014	0.38588	0.71847	0.48992	0.40879	0.5322	0.46598	0.53563	0.60654	0.50231	0.26258	0.18355	0.76047	0.38847	0.57063	0.71123	0.25618	0.72322	0.85375	0.41101	0.666	0.85837	0.2936	0.6609	0.35748	0.52208	0.52582	0.60178	0.0	0.33302	0.2501	0.5503	0.67937	0.13912	0.35676	0.66608	0.62153	0.44567	0.67951	0.63006	0.14896	0.43738	0.45264	0.31294	0.19251	0.57901	0.22091	0.58576	0.66183	0.486	0.45985	0.17596	0.37391	0.53995	0.83984	0.47111	0.56815	0.4588	0.32951	0.58362	0.61912	0.6822	0.47118	0.1636	0.52629	0.4411	0.51678	0.72967	0.38337	0.66138	0.34952	0.55351	0.47553	0.58979	0.18005	0.36925	0.3797	0.4133	0.38592	0.15918	0.51171	0.54022	0.78961	0.72243	0.38921	0.42938	0.46974	0.72035	0.58196	0.34733	0.35656	0.52318	0.6648	0.49171	0.36196	0.55105	0.36761	0.28666	0.23838	0.79389	0.31805	0.42373	0.38692	0.61352	0.82353	0.42167	0.46638	0.75612	0.73427	0.36578	0.46219	0.49963	0.77087	0.40916	0.36734	0.3223	0.75921	0.57617	0.55413	0.28388	0.35736	0.45374	0.36618	0.6974	0.57373	0.29136	0.58017	0.70446	0.56688	0.3989	0.46151	0.51167	0.13542	0.38239	0.63114	0.86004	0.74842	0.73846	0.64632	0.17865	0.54096	0.7414	0.23444	0.50035	0.49083	0.5779	0.65992	0.38589	0.27108	0.73862	0.0	0.38751	0.67084	0.7484	0.40627	0.65903	0.47583	0.73401	0.41762	0.48488	0.99033	0.96647	0.74541	0.618	0.50834	0.72172	0.3026	0.43471	0.5081	0.7114	0.86329	0.56105	0.59015	0.2096	0.5729	0.29682	0.57361	0.4107	0.36809	0.22426	0.5136	0.03746	0.54367	0.44935	0.4041	0.45804	0.44705	0.1325	0.24663	0.71905	0.84028	0.28473	0.53942	0.34857	0.66973	0.51828	0.55128	0.52208	0.54894	0.56963	0.55657	0.46988	0.32152	0.19815	0.33086	0.15314	0.46457	0.45338	0.62252	0.36141	0.22256	0.43202	0.65512	0.93581	0.49484	0.42811	0.58862	0.6826	0.80647	0.31937	0.43863	0.52893	0.38468	0.62069	0.3441	0.3692	0.33627	0.30044	0.23393	0.88766	0.37944	0.41703	0.81057	0.50386	0.54278	0.42606	0.82632	0.42777	0.28794	0.34951	0.76433	0.56824	0.4383	0.41002	0.44166	0.38943	0.47261	0.3211	0.38085	0.62859	0.82342	0.68874	0.39302	0.48751	0.51567	0.22594	0.29689	0.56055	0.24008
lizard	0.63957	0.62328	0.93349	0.5139	0.48672	0.91073	0.45689	0.83809	0.5702	0.46718	0.78578	0.6968	0.88029	0.1949	0.5862	0.48797	0.61529	0.27554	0.31506	0.35501	0.67959	0.47775	0.3418	0.33627	0.56843	0.6915	0.72374	0.32015	0.48489	0.56276	0.73948	0.24419	0.75113	0.6369	0.58292	0.33718	0.54096	0.25636	0.25154	0.37053	0.80501	0.57639	0.59511	0.36869	0.2705	0.40073	0.5492	0.56487	0.45991	0.65329	0.15973	0.34379	0.38445	0.31534	0.53544	0.47877	0.36497	0.07927	0.13154	0.42285	0.44103	0.79966	0.62253	0.57635	0.79994	0.43053	0.42352	0.70325	0.75594	0.62227	0.71409	0.7004	0.44729	0.31974	0.62171	0.50065	0.57925	0.56294	0.70131	0.31303	0.38657	0.42566	0.37631	0.58016	0.40685	0.61385	0.42166	0.52594	0.44293	0.53206	0.28992	0.17192	0.24388	0.44173	0.3626	0.52051	0.30621	0.6665	0.29581	0.41965	0.65439	0.38241	0.61824	0.70551	0.70675	0.76385	0.40875	0.38986	0.18949	0.49485	0.75487	0.54791	0.43919	0.39095	0.81967	0.69553	0.33424	0.38158	0.57971	0.66064	0.18963	0.5567	0.4429	0.49864	0.62071	0.16954	0.49399	0.36939	0.65697	0.14931	0.54961	0.52409	0.63806	0.65062	0.44634	0.75572	0.5021	0.68517	0.7991	0.494	1.0	0.66684	0.58021	0.52206	0.41919	0.37856	0.32432	0.54871	0.4277	0.40291	0.3344	0.14601	0.51285	0.43015	0.54028	0.68107	0.63555	0.41697	0.47702	0.63174	0.70698	0.34333	0.78061	0.19182	0.20917	0.5846	0.55626	0.39648	0.55927	0.2535	0.50663	0.50455	0.26468	0.49305	0.67103	0.25498	0.48078	0.68541	0.41753	0.29397	0.3666	0.04611	0.5944	0.52199	0.37488	0.22303	0.42252	0.13798	0.92202	0.87621	0.51004	0.59971	0.67115	0.12339	0.71342	0.75936	0.48619	0.21252	0.36442	0.3418	0.69747	0.44511	0.38603	0.48471	0.47265	0.40219	0.41257	0.68865	0.67708	0.35562	0.73885	0.11303	0.63361	0.50154	0.32417	0.60714	0.42344	0.41525	0.24914	0.42661	0.27744	0.30922	0.4946	0.94422	0.59933	0.82673	0.51183	0.37598	0.51115	0.75467	0.38576	0.5232	0.4694	0.69097	0.7061	0.53175	0.68306	0.42667	0.29694	0.31406	0.86465	0.42592	0.52506	0.65781	0.88478	0.14763	0.49633	0.57273	0.46565	0.22028	0.45605	0.44572	0.54571	0.87086	0.68484	0.38995	0.14296	0.76671	0.34997	0.56582	0.28186	0.26167	0.36308	0.34218	0.57054	0.10101	0.59478	0.48857	0.48613	0.9043	0.30894	0.24826	0.68625	0.43546	0.33084	0.20357	0.93868	0.86781	0.69568	0.78469	0.45399	0.41243	0.61393	0.38527	0.61631	0.32074	0.69936	0.49829	0.39424	0.29451	0.85336	0.56628	0.6442	0.56964	0.116	0.73166	0.44635	0.34726	0.83736	0.44984	0.54048	0.7635	0.88488	0.17782	0.4903	0.26232	0.36179	0.51099	0.41423	0.50288	0.34178	0.79339	0.6779	0.55423	0.39889	0.63221	0.35955	0.61287	0.55366	0.32291	0.1723	0.25785	0.23757	0.64509	0.47404	0.70754	0.56516	0.49392	0.48004	0.48847	0.55023	0.47766	0.25208	0.45017	0.66266	0.65832	0.62082	0.57071	0.68664	0.72619	0.3839	0.56199	0.5733	0.29986	0.35184	0.33895	0.176	0.50545	0.90325	0.32474	0.04513	0.41705	0.29356	0.63361	0.53118	0.50688	0.35943	0.40156	0.48939	0.4296	0.62622	0.26702	0.24362	0.50828	0.69834	0.45861	0.55059	0.58898	0.18413	0.42307	0.68558	0.45256	0.43166	0.54401	0.26702	0.53028	0.63574	0.5627	0.69179	0.47205	0.52667	0.67462	0.70577	0.82761	0.45282	0.56407	0.35423	0.53174	0.19796	0.564	0.34512	0.66121	0.35505	0.73086	0.31782	0.50165	0.7964	0.37402	0.42034	0.4391
llama	0.68888	0.50814	0.5781	0.50926	0.53442	0.44296	0.44475	0.44258	0.65508	0.62673	0.73719	0.36872	0.63677	0.58194	0.64982	0.54314	0.48262	0.82822	0.47366	0.28903	0.22694	0.56288	0.03916	0.52619	0.08751	0.20728	0.17649	0.47256	0.67534	0.60886	0.5782	0.35816	0.97205	0.59848	0.38169	0.34065	0.47389	0.31207	0.64858	0.16264	0.56023	0.36517	0.65041	0.86441	0.50877	0.53656	0.76539	0.77724	0.06535	0.24911	0.24164	0.53262	0.35642	0.54631	0.58213	0.58318	0.44174	0.45345	0.30602	0.37808	0.83684	0.63601	0.05037	0.8664	0.53436	0.50827	0.28321	0.47979	0.54778	0.42805	0.32952	0.50626	0.71964	0.38601	0.19957	0.26802	0.82496	0.49232	0.71646	0.32916	0.66591	0.90544	0.46661	0.43385	0.43294	0.61166	0.3655	0.27213	0.68358	0.41306	0.53333	0.56709	0.4268	0.57525	0.33735	0.63282	0.47337	0.69406	0.38003	0.42998	0.5632	0.32614	0.42593	0.40689	0.47638	0.24586	0.28067	0.49542	0.53718	0.57416	0.29023	0.65461	0.6101	0.57357	0.43425	0.39285	0.42546	0.38266	0.54622	0.71623	0.90465	0.3593	0.57141	1.0	0.67755	0.5495	0.69587	0.15571	0.48546	0.82739	0.47503	0.56812	0.33687	0.56519	0.4508	0.35009	0.61279	0.39956	0.80837	0.4871	0.93698	0.47722	0.61269	0.55939	0.61008	0.23001	0.38769	0.69768	0.15161	0.71563	0.53414	0.42624	0.62395	0.27959	0.66585	0.6801	0.67568	0.54728	0.49065	0.81818	0.41502	0.55301	0.64776	0.55863	0.39918	0.31144	0.68606	0.73554	0.36689	0.52283	0.78933	0.43886	0.35067	0.42458	0.15904	0.46866	0.46076	0.43811	0.63727	0.69083	0.58177	0.29047	0.40977	0.41078	0.63553	0.60763	0.74462	0.28281	0.08958	0.60276	0.59579	0.29655	0.46638	0.76803	0.55927	0.62433	0.11886	0.69499	0.62795	0.50606	0.4157	0.42111	0.97342	0.57191	0.40978	0.7738	0.50705	0.34255	0.60236	0.81545	0.61499	0.26192	0.3592	0.56514	0.56645	0.56837	0.19676	0.74019	0.47235	0.35908	0.47275	0.48154	0.3364	0.451	0.44854	0.46424	0.77786	0.10765	0.49686	0.20521	0.46605	0.65088	0.59966	0.32281	0.8943	0.60625	0.76763	0.66165	0.55175	0.54781	0.64683	0.27821	0.52957	0.1376	0.42846	0.5364	0.66994	0.46367	0.80032	0.27527	0.56939	0.61007	0.51504	0.33703	0.47028	0.21894	0.45844	0.40986	0.42718	0.75423	0.61326	0.29108	0.23439	0.64568	0.42338	0.72734	0.50412	0.45389	0.54012	0.65313	0.17112	0.52422	0.47009	0.37608	0.32453	0.49649	0.67504	0.5698	0.5227	0.38286	0.57841	0.34631	1.0	0.28998	0.7529	0.5541	0.48363	0.33221	0.39047	0.55117	0.61671	0.37921	0.69759	0.51832	0.39169	0.54466	0.25499	0.67765	0.54363	0.16548	0.66495	0.30347	0.27327	0.40012	0.32829	0.23489	0.31802	0.50912	0.79115	0.61087	0.29343	0.5497	0.58785	0.60759	0.63073	0.51168	0.39715	0.16761	0.24955	0.70148	0.20614	0.94862	0.4508	0.55923	0.30414	0.94574	0.3998	0.10887	0.49872	0.33504	0.68167	0.61715	0.29411	0.94592	0.46888	0.62162	0.3844	0.03121	0.31711	0.58956	0.50434	0.62334	0.40704	0.22274	0.46227	0.45898	0.43143	0.329	0.37848	0.36459	0.48739	0.42171	0.49679	0.215	0.5246	0.71593	1.0	0.50467	0.42455	0.32932	0.25193	0.48135	0.76679	0.59225	0.23332	0.22391	0.56692	0.52667	0.81214	0.62877	0.46432	0.30019	0.48746	0.73711	0.66795	0.64451	0.29881	0.37302	0.64856	0.56986	0.29322	0.54561	0.62015	0.5758	0.22059	0.35884	0.53192	0.57039	0.17884	0.36772	0.33523	0.53808	0.37706	0.48275	0.70167	0.73297	0.20179	0.23373	0.72049	0.43521
lobster	0.45869	0.60415	0.31055	0.41609	0.53403	0.2133	0.83333	0.53013	0.09174	0.68165	0.64633	0.09184	0.22748	0.3183	0.84382	0.76128	0.66761	0.28595	0.56202	0.32551	0.35372	0.36375	0.55941	0.57692	0.53464	0.739	0.25728	0.77831	0.68694	0.55907	0.58647	0.48676	0.24176	0.55471	0.49649	0.94394	0.43308	0.56121	0.35286	0.53518	0.69342	0.48372	0.79389	0.62795	0.5323	0.61103	0.35176	0.43228	0.86458	0.47943	0.53344	0.36951	0.37474	0.82327	0.57357	0.53818	0.85129	0.59841	0.45874	0.40053	0.64452	0.67251	0.1926	0.6137	0.37944	0.44616	0.52035	0.43965	0.28752	0.0	0.54673	0.24868	0.54618	0.39722	0.38212	0.47895	0.649	0.38441	0.51169	0.38958	0.45717	0.50212	0.55564	0.49429	0.47787	0.34856	0.46872	0.61269	0.83032	0.53546	0.01521	0.81329	0.4135	0.31021	0.60716	0.42925	0.28043	0.65035	0.66494	0.75186	0.60371	0.46015	0.48946	0.58202	0.37532	0.01927	0.5717	0.50347	0.49818	0.44466	0.75999	0.43482	0.66646	0.26094	0.76954	1.0	0.4336	0.64936	0.1983	0.36648	0.12013	0.41486	0.42727	0.48182	0.32438	0.7675	0.3327	0.14481	0.50342	0.64241	0.49417	0.18974	0.34546	0.17298	0.40421	0.53941	0.63511	0.60334	0.59256	0.69469	0.65193	0.60107	0.60039	0.30055	0.43906	0.43983	0.52547	0.37238	0.30369	0.42303	0.40639	0.6483	0.54106	0.51435	0.91179	0.41035	0.56169	0.55089	0.68048	0.64572	0.41372	0.50619	0.29198	0.82666	0.45896	0.65488	0.82771	0.45351	0.3756	0.15193	0.52673	0.83714	0.03468	0.56067	0.2275	0.82594	0.57035	0.45995	0.72585	0.09543	0.7074	0.22176	0.69479	0.53739	0.74349	0.51972	0.21161	0.55874	0.50611	0.26047	0.57526	0.59017	0.2878	0.2347	0.51729	0.50979	0.39431	0.31527	0.45344	0.37353	0.81298	0.17847	0.70722	0.55063	0.63208	0.59437	0.39981	0.38767	0.47135	0.30045	0.37461	0.49057	0.45606	0.92525	0.45936	0.56953	0.47422	0.56807	0.45091	0.56005	0.32454	0.29897	0.27795	0.34	0.22103	0.56665	0.21808	0.65641	0.64564	0.58796	0.217	0.20496	0.47677	0.45302	0.01216	0.35912	0.35542	0.70675	0.43309	0.49462	0.57636	0.22166	0.79012	0.29143	0.51805	0.53878	0.40497	0.47529	0.52817	0.63024	0.49671	0.17981	0.24742	1.0	0.60304	0.43297	0.53706	0.37796	0.2559	0.6362	0.59898	0.47886	0.83242	0.35342	0.58682	0.70675	0.33916	0.69629	0.87696	0.7783	0.38522	0.39001	1.0	0.30559	0.38219	0.47851	0.45594	0.28263	0.61761	0.25934	0.57363	0.48154	0.14869	0.56952	0.46701	0.46071	0.5757	0.62804	0.4235	0.36202	0.56988	0.58465	0.44054	0.66856	0.46157	0.36798	0.7159	0.55913	0.48418	0.61066	0.45229	0.54652	0.29476	0.31941	0.77946	0.53725	0.11416	0.49638	0.38771	0.47768	0.33036	0.51955	0.50708	0.30454	0.38707	0.64271	0.68573	0.44275	0.09852	0.45222	0.41017	0.61997	0.5289	0.56032	0.70028	0.60089	0.28317	0.46691	0.8191	0.69932	0.54422	0.62932	0.61194	0.4553	0.24203	0.41974	0.54796	0.61645	0.86902	0.33639	0.57612	0.63158	0.95223	0.38675	0.34979	0.52128	0.42165	0.38828	0.34216	0.71022	0.42891	0.58791	0.32963	0.42606	0.90348	0.5882	0.37678	0.7187	0.11297	0.39962	0.66512	0.72373	0.75384	0.42172	0.44149	0.47453	0.68372	0.27272	0.07546	0.52386	0.70912	0.6158	0.58534	0.51745	0.32158	0.71823	0.73003	0.91362	0.60881	0.49646	0.36003	0.52225	0.25169	0.65719	0.26937	0.69082	0.46737	0.54552	0.38267	0.50354	0.32354	0.49327	0.48615	0.25002	0.76646	0.40568	0.88572	0.44085	0.38002	0.43531
louse	0.41132	0.3417	0.71481	0.48597	0.28441	0.72258	0.48995	0.14065	0.50045	0.18022	0.8044	0.43666	0.54986	0.73499	0.35023	0.10379	0.50994	0.40794	0.38992	0.37782	0.52773	0.30805	0.51881	0.33802	0.2662	0.59905	0.30923	0.55228	0.87105	0.94342	0.91957	0.5734	0.58675	0.72767	0.5321	0.82964	0.51482	0.58184	0.60546	0.42642	0.71746	0.66032	0.16796	0.80109	0.42629	0.42865	0.42747	0.77187	0.91391	0.65173	0.29013	0.62852	0.43223	0.63119	0.58432	0.54754	0.49884	0.20186	0.49128	0.04519	0.53214	0.42061	0.70467	0.75729	0.70589	0.28683	0.48473	0.72155	0.57589	0.67683	0.61215	0.44289	0.23494	0.50911	0.2369	0.74521	0.21462	0.21562	0.49806	0.50883	0.74128	0.47322	0.24429	0.33683	0.43962	0.51139	0.24373	0.07047	0.47351	0.72282	0.41116	0.38663	0.40066	0.35563	0.39586	0.46508	0.37755	0.52378	0.30487	0.37388	0.51868	0.8602	0.64518	0.58513	0.67088	0.71059	0.17869	0.95214	0.41627	0.40282	0.75518	0.57016	0.46472	0.72109	0.42559	0.62564	0.56747	0.5778	0.35204	0.3365	0.43938	0.70655	0.20633	0.52115	0.32173	0.37322	0.53757	0.19313	0.65694	0.45926	1.0	0.46342	0.64243	0.5008	0.73671	0.84872	0.48335	0.68956	0.37532	0.66112	0.43849	0.85139	0.38773	0.25834	0.18012	0.73691	0.26777	0.86078	0.37377	0.18838	0.80709	0.97707	0.48785	0.58495	0.40981	0.54117	0.57554	0.36842	0.40916	0.35441	0.43091	0.38577	0.53701	0.40026	0.45536	0.74297	0.51211	0.50456	0.56318	0.45076	0.554	0.24949	0.49281	0.66187	0.44211	0.0	0.39955	0.94301	0.80204	0.75061	0.51946	0.34383	0.28177	0.62867	0.44637	0.60891	0.40393	0.34045	0.76031	0.672	0.65954	0.33761	0.0724	0.17397	0.8394	0.52294	0.78247	0.43897	0.4425	0.42152	0.39275	0.36061	0.6232	0.81924	0.62913	0.58086	0.65179	0.67756	0.31783	0.38992	0.63677	0.51539	0.55159	0.46726	0.58762	0.48944	0.7756	0.18144	0.53589	0.68363	0.38116	0.37291	0.75724	0.71547	0.45903	0.51133	0.19223	0.38009	0.94176	0.51872	0.75636	0.71656	0.48835	0.74214	0.56551	0.43584	0.47504	0.60238	0.62404	0.64194	0.35501	0.60383	0.57026	0.62079	0.59647	0.39763	0.51701	0.09722	0.53672	0.29981	0.09078	0.71393	0.68023	0.32544	0.48637	0.39478	0.35782	0.53188	0.57695	0.43632	0.51525	0.33191	0.57793	0.44443	0.58035	0.41226	0.21899	0.24438	0.78638	0.67204	0.16401	0.47832	0.64777	0.44988	0.54709	0.1327	0.4229	0.28405	0.77236	0.70387	0.52337	0.41581	0.17188	0.53319	0.76009	0.39856	0.46351	0.16248	0.73099	0.1941	0.33709	0.61831	0.41239	0.63138	0.5058	0.53041	0.72475	0.45093	0.08913	0.54377	0.38631	0.70879	0.7432	0.74908	0.60199	0.45377	0.67641	0.2062	0.24178	0.45369	1.0	0.73354	0.34052	0.33551	0.22472	0.5785	0.4509	0.38626	0.59165	0.49399	0.58273	0.31739	0.3622	0.14386	0.58846	0.22092	0.53089	0.47608	0.21851	0.69055	0.75424	0.56289	0.50848	0.55641	0.69367	0.42411	0.51093	0.62245	0.35186	0.53977	0.51482	0.57755	0.38628	0.21638	0.31828	0.56406	0.6132	0.55467	0.57489	0.40478	0.26996	0.27335	0.58892	0.55487	0.22154	0.3389	0.48295	0.68673	0.49927	0.77772	0.33896	0.42382	0.36744	0.34864	0.31414	0.36601	0.32437	0.5101	0.41098	0.60188	0.46566	0.52576	0.40974	0.55751	0.34109	0.19423	0.6768	0.19855	0.74827	0.67609	0.37163	0.59363	0.73134	0.63107	0.26809	0.72924	0.4649	0.50543	0.09333	0.2036	0.56287	0.53141	0.35032	0.47013	0.59571	0.77066	0.24088	0.58346	0.32573	0.40803
lynx	0.42121	0.46322	0.10879	0.46295	0.71031	0.55077	0.62886	0.76274	0.82283	0.33634	0.9232	0.36014	0.92456	0.12128	0.49013	0.56265	0.40056	0.3553	0.51494	0.68715	0.7127	0.33177	0.32697	0.55492	0.70919	0.74476	0.42342	0.3829	0.4337	0.50622	0.78369	0.54231	0.55081	0.75825	0.64574	0.4769	0.46158	0.30985	0.39983	0.45728	0.59819	0.62312	0.52267	0.28536	0.55554	0.49909	0.46664	0.71392	0.72049	0.69161	0.24078	0.37427	0.34139	0.61395	0.16855	0.47906	0.74144	0.20787	0.57818	0.86528	0.38909	0.32303	0.48251	0.65748	0.59338	0.42943	0.65333	0.31475	0.14902	0.4849	0.54244	0.66899	0.60998	0.23368	0.37455	0.48375	0.54012	0.44415	0.42884	0.33195	0.61632	0.33285	0.71632	0.32121	0.68028	0.43101	0.48915	0.48817	0.34203	0.59233	0.46246	0.61897	0.43238	0.32413	0.45622	0.41241	0.58354	0.6702	0.22101	0.2607	0.58345	0.90498	0.22536	0.65483	0.84169	0.4931	0.5493	0.75664	0.15034	0.34461	0.60401	0.67186	0.50991	0.29167	0.232	0.69521	0.62147	0.46776	0.38101	0.79297	0.58158	0.73435	0.61172	0.88304	0.28032	0.10241	0.56716	0.54967	1.0	0.33495	0.51199	0.67453	0.22514	0.24275	0.53371	0.47744	0.48823	0.44545	0.66722	0.50206	0.88888	0.3073	0.75499	0.53794	0.52113	0.4	0.125	0.87638	0.63293	0.15771	0.55954	0.35798	0.35727	0.75014	0.56268	0.87036	0.5471	0.34954	0.42449	0.69885	0.31787	0.33842	0.70245	0.59007	0.29817	0.73487	0.72368	0.26864	0.5547	0.37655	0.39773	0.31069	0.12111	0.43581	0.58391	0.55976	0.34083	0.79888	0.43476	0.41418	0.62566	0.08151	0.58095	0.50242	0.52733	0.30863	0.48095	0.3626	0.43453	0.58554	0.38036	0.74282	0.58462	0.62862	0.44054	0.5492	0.57658	0.46634	0.20675	0.78386	0.69035	0.90563	0.25093	0.44738	0.86086	0.56591	0.78703	0.93017	0.28521	0.44814	0.68982	0.35733	0.4055	0.48977	1.0	0.42647	0.3217	0.47719	0.29846	0.7308	0.0	0.38656	0.30851	0.38898	0.2256	0.83345	0.64979	0.37517	0.4954	0.80369	0.3725	0.55484	0.65162	0.28254	0.54119	0.4966	0.56469	0.44503	0.39076	0.42325	0.23763	0.19714	0.26475	0.777	0.5781	0.51525	0.33342	0.30991	0.37376	0.41882	0.63686	0.67017	0.57123	0.45696	0.25872	0.18089	0.62093	0.58968	0.81624	0.52403	0.17515	0.30528	0.53976	0.37893	0.69673	0.39564	0.70014	0.49722	0.56452	0.90532	0.37986	0.2654	0.71713	0.34342	0.2399	0.32482	0.59677	0.71407	0.72284	0.73221	0.13485	0.68022	0.86117	0.31572	0.68479	0.74358	0.89665	0.47123	0.32596	0.36826	0.53589	0.41548	0.67927	0.44717	0.43068	0.64772	0.61726	0.60997	0.56765	0.42208	0.65108	0.57172	0.3399	0.45264	0.56154	0.46413	0.41935	0.11941	0.44452	0.93201	0.27992	0.69311	0.60349	0.76278	0.56857	0.66265	0.63618	0.63457	0.33519	0.61258	0.19759	0.0	0.0	0.18532	0.17874	0.35972	0.48087	0.60585	0.54177	0.54823	0.87608	0.29143	0.48088	0.37591	0.43096	0.60294	0.70874	0.20504	0.3933	0.47301	0.36737	0.74558	0.36972	0.18335	0.22339	0.39807	0.4256	0.63586	0.5275	0.54478	0.36501	0.54944	0.58703	0.39104	0.52728	0.83383	0.41377	0.68529	0.46927	0.68649	0.8294	0.56424	0.48328	0.51569	0.67623	0.17219	0.39977	0.56137	0.5964	0.53582	0.18717	0.04416	0.40582	0.33941	0.5652	0.29168	0.16756	0.29408	0.74293	0.55285	0.73363	0.26624	0.82539	0.85211	0.18579	0.6148	0.24974	0.14132	0.52255	0.4225	0.76498	0.53421	0.41411	0.52804	0.6508	0.61774	0.52407	0.17059	0.43949	0.23693
mandril	0.7884	0.51641	0.358	0.61759	0.47911	0.7608	0.31371	0.30536	0.4683	0.60959	0.19142	0.2213	0.67052	0.27688	0.21273	0.89438	0.54588	0.55907	0.52552	0.84073	0.24963	0.68025	0.61823	0.33068	0.56892	0.59812	0.38169	0.90509	0.6462	0.62659	0.8318	0.13103	0.06675	0.41529	0.31971	0.47203	0.7263	0.61531	0.60029	0.46259	0.55452	0.64683	0.14273	0.68349	0.67404	0.90977	0.05002	0.4136	0.82511	0.57711	0.28378	0.35146	1.0	0.40526	0.7792	0.44142	0.9033	0.0	0.65933	0.50535	0.54434	0.33191	0.46965	0.55954	0.28739	0.57721	0.4681	0.29542	0.36016	0.33605	0.63292	0.06133	0.66449	0.33787	0.34954	0.42657	0.61388	0.57011	0.4305	0.78198	1.0	0.67629	0.18831	0.44331	0.45295	0.16429	0.69386	0.29135	0.34066	0.18258	0.5991	0.60852	0.44479	0.25149	1.0	0.44497	0.72748	0.76387	0.25305	0.80196	0.70156	0.40432	0.7143	0.67759	0.5672	0.38676	0.71527	0.37378	0.43489	0.42872	0.84525	0.41538	0.40512	0.55465	0.58887	0.70221	0.53485	0.42824	0.4217	0.5913	0.24675	0.85101	0.40118	0.52514	0.42716	0.77581	0.46061	0.34879	0.5658	0.3907	0.0	0.62319	0.89939	0.08107	0.61247	0.53234	0.71695	0.71884	1.0	0.24894	0.39774	0.42154	0.80621	0.7109	0.36459	0.57536	0.2299	0.11671	0.51542	0.29298	0.27772	0.37217	0.1963	0.46	0.55567	0.85886	0.65699	0.0	0.93013	0.31092	0.57844	0.44955	0.63239	0.70329	0.62396	0.68426	0.29222	0.45823	0.29315	0.47263	0.24815	0.29281	0.59495	0.53066	0.70146	0.64068	0.3508	0.67532	0.19591	0.18406	0.74041	0.23092	0.1691	0.51729	0.42665	0.5013	0.58759	0.36058	0.18167	0.16018	0.62918	0.29366	0.28078	0.15661	0.5929	0.36018	0.67225	0.33672	0.63293	0.43491	0.93556	0.19949	0.48736	0.63638	0.59447	0.68101	0.61484	0.40815	0.53907	0.74837	0.35881	0.26297	0.31301	0.77153	0.5389	0.23367	0.44525	0.42149	0.71773	0.48447	0.82633	0.61247	0.818	0.37574	0.46855	0.44049	0.12946	1.0	0.42137	0.43686	0.46785	0.27487	0.54727	0.70113	0.41515	0.64659	0.64891	0.5971	0.36764	0.3648	0.68478	0.67694	0.48402	0.32887	0.7324	0.14836	0.88794	0.90997	0.86332	0.29249	0.07381	0.63988	0.13078	0.4511	0.24459	0.37516	0.41471	0.31076	0.34558	0.55802	0.37804	0.43681	0.08438	0.64057	0.87353	0.03365	0.67731	0.87783	0.58381	0.65799	0.51388	0.1399	0.28816	0.48322	0.52296	0.6729	0.42736	0.55546	0.74742	0.52909	0.22028	0.45974	0.53896	0.38936	0.47561	0.78193	0.72653	0.75606	0.46416	0.50036	0.36417	0.91058	0.38596	0.20325	0.72725	0.56509	0.63204	0.38441	0.28949	0.61856	0.26825	0.38133	0.58356	0.69376	0.55134	1.0	0.10927	0.20497	1.0	0.60804	0.25152	0.61972	0.79366	0.22307	0.24736	0.78552	0.29386	0.74402	0.12424	0.48698	0.79639	0.17666	0.26233	0.66699	0.73794	0.68093	0.92713	0.37462	0.56863	0.82983	0.60949	0.63591	0.48881	0.50919	0.29615	0.45761	0.77607	0.63611	0.61053	0.40275	0.65447	0.58325	0.23193	0.55467	0.93462	0.3716	0.15056	0.6508	0.27742	0.37906	0.45265	0.72762	0.49085	0.55819	0.33666	0.35967	0.55698	0.2103	0.41197	0.24141	0.60484	0.41317	0.52899	0.62647	0.10755	0.38312	0.90327	0.53466	0.35084	0.10305	0.44716	0.35702	0.60208	0.47201	0.8155	0.669	0.14376	0.57678	0.47515	0.39465	0.27987	0.48004	0.50028	0.40657	0.46372	0.50776	0.51456	0.0	0.48522	1.0	0.60064	0.42001	0.31307	0.46935	0.5468	0.40556	0.29421	0.36505	0.19464	0.71841
mallard	0.38118	0.45353	0.3353	0.11756	0.45389	0.86417	0.65981	0.73477	0.44029	0.65973	0.38585	0.0	0.58223	0.40017	0.51868	0.76858	0.61982	0.6249	0.54218	0.71381	0.12892	0.51794	0.76953	0.51017	0.48738	0.70888	0.36172	0.49454	0.50471	0.52235	0.42233	0.47296	0.36321	0.49081	0.63072	0.47034	0.65497	0.57104	0.39809	0.96937	0.54952	0.33228	0.67527	0.42489	0.27564	0.60891	0.55408	0.60624	0.45715	0.1744	0.38322	0.38037	0.1482	0.54193	0.44171	0.42827	0.40992	0.6	0.36615	0.52172	0.56758	0.792	0.22304	0.58411	0.33494	0.15503	0.60917	0.78609	0.57264	0.75938	0.62996	0.58627	0.64347	0.40304	0.39764	0.46467	0.68831	0.3509	0.41608	0.16228	0.5019	0.42903	0.24474	0.5787	0.72	0.64488	0.17633	0.41422	0.85392	0.27808	0.72083	0.57031	0.01362	0.24312	0.0	0.38965	0.5945	0.61029	0.23887	0.21902	0.59824	0.55115	0.4796	0.58432	0.67169	0.47467	0.26245	0.67777	0.42339	0.79745	0.39562	0.80397	0.58971	0.16781	0.46658	0.69543	0.24015	0.12742	0.74016	0.79032	0.14139	0.58615	0.53141	0.31697	0.90112	0.7217	0.26034	0.4395	0.0	0.62648	0.47485	0.39028	0.23614	0.7527	0.24403	0.28315	0.48179	0.56831	0.53448	0.78025	0.75741	0.49645	0.45764	0.58724	0.31146	0.67373	0.20721	0.58375	0.5031	0.4495	0.40683	0.61487	0.13544	0.32064	0.63402	0.76867	0.81763	0.79623	0.66354	0.42797	0.31666	0.47545	0.66159	0.37499	0.78127	0.45369	0.0	0.60929	0.56113	0.42663	0.34591	0.4989	0.78471	0.52376	0.267	0.47296	0.63828	0.0	0.5235	0.3665	0.66691	0.33038	0.53552	0.81401	0.39012	0.74796	0.7017	0.31975	0.49064	0.58579	0.69818	0.65097	0.48891	0.22535	0.28386	0.54729	0.27192	0.69473	0.62057	0.0	0.67889	0.15863	0.64757	0.42626	0.39334	0.46041	0.63954	0.322	0.78584	0.50196	0.53055	0.57115	0.55082	0.57102	0.62591	0.14093	0.79498	0.62476	0.6566	0.63638	0.4924	0.52612	0.7618	0.56492	0.40782	0.39113	0.50945	0.6513	0.47882	0.17329	0.282	0.32133	0.25078	0.74778	0.79785	0.49135	0.42179	0.18674	0.50227	0.28831	0.48357	0.60791	0.64761	0.28513	0.26432	0.49208	0.48229	0.50175	0.43394	0.92998	0.28656	0.6324	0.5136	0.56305	0.70975	0.78155	0.55798	0.37906	0.45459	0.25303	0.74973	0.55793	0.49324	0.37755	0.14369	0.53658	0.27485	0.59727	0.65313	0.53609	0.88974	0.55951	0.23302	0.27746	0.53018	0.27125	0.51897	0.87515	0.17802	0.73232	0.48632	0.32571	0.12813	0.16913	0.39456	0.53083	0.67136	0.35399	0.83444	0.80427	0.45476	0.57621	0.8137	0.85226	0.45288	0.1183	0.28378	0.21276	0.29468	0.53719	0.31435	0.53189	0.8765	0.36115	0.53975	0.35819	0.6623	0.69494	0.13136	1.0	0.56303	0.47029	0.55092	0.61671	0.45079	0.61236	0.50235	0.52358	0.35973	0.25712	0.41189	0.37571	0.233	0.60479	0.50533	0.40043	0.51255	0.53949	0.42683	0.44891	0.68762	0.43335	0.4373	0.85502	0.6935	0.60187	0.70852	0.80369	0.52721	0.46911	0.44284	0.30792	0.38632	0.24862	0.42601	0.71359	0.63534	0.33698	0.45982	0.13632	0.44319	0.67664	0.73499	0.61087	0.60797	0.21757	0.55533	0.85436	0.65882	0.28718	0.63252	0.50612	0.6736	0.65358	0.71318	0.46776	0.51556	0.65087	0.56771	0.65253	0.21272	0.3178	0.6539	0.54453	0.75342	0.34567	0.75953	0.50533	0.17897	0.68923	0.27854	0.65348	0.71764	0.4136	0.22509	0.74273	0.39709	0.59122	0.48767	0.28194	0.41769	0.66399	0.62835	0.65296	0.53649	0.83786	0.17545	0.21644	0.39092	0.32137
mammoth	0.49153	0.5381	0.65398	0.56981	0.49928	0.42076	0.29493	0.3776	0.49706	0.59042	0.51935	0.22807	0.31927	0.82922	0.38973	0.72068	0.2296	0.69581	0.50915	0.62956	0.22869	0.34405	0.42208	0.26104	0.69183	0.59227	0.52864	0.73327	0.7793	0.78643	0.69545	0.27162	0.54111	0.34507	0.6926	0.36477	0.40509	0.57509	0.60984	0.29076	0.78436	0.75379	0.64951	0.64698	0.525	0.68292	0.02845	0.43223	0.63148	0.44493	0.5462	0.74345	0.86309	0.5164	0.55098	0.56715	0.6561	0.66547	0.54462	0.49746	0.61406	0.72473	0.37151	0.39678	0.45287	0.53926	0.41549	0.43599	0.57018	0.78816	0.51229	0.33081	0.22373	0.66757	0.29378	0.5916	0.7126	0.1771	0.54831	0.37427	0.49183	0.49692	0.25268	0.23811	0.41935	0.5348	0.61883	0.23793	0.50965	0.34302	0.14282	0.59495	0.51834	0.53908	0.7367	0.11057	0.42833	0.44206	0.40953	0.44378	0.66339	0.43424	0.79467	0.58675	0.68536	0.37911	0.4156	0.27677	0.57432	0.72995	0.54163	0.3068	0.45199	0.64455	0.13194	0.61205	0.36047	0.35786	0.39309	0.81809	0.8988	0.72445	0.36321	0.68249	0.42565	0.4447	0.71307	0.26839	0.62023	0.55563	0.64019	0.3263	0.60552	0.3812	0.15457	0.3439	0.273	0.33788	0.44036	0.49817	0.35339	0.63846	0.70826	0.66241	0.56498	0.52201	0.70714	0.19336	0.36053	0.54081	0.54727	0.74907	0.39271	0.66812	1.0	0.71183	0.56583	0.18041	0.73013	0.42795	0.4583	0.40396	0.77794	0.37875	0.32835	0.51665	0.52274	0.63478	0.35043	0.45458	0.27428	0.45214	0.40712	0.50988	0.338	0.61254	0.28893	0.62314	0.4538	0.45796	0.74227	0.33197	0.32284	0.23554	0.67223	0.0	0.41772	0.37006	0.53011	0.13768	0.67776	0.38675	0.58318	0.34465	0.0	0.37852	0.50914	0.41791	0.24225	0.69349	0.1803	0.29601	0.6317	0.65264	0.80426	0.52151	0.79874	0.42108	0.46992	0.44503	0.62397	0.73347	0.86741	0.80909	0.67584	0.20362	0.68686	0.18345	0.61111	0.51784	0.42675	0.73699	0.69395	0.56168	0.22391	0.36457	0.41467	0.37765	0.46421	0.56441	0.56946	0.70766	0.53387	0.4885	0.39303	0.61957	0.67522	0.21852	0.6322	0.38274	0.42815	0.41986	0.76457	0.41927	0.35913	0.45314	0.4817	0.54343	0.43707	0.57338	0.30696	0.67486	0.42626	0.6033	0.52873	0.39381	0.28411	0.62347	0.63366	0.27349	0.29228	0.71832	0.80001	0.55052	0.30994	0.49192	0.77161	0.48034	0.51292	0.35766	0.31694	0.67221	0.34548	0.61523	0.30587	0.57623	0.30144	0.45336	0.6659	0.61122	0.4571	0.45122	0.81044	0.40285	0.31186	0.23795	0.57629	1.0	0.65295	0.57733	0.31438	0.23394	0.38952	0.60531	0.88221	0.6201	0.40107	0.36735	0.32638	0.39737	0.25165	0.68034	0.44559	0.9548	0.0	0.15767	0.47605	0.45203	0.81266	0.53096	0.71728	0.38757	0.2523	0.38985	0.4409	0.38303	0.52125	0.5005	0.55266	0.52746	0.58941	0.39386	0.52327	0.65046	0.20787	0.62656	0.76184	0.54885	0.52758	0.68821	0.42443	0.64955	0.44194	0.7123	0.412	0.4221	0.73544	0.49774	0.52614	0.34733	0.55743	0.78593	0.56052	0.49028	0.63713	0.47426	0.3473	0.59152	0.54652	0.46398	0.52373	0.56595	0.33817	0.67282	0.65259	0.63921	0.35862	0.27642	0.43517	0.33013	0.40441	0.56763	0.55642	0.39414	0.53594	0.71568	0.78957	0.41275	0.59238	0.62762	0.35584	0.37191	0.3543	0.63361	0.61967	0.43246	0.30441	0.92493	0.73677	0.47496	0.33361	0.27324	0.50971	0.35289	0.4296	0.63547	0.45802	0.0778	0.13135	0.59765	0.69495	0.62877	0.5526	0.56765	0.60954	0.45419	0.16773	0.28058	0.36752	0.13102
marmot	0.3257	0.19662	0.41157	0.36766	0.69212	0.68338	0.81625	0.47945	0.35523	0.37669	0.53642	0.49874	0.73549	0.64869	0.40244	0.22589	0.73746	0.07039	0.23399	0.31852	0.44534	0.28479	0.47363	0.43116	0.53447	0.7253	0.49255	0.69393	0.42586	0.61369	0.73547	0.53963	0.64346	0.54187	0.71794	0.42355	0.54751	0.26766	0.11931	0.76754	0.58298	0.52731	0.494	0.6096	0.71795	0.35154	0.57451	0.68847	0.55731	0.67639	0.14854	0.48822	0.43479	0.20275	0.74673	0.55022	0.44338	0.58422	0.51743	0.36708	0.55618	0.65423	0.71909	0.82783	0.76169	0.38146	0.45985	0.50872	0.5315	0.69584	0.25213	0.42012	0.3159	0.61131	0.68941	0.55249	0.57422	0.552	0.43307	0.50548	0.6879	0.48367	0.42252	0.44819	0.39233	0.64722	0.54861	0.41632	0.76032	0.60074	0.34655	0.50977	0.31267	0.81144	0.61652	0.61861	0.38533	0.5916	0.38469	0.23256	0.56401	0.52315	0.7463	0.5631	0.38224	0.35829	0.46517	0.65565	0.43038	0.4945	0.51067	0.67702	0.63124	0.61645	0.61063	0.49797	0.465	0.20586	0.72628	0.44741	0.50439	0.52576	0.2829	0.40689	0.29076	0.66595	0.55758	0.05102	0.42251	0.68701	0.76993	0.37517	0.26042	0.32834	0.6269	0.43665	0.37581	0.19982	0.39031	0.74927	0.33954	0.66675	0.457	0.30468	0.56194	0.38972	0.54532	0.38618	0.17327	0.38459	0.71606	0.98133	0.47346	0.34707	0.21497	0.5229	0.59846	0.56287	0.8907	0.38689	0.29094	0.17441	0.52621	0.208	0.85353	0.41391	0.34146	0.56888	0.27122	0.34207	0.65372	0.51656	0.58293	0.55277	0.64056	0.43522	0.51756	0.70406	0.65265	0.58782	0.46611	0.17511	0.62747	0.82544	0.48533	0.70892	0.3186	0.82863	0.85702	0.42628	0.4794	0.29662	0.51617	0.15422	0.49382	0.49982	0.73731	0.61768	0.42972	0.45545	0.37058	0.35476	0.45937	0.90099	0.60555	0.42726	0.56391	0.5435	0.43814	0.32221	0.55671	0.66777	0.46492	0.88086	0.45799	0.37238	0.23803	0.46607	0.94322	0.51753	0.65719	0.19777	0.97873	0.4747	0.35958	0.39135	0.2956	0.48389	0.57228	0.36897	0.6667	0.4378	0.63446	0.44912	0.64299	0.42397	0.2005	0.54532	0.62395	0.27577	0.65883	0.42104	0.59464	0.30532	0.66519	0.51798	0.38526	0.33484	0.71528	0.51214	0.49096	0.79525	0.57684	0.57276	0.69969	0.26056	0.55355	0.47308	0.5226	0.44955	0.34041	0.25333	0.56662	0.25707	0.63031	0.40734	0.29594	0.68959	0.80046	0.65095	0.44054	0.49837	0.6467	0.65815	0.43859	0.46593	0.70272	0.3666	0.55131	0.51549	0.4671	0.49874	0.0	0.47579	0.63804	0.41397	0.39523	0.3357	0.56253	0.34389	0.2831	0.32306	0.47015	0.60124	0.57029	0.40323	0.49223	0.34374	0.51962	0.37071	0.47036	0.62163	0.21602	0.488	0.46439	0.20981	0.45305	0.28982	0.08337	0.71436	0.84763	0.48876	0.59259	0.76796	0.71025	0.42596	0.46857	0.25678	0.52734	0.56714	0.17198	0.30162	0.49067	0.56608	0.46016	0.27897	0.39991	0.46054	0.36537	0.28647	0.65083	0.41958	0.69695	0.5666	0.7503	0.48915	0.36761	0.78187	0.63212	0.3406	0.53032	0.77646	0.63705	0.36583	0.66924	0.56065	0.68921	0.12894	0.68037	0.30273	0.55451	0.47251	0.5872	0.69247	0.74267	0.59288	0.44244	0.91635	0.21404	0.85379	0.69961	0.33306	0.62643	0.8257	0.5321	0.53644	0.17389	0.50978	0.3387	0.71391	0.50433	0.2969	0.69239	0.18197	0.49356	0.12161	0.66665	0.15889	0.6406	0.4064	0.38318	0.31508	0.44623	0.41358	0.19229	0.48037	0.71212	0.53189	0.35729	0.39835	0.65879	0.45868	0.7754	0.57431	0.47843	0.56928	0.64528	0.07349	0.32851	0.41739
midge	0.44968	0.28092	0.82746	0.64091	0.52908	0.56483	0.25294	0.34208	0.42057	0.44409	0.45269	0.0034	0.43779	0.6988	0.54072	0.64439	0.68191	0.62605	1.0	0.83295	0.46982	0.63924	0.53999	0.40011	0.34011	0.42038	0.66307	0.17071	0.59274	0.64902	0.80631	0.57325	0.71039	0.44406	0.2996	0.8737	0.58732	0.19388	0.23635	0.44084	0.48447	0.53415	0.48739	0.70628	0.68546	0.57608	0.13047	0.25701	0.65192	0.23696	0.57518	0.68301	0.38215	0.5493	0.35622	0.37931	0.72649	0.51736	0.27398	0.43131	0.71448	0.70555	0.26954	0.70788	0.21988	0.05679	0.22294	0.42986	0.31964	0.58554	0.56296	0.42628	0.48804	0.41728	0.30519	0.47435	0.38515	0.23426	0.59701	0.29657	0.27177	0.48797	0.64514	0.72867	0.45094	0.82061	0.11316	0.52725	0.36415	0.77562	0.06764	0.56652	0.0	0.41263	0.22501	0.66262	0.51975	0.31518	0.22184	0.31158	0.33769	0.67581	0.60072	0.34526	0.84878	0.51903	0.63218	0.83788	0.78487	0.39106	0.59315	0.51231	0.37481	0.68479	0.34307	0.65819	0.71188	0.51809	0.81691	0.40212	0.4274	0.71228	0.61526	0.84448	0.3486	0.61272	0.41607	0.54612	0.45545	0.80727	0.31956	0.19429	0.36815	0.70851	0.50468	0.73913	0.68483	0.38103	0.88813	0.66951	0.73649	0.14326	0.49805	0.18178	0.50869	0.54732	0.54041	0.18542	0.44486	0.48779	0.73606	0.59212	0.50917	0.70221	0.40851	0.66211	0.21628	0.48219	0.34379	0.26002	0.73099	0.2598	0.6121	0.39157	0.37922	0.75447	0.52906	0.20368	0.56426	0.77126	0.39614	0.62596	0.29841	0.69213	0.43523	0.53253	0.35629	0.91449	0.55962	0.7678	0.42069	0.46974	0.25962	0.23736	0.70672	0.59889	0.4821	0.21206	0.95359	0.55235	0.35071	0.4436	0.29826	0.09253	0.70337	0.36258	0.60996	0.35869	0.16726	0.22723	0.57969	0.42921	0.29524	0.27837	0.48527	0.41011	0.28548	0.47446	0.56501	0.41284	0.46779	0.21713	0.57032	0.66101	0.41141	0.46178	0.3581	0.65541	0.35699	0.56412	0.35689	0.64403	0.2635	0.53705	0.49237	0.39917	0.37831	0.48501	0.0	0.5459	0.33563	0.80944	0.27154	0.83769	0.44179	0.58711	0.32855	0.08708	0.26108	0.63078	0.58302	0.19886	0.73916	0.29016	0.81114	0.12496	0.43978	0.64283	0.46196	0.7411	0.27878	0.81285	0.37226	0.59073	0.29847	0.26836	0.6966	0.72273	0.505	0.5677	0.37246	0.04023	0.63535	0.28361	0.31429	0.5932	0.12688	0.53403	0.62407	0.12535	0.4319	0.47062	0.47583	0.44225	0.25758	0.44999	0.69181	0.72996	0.39638	0.55306	0.48623	0.56527	0.5697	0.24701	0.618	0.43185	0.73733	0.54268	0.59595	0.19265	0.91957	0.9815	0.54738	0.26028	0.44629	0.26884	0.49137	0.56268	0.7423	0.4152	0.84374	0.38585	0.37619	0.42177	0.49764	0.37434	0.75482	0.57775	0.33066	0.65668	0.93571	0.65227	0.96925	0.55895	0.62253	0.66283	0.66219	0.58774	0.452	0.23049	0.20005	0.50177	0.39271	0.60002	0.49288	0.74263	0.5004	0.56688	0.44807	0.51981	0.67379	0.68282	0.13071	0.69994	0.69536	0.85753	0.57332	0.95018	0.57997	0.41469	0.93151	0.61279	0.40803	0.56559	0.47839	0.67932	0.34019	0.5915	0.58591	0.47527	0.65138	0.40634	0.69427	0.35009	0.09674	0.75262	0.77518	0.53282	0.36374	0.0	0.69672	0.70812	0.64849	0.28163	0.77541	0.39752	0.53117	0.88181	0.52646	0.25209	0.48266	0.31372	0.54773	0.67788	0.73879	0.53715	0.7995	0.44082	0.82227	0.41269	0.33212	0.4639	0.23582	0.74079	0.65105	0.62556	0.40739	0.10562	0.39046	0.67949	0.31782	0.34201	0.24946	0.37779	0.4005	0.7551	0.02452	0.59621	0.42814	0.7275
millipede	0.26512	0.50164	0.6466	0.3514	0.65976	0.36148	0.53038	0.54757	0.38482	0.14576	0.8257	0.44868	0.72614	0.62111	0.37662	0.49959	0.47304	0.47373	0.37646	0.55976	0.36003	0.53684	0.31761	0.5799	0.73384	0.44953	0.50038	0.31976	0.38466	0.62349	0.41348	0.54114	0.64983	0.67746	0.4281	0.55412	0.86824	0.41649	0.44167	0.41897	0.41749	0.65096	0.36415	0.6518	0.52079	0.50664	0.52817	0.31547	0.24398	0.39421	0.43958	0.28082	0.5298	0.64619	0.24733	0.21943	0.46823	0.4588	0.65357	0.85863	0.39221	0.6324	0.71391	0.59414	0.45214	0.86484	0.20332	0.42307	0.18497	0.76797	0.74954	0.80042	0.82652	0.3957	0.35723	0.69205	0.20898	0.55747	0.95912	0.12643	0.55398	0.48015	0.38931	0.45665	0.20307	0.34581	0.26767	0.47236	0.54585	0.38801	0.57218	0.34166	0.76704	0.59479	0.57581	0.34664	0.37961	0.39093	0.53742	0.11692	0.50318	0.82678	0.99156	0.51152	0.71531	0.36648	0.41434	0.45127	0.49598	0.74573	0.37361	0.62477	0.587	0.49606	0.79378	0.44504	0.44623	0.4352	0.49245	0.63677	0.36502	0.36734	0.21653	0.69784	0.10241	0.59256	0.45557	0.48114	0.39267	0.45008	0.74074	0.78778	0.4208	0.65175	0.71049	0.318	0.51706	0.53789	0.5253	0.68418	0.9811	0.49463	0.61154	0.38738	0.84806	0.35902	0.69223	0.64116	0.6329	0.33293	0.80953	0.64316	0.43332	0.6508	0.3207	0.45638	0.60364	0.50458	0.67222	0.16327	0.67837	0.75932	0.57174	0.15063	0.42361	0.18161	0.50265	0.76803	0.45627	0.4126	0.48431	0.64338	0.13737	0.63199	0.6417	0.47612	0.20327	0.72238	0.59984	0.15983	0.49396	0.20189	0.72496	0.68626	0.82102	0.38186	0.60728	0.48506	0.67131	0.94956	0.201	0.37825	0.4442	0.36359	0.35719	0.31403	0.556	0.55081	0.04774	0.41706	0.49232	0.76681	0.40861	0.46509	0.37954	0.56173	0.5322	0.53444	0.67929	0.55977	0.39674	0.17855	0.42788	0.60509	0.64572	0.33341	0.27023	0.51043	0.36912	0.33901	0.53438	0.50374	0.41832	0.43887	0.51522	0.73869	0.46369	0.49297	0.57689	0.67113	0.34756	0.49027	0.39776	0.77533	0.8308	0.30186	0.65557	0.44584	0.47522	0.59035	0.6028	0.19271	0.84455	0.12859	0.59058	0.62113	0.78806	0.37607	0.10258	0.65586	0.69718	0.42243	0.47114	0.39156	0.33834	0.50087	0.26223	0.73343	0.26445	0.54359	0.43888	0.2912	0.46074	0.20454	0.4536	0.3467	0.22301	0.40609	0.87002	0.76555	0.65243	0.49024	0.50597	0.65157	0.31631	0.52692	0.47932	0.56407	0.50719	0.36887	0.32851	0.59632	0.62707	0.4977	0.73374	0.28531	0.75795	0.73003	0.30311	0.31558	0.46827	0.67672	0.40446	0.28226	0.61619	0.55455	0.25765	0.33882	0.33973	0.5938	0.47759	0.34755	0.71231	0.13807	0.45222	0.28089	0.3118	0.43954	0.32658	0.568	0.79465	0.72628	0.45472	0.59311	1.0	0.61913	0.69595	0.20363	0.2369	0.51402	0.55429	0.30467	0.3319	0.84032	0.35945	0.21622	0.35225	0.5577	0.49434	0.2965	0.51731	0.6862	0.46982	0.49648	0.9684	0.61102	0.49341	0.7535	0.57613	0.45988	0.45094	0.26285	0.6338	0.61094	0.52112	0.47984	0.69115	0.17189	0.63352	0.3157	0.43592	0.76703	0.89563	0.37075	0.84377	0.50781	0.21926	0.45873	0.81327	0.47681	0.40725	0.50569	0.79159	0.5431	0.57222	0.57303	0.03205	0.47144	0.27909	0.50222	0.39765	0.38787	0.314	0.77085	0.24366	0.57501	0.55754	0.46152	0.62478	0.45431	0.59702	0.55503	0.49217	0.6145	0.27342	0.73635	0.79494	0.45247	0.49705	0.36858	0.456	0.73826	0.5008	0.27805	0.23992	0.50755	0.41592	0.47348	0.60189	0.47795
mink	0.3923	0.42865	0.75985	0.57384	0.75517	0.87448	0.64779	0.27832	0.58101	0.40641	0.61701	0.53191	0.52253	0.83179	0.37664	0.47478	0.2677	0.14575	0.6189	0.12461	0.43606	0.48665	0.35161	0.73384	0.6673	0.57792	0.78934	0.25167	0.61841	0.49798	0.4998	0.41601	0.45169	0.38604	0.48953	0.76078	0.5752	0.71575	0.52812	0.50199	0.4975	0.37514	0.54816	0.6694	0.60788	0.2931	0.47724	0.77029	0.251	0.58358	0.45718	0.41797	0.30249	0.3962	0.69113	0.3266	0.60365	0.46491	0.49803	0.13791	0.46836	0.69646	0.61962	0.60704	0.4761	0.43817	0.59346	0.17632	0.47212	0.84182	0.42571	0.46509	0.5762	0.31596	0.39206	0.27342	0.51211	0.23717	0.2488	0.58589	0.44534	0.39276	0.27969	0.24884	0.63754	0.61987	0.4832	0.33959	0.83847	0.33637	0.50332	0.43278	0.5053	0.65431	0.44079	0.49343	0.25011	0.57486	0.66822	0.39893	0.49157	0.56507	0.65442	0.70169	0.56002	0.51214	0.46323	0.60361	0.44155	0.30315	0.60404	0.34078	0.1875	0.61396	0.10782	0.8252	0.86887	0.23602	0.38921	0.24884	0.85058	0.3204	0.69077	0.50391	0.37196	0.60217	0.9489	0.34168	0.36683	0.4885	0.67635	0.29204	0.56116	0.32652	0.6661	0.57678	0.0	0.519	0.43152	0.67142	0.65452	0.44777	0.50855	0.335	0.44055	0.52266	0.7425	0.35924	0.00099	0.35873	0.55992	0.71191	0.58893	0.53979	0.25658	0.41001	0.52605	0.58133	0.7833	0.25001	0.56719	0.39706	0.42105	0.27305	0.56883	0.67933	0.76187	0.61684	0.41094	0.45093	0.38609	0.60234	0.30424	0.60393	0.35899	0.28965	0.24247	0.53776	0.28824	0.45934	0.62478	0.15111	0.7804	0.59549	0.68223	0.61156	0.11184	0.59067	0.45621	0.55298	0.49949	0.19081	0.53182	0.4439	0.49846	0.82744	0.32698	0.38155	0.44753	0.41381	0.56051	0.41803	0.53432	0.86442	0.56731	0.70371	0.72885	0.50215	0.66737	0.47177	0.54131	0.34136	0.5438	0.43431	0.86497	0.47436	0.54065	0.4992	0.71263	0.65173	0.43913	0.51403	0.84332	0.30996	0.81378	0.72384	0.41475	0.34584	0.56624	0.67951	0.57407	0.56475	0.62708	0.74559	0.35435	0.4653	0.47679	0.71506	0.62472	0.21464	0.35631	0.40194	0.66336	0.55261	0.65828	0.4046	0.49708	0.1863	0.54069	0.79242	0.48478	0.82633	0.42869	0.38236	0.7141	0.3442	0.24598	0.28052	0.59889	0.45303	0.86391	0.57247	0.5678	0.69663	0.23487	0.71807	0.58962	0.32139	0.47022	0.71217	0.26033	0.83468	0.58973	0.69645	0.43995	0.15532	0.4774	0.6669	0.73132	1.0	0.35375	0.41288	0.40242	0.38625	0.48575	0.7158	0.45144	0.19653	0.66884	0.53742	0.5055	0.21806	0.55798	0.61803	0.78432	0.25177	0.10816	0.64891	0.08292	0.48755	0.28546	0.71694	0.35613	0.35454	0.47791	0.56607	0.42545	0.15874	0.43377	0.75355	0.6942	0.53496	0.4915	0.54925	0.46367	0.49827	0.46783	0.18492	0.3079	0.54273	0.89301	0.41671	0.34581	0.44319	0.59574	0.46357	0.47404	0.17559	0.60586	0.12461	0.65078	0.40229	0.82563	0.75451	0.6225	0.58783	0.49706	0.25568	0.47325	0.56393	0.33536	0.56764	0.7593	0.16732	0.67866	0.45386	0.29305	0.33528	0.38754	0.63066	0.47417	0.34575	0.44624	0.67472	0.65958	0.62018	0.5242	0.65453	0.29708	0.49778	0.46924	0.47554	0.56037	0.4923	0.42632	0.6869	0.54414	0.67714	0.57901	0.73279	0.08304	0.30889	0.3303	0.11957	0.47613	0.03201	0.6612	0.54786	0.85536	0.37572	0.13594	0.37093	0.50396	0.39277	0.17558	0.62624	0.25983	0.70961	0.81316	0.32582	1.0	0.41875	0.67716	0.65119	0.59125	0.45533	0.39085	0.55807	0.61716	0.42954
mole	0.39246	0.24843	0.51021	0.60136	0.61148	0.3645	0.48331	0.50614	0.50952	0.54639	0.20836	0.4933	0.54128	0.63058	0.66585	0.78738	0.66172	0.58322	0.40421	0.47349	0.41828	0.69595	0.69915	0.25514	0.62009	0.69992	0.49171	0.60872	0.31337	0.67108	0.43199	0.46601	0.34314	0.61538	0.44387	0.71168	0.7082	0.7087	0.90957	0.71188	0.58578	0.73752	0.1392	0.45373	0.46287	0.67226	0.41516	0.39261	0.38859	0.36906	0.15177	0.42926	0.54842	0.48342	0.35042	0.44585	0.30148	0.41501	0.21473	0.43811	0.48464	0.58185	0.20477	0.48093	0.41987	0.22115	0.36249	0.67239	0.61039	0.69026	0.84929	0.19848	0.67304	0.20494	0.38024	0.69392	0.98188	0.28789	0.23792	0.54271	0.20968	0.67467	0.64714	0.34979	0.76583	0.59834	0.24879	0.60927	0.89858	0.47669	0.29794	0.60705	0.23262	0.86389	0.51113	0.53438	0.66426	0.33793	0.24221	0.58758	0.60457	0.35388	0.40051	0.45075	0.0	0.42085	0.86889	0.4348	0.41235	0.76427	0.51012	0.39216	0.34992	0.59118	0.46007	0.29422	0.75728	0.0	0.36299	0.90895	0.53015	0.29396	0.3176	0.24127	0.35069	0.69505	0.20764	0.517	0.50143	0.35288	0.30841	0.74735	0.51708	0.39177	0.49803	0.53405	0.37061	0.25145	0.66763	0.48643	0.5154	0.71439	0.67026	0.44203	0.60363	0.53074	0.84006	0.38692	0.81565	0.33802	0.42016	0.55271	0.29119	0.27567	0.47004	0.38295	0.35597	0.60247	0.26698	0.5299	0.69237	0.27897	0.32729	0.49125	0.29666	0.28057	0.60726	0.78215	0.46427	0.60009	0.7627	0.44885	0.44439	0.69704	0.52042	0.41919	0.27488	0.56825	0.57681	0.37136	0.35114	0.57516	0.37062	0.62276	0.93127	0.56183	0.60424	0.64677	0.0	0.2603	0.29637	0.34742	0.47494	0.85408	0.37925	0.41403	0.39169	0.65477	0.60695	0.76268	0.29069	0.05897	0.67675	0.30019	0.37401	0.71662	0.46062	0.32405	0.64341	0.43755	0.65407	0.40579	0.24225	0.50256	0.35369	0.42065	0.44239	0.56472	0.7753	0.33639	0.81365	0.49831	0.50708	0.43023	0.57911	0.21198	0.20511	0.39317	0.49914	0.54983	0.31994	0.44866	0.52005	0.27209	0.47951	0.61054	0.43266	0.73483	0.50888	0.73071	0.27689	0.35641	0.59789	0.47109	0.61356	0.75149	0.41779	0.35617	0.5969	0.87564	0.5799	0.50206	0.45152	0.76764	0.55314	0.51572	0.28221	0.34991	0.45801	0.75103	0.21426	0.3653	0.60262	0.57086	0.28933	0.77435	0.35092	0.69428	0.50605	0.37031	0.47189	0.69081	0.65327	0.60066	0.26235	0.59055	0.7238	0.62194	0.45067	0.52149	0.22762	0.53723	0.85059	0.16306	0.37155	0.54154	0.43613	0.43207	0.51038	0.57168	0.69452	0.63761	0.60004	0.38633	0.03403	0.49023	0.35127	0.74726	0.94513	0.29593	0.28054	0.58468	0.77198	0.42609	0.52873	0.33224	0.21026	0.47303	0.63335	0.63312	0.23101	0.664	0.48125	0.48478	0.39704	0.56237	0.65292	0.38811	0.8767	0.61615	0.57718	0.50485	0.79696	0.55637	0.55842	0.20336	0.40249	0.9047	0.32567	0.57396	0.25429	0.42166	0.27374	0.547	0.48676	0.54037	0.79626	0.40669	0.72743	0.4182	0.55022	1.0	0.6398	0.14388	0.66399	0.53891	0.01111	0.27985	0.20007	0.81588	0.67645	0.72212	0.74195	0.22031	0.41176	0.69329	0.52598	0.21981	0.79575	0.447	0.50597	0.712	0.63249	0.60349	0.33506	0.48679	0.62106	0.66215	0.30804	0.48168	0.44994	0.50005	0.64798	0.30323	0.87739	0.78431	0.71653	0.14183	0.64459	0.22786	0.68164	0.83775	0.38236	0.45553	0.30776	0.81058	0.50373	0.39922	0.27022	0.32515	0.18795	0.35382	0.33458	0.57975	0.60906	0.35861	0.52219	0.24354	1.0	0.43286
mongoose	0.24055	0.21937	0.32765	0.29902	0.50171	0.94472	0.89139	0.54434	0.71941	0.41245	0.47687	0.14226	0.845	0.54419	0.40107	0.61747	0.58264	0.16266	0.37635	0.35534	0.21958	0.69374	0.72248	0.21538	0.46878	0.92302	0.00939	0.25532	0.48991	0.76308	0.55686	0.53972	0.55311	0.44227	0.52611	0.41837	0.52068	0.31872	0.46287	0.5889	0.66109	0.59341	0.39988	0.44513	0.46794	0.67033	0.11514	0.83765	0.53184	0.42628	0.27896	0.18839	0.55989	0.71518	0.59115	0.45834	0.31405	0.42167	0.63878	0.29749	0.43967	0.65303	0.58317	0.63688	0.48445	0.51881	0.6668	0.79171	0.46455	0.50077	0.53868	0.43148	0.26301	0.74196	0.57596	0.48053	0.61827	0.56421	0.46591	0.44335	0.3057	0.39997	0.65962	0.711	0.58121	0.63116	0.66669	0.4602	0.81819	0.50642	0.57327	0.71516	0.25637	0.58559	0.33325	0.40811	0.4979	0.39721	0.32166	0.44001	0.61984	0.63538	0.73805	0.32153	0.5685	0.36905	0.48794	0.32276	0.46311	0.68272	0.18227	0.4033	0.56917	0.47685	0.58639	0.48726	0.40055	0.3304	0.34276	0.59651	0.07511	0.14009	0.41146	0.38777	0.46681	0.60686	0.24407	0.24508	0.63099	0.60891	0.52176	0.5564	0.08064	0.59639	0.33353	0.15177	0.7745	0.4196	0.7015	0.19884	0.6717	0.50591	0.60141	0.83733	0.63936	0.81458	0.51732	0.5595	0.68185	0.27137	0.68699	0.58802	0.20485	0.41039	0.25403	0.59176	0.63776	0.50508	0.37229	0.42934	0.60204	0.27127	0.66809	0.39037	0.31897	0.42569	0.67802	0.7276	0.30937	0.32387	0.25302	0.68956	0.56708	0.8027	0.4387	0.46923	0.0	0.7722	0.74956	0.65443	0.46663	0.40686	0.81041	0.52978	0.25528	0.49737	0.22868	0.46753	0.66872	0.45316	0.20088	0.48972	0.52562	0.4152	0.12606	0.47214	0.30334	0.57778	0.16588	0.44668	0.25118	0.73854	0.3683	0.67365	0.42151	0.57144	0.6267	0.62405	0.66759	0.44335	0.62633	0.54976	0.44529	0.32301	0.31528	0.42707	1.0	0.50671	0.41975	0.57767	0.63964	0.65748	0.30951	0.67467	0.6031	0.52862	0.22005	0.64794	0.56329	0.52146	0.61338	0.55355	0.63654	0.39123	0.67784	0.4808	0.63293	0.55276	0.53804	0.74748	0.50939	0.45961	0.59743	1.0	0.59157	0.66449	0.21424	0.25508	0.3254	1.0	0.63965	0.64738	0.55877	0.68718	0.53764	0.45786	0.56386	0.73525	0.79872	0.19024	0.24129	0.44983	0.82646	0.47574	0.6356	0.26689	0.40117	0.52328	0.5375	0.45381	0.72499	0.81929	0.34959	0.67247	0.39309	0.51792	0.50709	0.66146	0.58306	0.71664	0.4302	0.41868	0.53336	0.44997	0.57182	0.29673	0.59349	0.38479	0.20799	0.40558	0.42893	0.5147	0.70586	0.50302	0.6914	0.5631	0.38504	0.3466	0.63768	0.43112	0.35955	0.11049	0.51533	0.41642	0.34823	0.49613	0.41576	0.28499	0.21096	0.70729	0.38564	0.50963	0.62823	0.43815	0.66863	0.46512	0.6536	0.20311	0.62795	0.43082	0.44975	0.41915	0.21745	0.43868	0.51265	0.26109	0.70872	0.46322	0.81463	0.32195	0.59594	0.23363	0.21922	0.54785	0.44527	0.55992	0.48328	0.51374	0.44359	0.3432	0.52022	0.43106	0.41366	0.42741	0.71935	0.74375	0.50331	0.39418	0.48992	0.31732	0.33519	0.48185	0.64037	0.42201	0.3858	0.49659	0.38319	0.62105	0.53142	0.89521	0.64756	0.39985	0.54426	0.64659	0.26449	0.6904	0.05299	0.59047	0.28701	0.75159	0.36923	0.52135	0.59833	0.29904	0.44495	0.56431	0.69531	0.46205	0.31133	0.56789	0.39646	0.31904	0.39137	0.71796	0.43892	0.73031	0.38503	0.61338	0.66286	0.43105	0.57397	0.41152	0.4507	0.64921	0.73801	0.59028	0.7583	0.72291	0.21849	0.51763
monkey	0.52863	0.32189	0.41411	0.72913	0.36816	0.32979	0.40422	0.57965	0.43202	0.74119	0.64756	0.66739	0.6128	0.18992	0.66242	0.70827	0.44526	0.5907	0.67233	0.36256	0.5727	0.24352	0.6876	0.47795	0.39992	0.51912	0.78612	0.37136	0.71772	0.59902	0.7571	0.45597	0.29471	0.53346	0.3996	0.65324	0.71676	0.63648	0.26591	0.6886	0.34411	0.6327	0.14327	0.23883	0.6825	0.35904	0.77494	0.52901	0.59161	0.42338	0.65271	0.65073	0.40167	0.6073	0.68742	0.67819	0.1924	0.51756	0.44662	0.54425	0.43452	0.58054	0.47569	0.53183	0.62183	0.19613	0.57602	0.67762	0.83322	0.47397	0.66436	0.28771	0.50372	0.48149	0.62104	0.13006	0.88876	0.62561	0.79837	0.5493	0.66974	0.39758	0.38058	0.60957	0.24338	0.70352	0.40665	0.1155	0.74257	0.46006	0.24669	0.46177	0.33602	0.5741	0.41607	0.46916	0.25974	0.52191	0.76056	0.07803	0.42433	0.06018	0.42337	0.36276	0.40076	0.47378	0.06278	0.80527	0.58539	0.26302	0.66259	0.90795	0.54963	0.74125	0.3582	0.49306	0.45503	0.6746	0.3055	0.43472	0.21677	0.68789	0.27018	0.25931	0.53872	0.4767	0.52102	0.388	0.63973	0.62775	0.8228	0.3107	0.43023	0.43129	0.3096	0.72804	0.9855	0.26503	0.66422	0.4684	0.17842	0.57185	0.70853	0.91707	0.12394	0.45472	0.63103	0.61118	0.62892	0.43637	0.37357	0.57623	0.66309	0.25895	0.49559	0.52765	0.59662	0.6295	0.36673	0.6558	0.49541	0.40315	0.53786	0.70535	0.19843	0.21618	0.95673	0.57477	0.47445	0.66456	0.95934	0.25753	0.25542	0.70764	0.84726	0.57495	0.27289	0.50132	0.76568	0.48086	0.42302	0.37953	0.33404	0.52792	0.3784	0.15579	0.27024	0.29114	0.37645	0.43836	0.59104	0.71251	0.48891	0.51274	0.47968	0.51449	0.2218	0.61779	0.5974	0.33375	0.52237	0.24416	0.42724	0.49407	0.24082	0.53092	0.36658	0.30354	0.67533	0.68858	0.58451	0.51554	0.52983	0.04209	0.37327	0.5916	0.51931	0.51941	0.47033	0.38742	0.39771	0.15431	0.64295	0.54914	0.80137	0.013	0.33315	0.27628	0.53456	0.27782	0.42654	0.38396	0.76583	0.45887	0.4806	0.75595	0.34583	0.60649	0.59203	0.36428	0.47591	0.53658	0.75412	0.51495	0.45025	0.69811	0.29365	0.60719	0.66592	0.19292	0.57494	0.18265	0.42118	0.84124	0.06309	0.77929	0.98717	0.54973	0.73212	0.65916	0.55347	0.74603	0.66243	0.51028	0.33952	0.84278	0.46429	0.69494	0.65606	0.71917	0.69282	0.34505	0.61011	0.29681	0.74983	0.72346	0.55561	0.13843	0.65651	0.21918	0.67512	0.45156	0.69043	0.44554	0.65091	0.2553	0.231	0.17267	0.37852	0.5059	0.28726	0.6306	0.847	0.52502	0.33708	0.6268	0.34993	0.81109	0.33155	0.47721	0.44824	0.48069	0.49283	0.59416	0.56676	0.36491	0.01931	0.44428	0.55723	0.74116	0.62263	0.68542	0.97564	0.51542	0.63066	0.72236	0.72225	0.61851	0.51125	0.35637	0.60429	0.41744	0.61808	0.23961	0.39897	0.63662	0.39677	0.39764	0.47861	0.51603	0.24773	0.21569	0.51823	0.53084	0.43649	0.60229	0.75307	0.7729	0.46005	0.37681	0.60733	0.19642	0.37529	0.29114	0.52435	0.12247	0.35027	0.24309	0.5406	0.31199	0.55327	0.41971	0.3363	0.79851	0.5198	0.16774	0.45411	0.10339	0.39866	0.23049	0.58903	0.51352	0.50108	0.46188	0.79784	0.37152	0.55364	0.16771	0.61522	0.63416	0.34695	0.32251	0.45389	0.83154	0.31676	0.77414	0.47202	0.6416	0.4443	0.66087	0.46554	0.38692	0.50964	0.26107	0.65927	0.59863	0.47113	0.56991	0.74357	0.38336	0.02477	0.3112	0.54987	0.44351	0.22735	0.61818	0.61659	0.54248	0.48661	0.84544
moose	0.40265	0.56691	0.72091	0.62246	0.73013	0.75875	0.4883	0.39079	0.35713	0.5487	0.6667	0.57309	0.78626	0.60302	0.36701	0.53433	0.53282	0.33253	0.40085	0.38464	0.42135	0.80976	0.19864	0.29031	0.51932	0.6587	0.55262	0.20391	0.41575	0.4149	0.59925	0.70538	0.3153	0.89425	0.62924	0.30821	0.73322	0.49631	0.6053	0.17315	0.61383	0.75884	0.30139	0.69853	0.85252	0.50112	0.31989	0.5337	0.66205	0.43383	0.33364	0.50299	0.49908	0.30746	0.4423	0.27695	0.47608	0.20479	0.40324	0.60855	0.46375	0.66485	0.69491	0.31552	0.58167	0.41078	0.08901	0.41349	0.50523	0.63208	0.68736	0.11413	0.42409	0.0652	0.42346	0.31833	0.55365	0.44761	0.71826	0.70064	0.35136	0.50951	0.26668	0.64586	0.35163	0.51562	0.41611	0.55367	0.61204	0.53189	0.32627	0.29231	0.34338	0.70794	0.38935	0.55636	0.77877	0.62912	0.24436	0.41105	0.54875	0.80303	0.95405	0.47772	0.80214	0.56628	0.6038	0.59521	0.71639	0.33014	0.24998	0.0	0.32354	0.40154	0.26405	0.61914	0.36136	0.35757	0.34993	0.41611	0.59259	0.65245	0.55621	0.63515	0.40276	0.57968	0.29727	0.35595	0.5755	0.53693	0.78652	0.72552	0.45647	0.4201	0.83636	0.32839	0.47916	0.40028	0.37819	0.33411	0.43351	0.48366	0.77819	0.1482	0.45646	0.46175	0.41249	0.58843	0.4126	0.25968	0.49234	0.48911	0.33816	0.58803	0.45478	0.68185	0.55705	0.22741	0.50891	0.62333	0.7329	0.23872	0.21047	0.43886	0.53787	0.24244	0.71426	0.67298	0.41142	0.75174	0.37746	0.78837	0.45997	0.80837	0.29183	0.60667	0.35852	0.56305	0.47503	0.35335	0.40281	0.38023	0.52853	0.57555	0.70477	0.38183	0.31262	0.46176	0.56296	0.72303	0.69851	0.60878	0.54534	0.45551	0.35023	0.21228	0.2268	0.4006	0.2679	0.4463	0.63498	0.836	0.60803	0.63386	0.63426	0.91839	0.89763	0.52022	0.44834	0.86915	0.6998	0.66598	0.33902	0.78601	0.45239	0.81003	0.70637	0.22224	0.72824	0.62563	0.49248	0.11376	0.46759	0.6373	0.17659	0.52801	0.76224	0.28764	0.55695	0.67967	0.42347	0.71589	0.76059	0.78694	0.5687	0.26769	0.82452	0.61653	0.5746	0.06454	0.4828	0.6871	0.46895	0.29525	0.53899	0.58324	0.4919	1.0	0.21523	0.5568	0.52819	0.49186	0.23796	0.58439	0.54448	0.37082	0.29334	0.75297	0.13949	0.26704	0.01138	0.60109	0.34741	0.37373	0.38749	0.74709	0.58507	0.66761	0.68456	0.48094	0.43999	0.60394	0.45253	0.59261	0.7601	0.48606	0.85333	0.46263	0.36173	0.20077	0.0432	0.5078	0.3432	0.67801	0.51947	0.8055	0.69452	0.53184	0.5698	0.04902	0.28245	0.1336	0.27259	0.49127	0.68502	0.71954	0.4068	0.72565	0.84661	0.55702	0.859	0.74129	0.26464	0.60641	0.35483	0.60591	0.62053	0.39572	0.52469	0.54492	0.17897	0.42891	0.64474	0.40322	0.52947	0.74793	0.57278	0.42336	0.54257	0.74941	0.2226	0.01658	0.15603	0.41797	0.53036	0.72043	0.42559	0.22153	0.38316	0.42232	0.72555	0.29685	0.41111	0.31811	0.24463	0.2629	0.32788	0.72584	0.35636	0.3583	0.45578	0.46714	0.492	0.31524	0.35296	0.42023	0.41151	0.27632	0.491	0.30048	0.27351	0.38712	0.85313	0.81238	0.46967	0.21252	0.70815	0.83125	0.77044	0.71329	0.28924	0.82781	0.78637	0.70104	0.65847	0.65186	0.32879	0.80885	0.35843	0.57991	0.38852	0.53211	0.63254	0.54832	0.52751	0.45779	0.50539	0.5318	0.67605	0.13437	0.25078	0.3665	0.62045	0.1808	0.63804	0.38806	0.217	0.31602	0.53806	0.46241	0.6039	0.3807	0.82052	0.47874	0.52656	0.59326	0.54921	0.23362	0.47984	0.34273
moth	0.40085	0.73342	0.58735	0.38601	0.72468	0.65246	0.6191	0.29802	0.45455	0.3136	0.51068	0.49548	0.2681	0.7966	0.50511	0.14944	0.43324	0.47218	0.4936	0.43268	0.53089	0.52416	0.37983	0.17327	0.2462	0.64032	0.45534	0.69217	0.34002	0.86485	0.938	0.61691	0.80001	0.66701	0.62116	0.59199	0.77818	0.59703	0.44558	0.67777	0.35622	0.48405	0.319	0.33284	0.55369	0.44934	0.46029	0.85811	0.28015	0.46388	0.4048	0.28128	0.31165	0.27551	0.48624	0.74198	0.56311	0.34639	0.32857	0.44909	0.52041	0.67444	0.60782	0.39499	0.25992	0.49414	0.23764	0.61916	0.72602	0.7486	0.34099	0.48519	0.40452	0.61835	0.27349	0.51575	0.54482	0.51766	0.5413	0.6025	0.77552	0.51568	0.65375	0.36387	0.63894	0.54853	0.7763	0.24016	0.70197	0.44653	0.57096	0.5743	0.79136	0.61835	0.68288	0.51519	0.37625	0.49836	0.18603	0.32291	0.52093	0.35951	0.30711	0.31941	0.3377	0.45221	0.25114	0.30845	0.24159	0.40103	0.38052	0.27723	0.18448	0.88412	0.63984	0.40758	0.59174	0.53111	0.43714	0.55028	0.74662	0.59158	0.38821	0.53948	0.52631	0.39912	0.70084	0.31486	0.5654	0.70638	0.65212	0.60723	0.77885	0.69591	0.63263	0.33352	0.25597	0.34435	0.53982	0.70189	0.59058	0.67088	0.52557	0.15928	0.47952	0.44781	0.32982	0.68811	0.66822	0.18575	0.78073	1.0	0.7281	0.40702	0.25166	0.666	0.54516	0.43894	0.68385	0.58619	0.60273	0.20399	0.49491	0.1672	0.7122	0.24246	0.60596	0.50628	0.32441	0.35322	0.55988	0.20912	0.48833	0.71909	0.68592	0.56707	0.3224	0.15626	0.56888	0.37357	0.61401	0.35736	0.6221	0.59815	0.65311	0.39375	0.23712	0.57601	0.50443	0.61885	0.70881	0.10646	0.34676	0.51482	0.43274	0.62259	0.46133	0.9139	0.61149	0.60665	0.36674	0.39388	0.74637	0.72387	0.7854	0.67685	0.63339	0.68844	0.12813	0.57502	0.79772	0.57866	0.52287	0.40828	0.68243	0.59691	0.60416	0.60759	0.45485	0.49635	0.66843	0.4028	0.64926	0.6258	0.49137	0.46809	0.31839	0.42414	0.64533	0.46964	0.80619	0.44165	0.68237	0.42748	0.58934	0.27038	0.0	0.66784	0.86147	0.57692	0.4775	0.58734	0.93651	0.47261	0.6136	0.71573	0.83008	0.15766	0.53379	0.20503	0.6876	0.71962	0.6582	0.6433	0.57389	0.40568	0.17183	0.5859	0.14071	0.49373	0.39229	0.41083	0.71921	0.29394	0.55389	0.61993	0.57056	0.471	0.4087	0.46145	0.50581	0.4677	0.22944	0.56946	0.45995	0.55919	0.72702	0.32093	0.6466	0.56205	0.61738	0.63725	0.50277	0.42184	0.58527	0.56918	0.42711	0.3638	0.45555	0.3318	0.58817	0.3946	0.67189	0.35349	0.63109	0.67569	0.32303	0.80952	0.67523	0.19108	0.59344	0.50498	0.33883	0.51715	0.49628	0.44109	0.62712	0.25473	0.10422	0.32888	0.6937	0.59386	0.27616	0.79498	0.69206	0.43842	0.33702	0.0531	0.75792	0.60422	0.56675	0.39229	0.50348	0.5294	0.45375	0.40573	0.39254	0.49134	0.50395	0.22714	0.50441	0.2946	0.72427	0.23879	0.60878	0.51475	0.42571	0.50908	0.09818	0.49515	0.49456	0.3549	0.56737	0.11928	0.47841	0.58855	0.69672	0.39887	0.47689	0.74185	0.41512	0.33711	0.48089	0.3406	0.30402	0.56187	0.40591	0.63612	0.44662	0.76541	0.45858	0.18248	0.55612	0.6435	0.40177	0.59558	0.57599	0.39125	0.40399	0.74981	0.44184	0.60443	0.60712	0.33234	0.58376	0.4152	0.6961	0.44188	0.82488	0.1724	0.44852	0.21784	0.33567	0.48842	0.33923	0.10295	0.33121	0.42435	0.28753	0.0	0.54114	0.21014	0.54733	0.35511	0.68473	0.59995	0.32912	0.51752	0.26691	0.45054
mouse	0.23577	0.70918	0.55938	0.64998	0.50044	0.69831	0.24655	0.5498	0.71245	0.40977	0.69355	0.78084	0.54899	0.33012	0.59219	0.6427	0.44826	0.74314	0.38649	0.39712	0.36831	0.63958	0.37695	0.39648	0.26955	0.84678	0.30309	0.7281	0.68257	0.43341	0.46095	0.29368	0.63083	0.46	0.49877	0.36524	0.47532	0.53815	0.34241	0.47608	0.57945	0.49801	0.62375	0.61115	0.25523	0.40335	0.49328	0.08531	0.54287	0.40385	0.2177	0.45008	0.13449	0.685	0.59388	0.07593	0.25478	0.44371	0.51415	0.79767	0.57306	0.67502	0.58538	0.37886	0.55917	0.63466	0.31088	0.50828	0.54047	0.53146	0.92768	0.40917	0.68921	0.45708	0.24486	0.42548	0.5522	0.59343	0.3463	0.22694	0.57707	0.67995	0.65629	0.72858	0.47153	0.39292	0.48641	0.64507	0.90369	0.56659	0.34121	0.54644	0.64228	0.70427	0.4166	0.44038	0.14939	0.18694	0.74269	0.61012	0.36568	0.62993	0.19231	0.80774	0.49212	0.64371	0.5943	0.57567	0.52737	0.3709	0.40182	0.38353	0.46162	0.46398	0.59688	0.66026	0.70546	0.60928	0.25222	0.52864	0.19295	0.43195	0.55738	0.29796	0.36658	0.44294	0.78241	0.2982	0.76199	0.18225	0.74556	0.43049	0.41979	0.29818	0.24595	0.40457	0.4329	0.54991	0.75726	0.5476	0.38365	0.79386	0.40142	0.44001	0.18863	0.29565	0.40993	0.55718	0.19335	0.50684	0.24172	0.53047	0.58985	0.37989	0.30998	0.39746	0.33846	0.50881	0.50542	0.42934	0.39138	0.45903	0.34791	0.8202	0.43842	0.64071	0.62934	0.4566	0.64196	0.18291	0.19618	0.37442	0.21036	0.56578	0.43457	0.4798	0.33244	0.54794	0.4623	0.55088	0.36887	0.348	0.51628	0.79353	0.60672	0.21997	0.2556	0.22776	0.41232	0.40342	0.52833	0.37798	0.6574	0.50795	0.44803	0.40063	0.58062	0.60235	0.41675	0.4475	0.56147	0.52604	0.57106	0.3836	0.44864	0.56423	0.32637	0.6507	0.69024	0.64796	0.38794	0.20722	0.68503	0.47859	0.33045	0.37178	0.43631	0.37684	0.61431	0.44911	0.44099	0.39272	0.4867	0.73126	0.31086	0.64084	0.49235	0.39209	0.60017	0.71028	0.66969	0.60351	0.58823	0.40313	0.59986	0.49056	0.63816	0.67819	0.5201	0.55546	0.56302	0.44937	0.82513	0.59451	0.52967	0.54606	0.53313	0.43345	0.11842	0.55742	0.38647	0.32514	0.55301	0.55632	0.77708	0.31155	0.34212	0.43367	0.16049	0.40445	0.45829	0.5664	0.53636	0.30278	0.46143	0.82272	0.47509	0.55952	0.63443	0.84664	0.5021	0.49478	0.54419	0.74776	0.24994	0.68766	0.64802	0.26353	0.74033	0.69792	0.75661	0.4957	0.4147	0.4975	0.23947	0.39272	0.52837	0.50152	0.47525	0.71959	0.41025	0.21075	0.28155	0.6289	0.46714	0.28645	0.48404	0.51214	0.66079	0.40194	0.4644	0.96854	0.44798	0.38314	0.61974	0.49439	0.66007	0.14802	0.37154	0.48399	0.58977	0.4652	0.80506	0.87473	0.2581	0.46656	0.72614	0.69249	0.7487	0.51978	0.62845	0.43829	0.50117	0.41827	0.61948	0.61272	0.37865	0.61922	0.69943	0.45139	0.60678	0.61844	0.4102	0.64263	0.40609	0.68086	0.77934	0.47571	0.54969	0.27664	0.94997	0.59814	0.52555	0.52165	0.59276	0.46704	0.448	0.43601	0.56216	0.70566	0.58609	0.60591	0.23401	0.73839	0.71526	0.41211	0.32805	0.53753	0.88567	0.2373	0.43649	0.38245	0.46507	0.55192	0.55168	0.22473	0.69558	0.1102	0.55247	0.64513	0.42685	0.51469	0.68258	0.59242	0.39246	0.37916	0.62292	0.47674	0.9109	0.61896	0.41967	0.65379	0.54474	0.59952	0.51263	0.5705	0.63118	0.19085	0.43623	0.51784	0.32441	0.22395	0.5678	0.28604	0.70136	0.40426	0.55124	0.19192	0.26766	0.63386
mule	0.56415	0.80197	0.27677	0.62091	0.43554	0.43294	0.79209	0.69079	0.71521	0.54994	0.43353	0.55977	0.49502	0.33784	0.44519	0.63702	0.41468	0.43189	0.35947	0.32605	0.68101	0.29419	0.48022	0.25509	0.40517	0.36241	0.5621	0.50028	0.31639	0.59945	0.57622	0.49285	0.65193	0.82899	0.79615	0.19092	0.44962	0.55824	0.2021	0.69416	0.68145	0.59579	0.31343	0.74353	0.4451	0.2455	0.31722	0.39385	0.30614	0.26859	0.45082	0.49571	0.5793	0.49756	0.53633	0.43857	0.6181	0.71689	0.86405	0.90912	0.66897	0.5182	0.62484	0.5969	0.69856	0.40978	0.48536	0.55872	0.67941	0.53029	0.57695	0.64499	0.02863	0.99109	0.48401	0.62259	0.70499	0.63164	0.37126	0.51149	0.4868	0.24644	0.80332	0.79584	0.47101	0.10849	0.52462	0.49507	0.68643	0.78499	0.17714	0.36938	0.2202	0.54525	0.41268	0.40247	0.10447	0.53814	0.40751	0.47491	0.23964	0.604	0.81175	0.63628	0.70055	0.49908	0.5068	0.79089	0.39648	0.31479	0.40308	0.64933	0.39849	0.39381	0.11544	0.66282	0.66032	0.56547	0.57018	0.50214	0.53044	0.71845	0.48162	0.57476	0.23125	0.58166	0.35817	0.44442	0.64957	0.61279	0.61208	0.38466	0.61701	0.72339	0.49279	0.50659	0.62906	0.5777	0.54065	0.63709	0.61052	0.44925	0.66943	0.46318	0.53908	0.41596	0.34261	0.36768	0.40117	0.62723	0.51397	0.34881	0.65667	0.54728	0.2463	0.44108	0.54444	0.76541	0.61454	0.47406	0.34571	0.19457	0.3684	0.55696	0.86992	0.41539	0.65626	0.6282	0.7386	0.25763	0.38822	0.50999	0.41869	0.83633	0.53672	0.23118	0.58678	0.19932	0.5672	0.62959	0.28604	0.29802	0.31108	0.32237	0.6312	0.32727	0.4339	0.51022	0.24991	0.65402	0.61456	0.42533	0.37065	0.43968	0.75864	0.38701	0.24866	0.58151	0.35091	0.50221	0.50382	0.55778	0.30399	0.35992	0.37604	0.63615	0.43742	0.55282	0.53867	0.35828	0.70259	0.49482	0.39343	0.72605	0.65097	0.50868	0.5185	0.34596	0.46751	0.3257	0.53917	0.48104	0.39258	0.49275	0.33898	0.67924	0.45502	0.43977	0.39681	0.18712	0.36252	0.31837	0.48558	0.44961	0.36971	0.56417	0.38765	0.1886	0.4804	0.49002	0.71766	0.40557	0.33408	0.4219	0.46327	0.27536	0.42664	0.38015	0.40035	0.67203	0.36922	0.19347	0.55715	0.58905	0.37546	0.38194	0.76797	0.49109	0.63729	0.4861	0.30598	0.17809	0.41101	0.25089	0.48505	0.62691	0.28797	0.67991	0.83383	0.51229	0.40088	0.47015	0.39574	0.42718	0.54673	0.24269	0.45663	0.66905	0.48637	0.76359	0.59166	0.62086	0.51147	0.562	0.5955	0.35377	0.81896	0.40356	0.40291	0.53152	0.34365	0.89892	0.48518	0.71792	0.76963	0.29117	0.76848	0.44655	0.38923	0.27341	0.37067	0.58005	0.92956	0.55208	0.61236	0.17477	0.2809	0.75814	0.45188	0.66043	0.83052	0.55049	0.29723	0.65154	0.69083	0.32127	0.59564	0.41334	0.46151	0.40519	0.189	0.33572	0.60484	0.62091	0.36267	0.44898	0.74868	0.41611	0.66456	0.51598	0.82128	0.40412	0.31627	0.66339	0.45941	0.56134	0.64139	0.56926	0.54854	0.23261	0.3643	0.24581	0.75558	0.45457	0.42142	0.73367	0.53709	0.25458	0.44024	0.03551	0.44565	0.04513	0.56899	0.46236	0.70275	0.67898	0.40726	0.46996	0.36706	0.46469	0.50907	0.42463	0.57874	0.3163	0.89134	0.6506	0.57968	0.35393	0.67942	0.37036	0.27753	0.2608	0.67424	0.50407	0.65547	0.31462	0.70878	0.58563	0.30517	0.46965	0.29518	0.32485	0.63835	0.4752	0.22488	1.0	0.64889	0.69575	0.32033	0.48952	0.34542	0.58882	0.6252	0.66614	0.76842	0.42438	0.56445	0.44109	0.55471	0.47946
newt	0.64511	0.34331	0.47602	0.37754	0.66636	0.38807	0.54701	0.32374	0.75571	0.76815	0.26814	0.4899	0.79965	0.78749	0.41116	0.51313	0.37218	0.43338	0.38293	0.44121	0.10496	0.70233	0.72131	0.88402	0.48898	0.68258	0.62956	0.51805	0.37955	0.39483	0.54466	0.46693	0.61685	0.6545	0.75823	0.55491	0.31991	0.33668	0.27863	0.43021	0.64555	0.22226	0.64063	0.55688	0.47174	0.45146	0.78542	0.87798	0.5494	0.82961	0.24525	0.52643	0.40715	0.50787	0.51327	0.17522	0.62866	0.30675	0.34546	0.08382	0.52389	0.64101	0.79834	0.72314	0.36081	0.44986	0.23202	0.53164	0.51313	0.53136	0.63104	0.33836	0.47193	0.42422	0.63789	0.43551	0.80024	0.46499	0.13035	0.99683	0.5435	0.74877	0.39614	0.41198	0.44617	0.61708	0.62977	0.23658	0.75601	0.52648	0.6663	0.29191	0.31001	0.55914	0.50064	0.42353	0.47502	0.50092	0.64309	0.46459	0.64868	0.33651	0.47667	0.53038	0.35876	0.20681	0.54271	0.75497	0.65924	0.67577	0.60022	0.11477	0.12018	0.41636	0.83651	0.48463	0.56022	0.25884	0.29756	0.48442	0.65395	0.09825	0.45148	0.29629	0.40152	0.39616	0.72469	0.40658	0.5523	0.57291	0.48091	0.45815	0.5851	0.50183	0.70382	0.52173	0.95817	0.09269	0.52754	0.67783	0.24878	0.48117	0.64952	0.44244	0.72899	0.22986	0.38167	0.25854	0.2836	0.34606	0.45246	0.64677	0.4402	0.30913	0.27305	0.28527	0.10583	0.64028	0.63797	0.43758	0.45209	0.63562	0.45964	0.58268	0.57755	0.36657	0.29007	0.54201	0.35006	0.60949	0.47579	0.65266	0.66378	0.59252	0.77403	0.84703	0.31219	0.72613	0.63527	0.37099	0.65579	0.52444	0.57967	0.71416	0.30859	0.4219	0.46842	0.48605	0.93389	0.31853	0.23698	0.42256	0.57621	0.4656	0.59727	0.60225	0.68744	0.62134	0.28967	0.38462	0.76568	0.33724	0.52381	0.76169	0.33302	0.64815	0.30147	0.12727	0.74628	0.35563	0.60269	0.50757	0.4451	0.27859	0.46474	0.31476	0.24537	0.70594	0.62871	0.46944	0.75745	0.49713	0.43163	0.39098	0.59921	0.53633	0.4409	0.36219	0.31741	0.4519	0.62792	0.56566	0.62788	0.53637	0.31118	0.36643	0.38339	0.95012	0.75683	0.37533	0.36685	0.65005	0.50349	0.50586	0.69348	0.3391	0.26651	0.21039	0.32656	0.3271	0.31201	0.50622	0.53609	0.67119	0.47906	0.37983	0.67064	0.52781	0.26827	0.5024	0.44275	0.08526	0.3322	0.56802	0.68013	0.65257	0.34153	0.1182	0.60805	0.30742	0.8297	0.68861	0.62641	0.26004	0.30579	0.70239	0.35623	0.44234	0.68037	0.73641	0.51864	0.53323	0.97061	0.48791	0.45407	0.76341	0.44014	0.26033	0.44942	0.36738	0.70317	0.4665	0.66428	0.60638	0.46313	0.51029	0.10668	0.57278	0.72503	0.40851	0.89655	0.6913	0.43147	0.32492	0.35211	0.34566	0.42532	0.56687	0.28523	0.52002	0.22223	0.20869	0.43712	0.5009	0.536	0.40329	0.64568	0.298	0.64992	0.62027	0.66609	0.48672	1.0	0.35365	0.71436	0.44581	0.67995	0.52825	0.44249	0.50902	0.81231	0.06045	0.61706	0.22838	0.43744	0.26141	0.32106	0.74779	0.69473	0.74895	0.22981	0.58432	0.85408	0.45912	0.64943	0.45862	0.53985	0.41513	0.46599	0.53844	0.6897	0.78561	0.51947	0.75849	0.43547	0.9041	0.6611	0.57838	0.41659	0.51859	0.41669	0.19264	0.75597	0.73828	0.54057	0.39161	0.3257	0.39409	0.50942	0.81371	0.38851	0.47193	0.4879	0.40101	0.76395	0.27566	0.50934	0.31887	0.1661	0.59244	0.11769	0.61974	0.40457	0.28544	0.59347	0.2531	0.23013	0.70692	0.20647	0.53064	0.84447	0.34834	0.6808	0.84527	0.21404	0.46208	0.47031	0.39711	0.41747	0.17749
nightingale	0.48438	0.2152	0.59099	0.22329	0.53188	0.42171	0.63075	0.30454	0.19927	0.27599	0.67206	0.6745	0.48285	0.48571	0.47055	0.56529	0.49565	0.42826	0.52472	0.3058	0.47315	0.37358	0.53012	0.24356	0.81989	0.53657	0.71096	0.51519	0.52049	0.47823	0.78426	0.51311	0.53071	0.3756	0.73141	0.24292	0.54959	0.2326	0.6042	0.81987	0.49389	0.5125	0.4079	0.19349	0.47505	0.49045	0.59148	0.71401	0.5864	0.49616	0.34158	0.48403	0.25346	0.29984	0.7881	0.50037	0.94843	0.36767	0.31027	0.61083	0.56842	0.69092	0.52885	0.76834	0.46545	0.51366	0.4526	0.2805	0.44274	0.79018	0.50641	0.3191	0.31894	0.6571	0.09804	0.55857	0.6446	0.59079	0.43785	0.42863	0.41192	0.51791	0.3452	0.32026	0.188	0.65634	0.5967	0.56991	0.78941	0.46257	0.46894	0.39187	0.75209	0.62359	0.54416	0.25048	0.41666	0.47515	0.46159	0.20387	0.40392	0.7064	0.54171	0.39479	0.64906	0.60193	0.35624	0.60569	0.44137	0.12003	0.78409	0.40712	0.42242	0.7306	0.63474	0.41728	0.5099	0.59797	0.39916	0.8416	0.86082	0.58402	0.27737	0.56507	0.2236	0.52502	0.57043	0.21076	0.66794	0.55583	0.70183	0.78616	0.28585	0.37275	0.58708	0.44127	0.33209	0.31836	0.54767	0.55465	0.47896	0.71094	0.42599	0.09738	0.40825	0.55483	0.27171	0.53505	0.23797	0.22119	0.6507	0.69211	0.5486	0.54449	0.38872	0.44721	0.72161	0.42155	0.57399	0.46285	0.69507	0.27856	0.51735	0.40689	0.65234	0.47346	0.57538	0.35286	0.43028	0.34665	0.50261	0.44157	0.47786	0.62218	0.35441	0.58888	0.32923	0.49262	0.44535	0.48669	0.42418	0.40813	0.40633	0.76633	0.37182	0.59374	0.43195	0.6051	0.59757	0.53623	0.53034	0.29571	0.46961	0.4495	0.52282	0.40652	0.63262	0.79986	0.49891	0.79902	0.3906	0.34315	0.44498	0.81266	0.39419	0.67752	0.75339	0.39057	0.51605	0.34783	1.0	0.74268	0.33193	0.59913	0.79293	0.54137	0.58401	0.3889	0.73164	0.45122	0.21805	0.40357	0.73097	0.644	0.19101	0.62135	0.59921	0.19004	0.64605	0.5007	0.83217	0.68988	0.74876	0.50029	0.79969	0.53373	0.25343	0.53836	0.90339	0.60159	0.37967	0.65403	0.80678	0.38529	0.8265	0.85561	0.33402	0.35108	0.57023	0.31162	0.51398	0.67825	0.58491	0.69266	0.52485	0.19193	0.41305	0.44269	0.35931	0.42428	0.34856	0.32187	0.48093	0.32901	0.63409	0.3867	0.47957	0.60305	0.70385	0.49533	0.31525	0.30521	0.36118	0.55961	0.6886	0.70564	0.61837	0.45147	0.71395	0.56336	0.37907	0.4174	0.30477	0.64903	0.53666	0.52434	0.42825	0.29954	0.556	0.10895	0.10212	0.3999	0.55478	0.50135	0.45586	0.49533	0.57032	0.46945	0.66439	0.45786	0.33132	0.61616	0.61378	0.49442	0.55797	0.26688	0.56916	0.34409	0.34223	0.45851	0.60316	0.45035	0.43192	0.75955	0.8759	0.64476	0.30066	0.11314	0.76605	0.57696	0.19702	0.16358	0.53032	0.61375	0.35871	0.30975	0.53615	0.49471	0.09707	0.27609	0.63723	0.49457	0.55577	0.489	0.43017	0.50149	0.50403	0.41386	0.39515	0.47478	0.59249	0.95804	0.38406	0.17018	0.81951	0.75114	0.76	0.3925	0.87931	0.34141	0.63407	0.30711	0.40552	0.43311	0.45729	0.45629	0.55663	0.81386	0.59116	0.62688	0.31491	0.30955	0.45986	0.87685	0.34877	0.38495	0.51898	0.5804	0.45945	0.73793	0.38506	0.55879	0.79746	0.41646	0.23633	0.12095	0.54408	0.56067	0.62635	0.49584	0.54475	0.45366	0.39903	0.48481	0.36032	0.22313	0.64588	0.57503	0.43765	0.16474	0.61174	0.0448	0.60529	0.46227	0.63041	0.69291	0.74062	0.43397	0.37868	0.38387
nuthatch	0.51151	0.52862	0.11901	0.40967	0.89877	0.60164	0.05012	0.74095	0.47161	0.38749	0.52921	0.32366	0.65906	0.18322	0.38199	0.89306	0.23832	0.54118	0.00653	0.28392	0.6711	0.45694	0.37227	0.6087	0.15128	0.70028	0.54973	0.46159	0.43751	0.42143	0.75913	0.43529	0.6948	0.86995	0.70971	0.59354	0.46504	0.36	0.57113	0.30089	0.89842	0.54533	0.16267	0.37508	0.8085	0.72644	0.48269	0.78113	0.63572	0.56418	0.0	0.18936	0.51768	0.57835	0.32024	0.3304	0.70167	0.13888	0.43161	0.72913	0.30976	0.70027	0.59875	0.56283	0.86367	0.33894	0.46741	0.7782	0.64693	0.49411	0.57907	0.43272	0.62424	0.26815	0.67625	0.41502	0.49547	0.64689	0.66335	0.24401	0.42426	0.42771	0.61384	0.51019	0.73123	0.51818	0.60141	0.3337	0.63988	0.17987	0.05242	0.35952	0.8026	0.53179	0.66781	0.39981	0.25035	0.35797	0.0	0.46104	0.58885	0.6323	0.58122	0.67624	0.87175	0.5973	0.531	0.49507	0.20756	0.70035	0.53033	0.72696	0.48739	0.34798	0.4705	0.33305	0.56414	0.08536	0.4783	0.68795	0.72093	0.59393	0.34885	0.69127	0.3351	0.40178	0.44361	0.50027	0.87608	0.3777	0.70841	0.54964	0.31728	0.62974	0.53595	0.44667	0.45096	0.46038	0.92919	0.56394	0.70187	0.60454	0.63708	0.73183	0.38757	0.34624	0.25831	0.69583	0.46063	0.30859	0.59792	0.11772	0.39212	0.31459	0.37508	0.50015	0.21809	0.60476	0.68489	0.48346	0.43559	0.47639	0.62085	0.72623	0.02787	0.40106	0.74528	0.43409	0.38999	0.4458	0.52347	0.45419	0.3168	0.65685	0.56254	0.37267	0.49693	0.83387	0.49457	0.61525	0.44771	0.18815	0.86301	0.32487	0.74184	0.17923	0.07909	0.4088	0.66062	0.64437	0.32418	0.67413	0.77652	0.32372	0.27719	0.65541	0.49786	0.86014	0.1433	0.38983	0.57607	0.56438	0.39935	0.82483	0.36375	0.60509	0.62542	0.61531	0.43165	0.48462	0.34592	0.60651	0.81034	0.48499	0.80405	0.29282	0.39909	0.3405	0.3351	0.61695	0.34591	0.33667	0.39715	0.06463	0.17765	0.7743	0.42283	0.3288	0.41599	0.64861	0.61301	0.67794	0.52042	0.67398	0.35534	0.37623	1.0	0.46616	0.2236	0.31694	0.41129	0.3569	0.0	0.53616	0.68962	0.28256	0.22867	0.53781	0.47767	0.47164	0.58481	0.66868	0.5829	0.85334	0.51371	0.58683	0.43424	0.55187	0.35186	0.59051	0.26491	0.46325	0.37215	0.39946	0.33525	0.40745	0.57401	0.49808	0.44211	1.0	0.50454	0.34005	0.56831	0.43315	0.17703	0.44069	0.48846	0.7238	0.4777	0.39557	0.3444	0.30003	0.4582	0.23453	0.4038	0.44022	0.59744	0.48834	0.36659	0.40034	0.18967	0.42012	0.60131	0.70729	0.6003	0.77869	0.60316	0.48606	0.67968	0.67145	0.49229	0.72414	0.54112	0.30122	0.37369	0.31152	0.54435	0.28595	0.46757	0.43076	0.58105	0.57998	0.3085	0.86827	0.31346	0.81492	0.66318	0.41127	0.53322	0.67658	0.2458	0.34749	0.24445	0.53652	0.40474	0.73753	0.60993	0.51627	0.57326	0.69336	0.85968	0.62792	0.49694	0.47436	0.38662	0.35514	0.64316	0.32234	0.47301	0.45676	0.28016	0.60099	0.54763	0.43011	0.37314	0.43692	0.39352	0.45216	0.79737	0.45605	0.44069	0.90348	0.53474	0.55872	0.57852	0.70349	0.74645	0.67607	0.23678	0.5818	0.63326	0.31001	0.42513	0.58259	0.69844	0.65167	0.33802	0.57832	0.47851	0.63085	0.28221	0.19225	0.42777	0.24929	0.63239	0.407	0.17723	0.64999	0.73137	0.47967	0.55471	0.03042	0.71499	0.67489	0.53971	0.41757	0.49301	0.45859	0.94236	0.48395	0.28527	0.57435	0.54353	0.76599	0.47828	0.70091	0.8343	0.73502	0.36115	0.44316
nymph	0.50997	0.3997	0.70323	0.58627	0.70466	0.42218	0.57931	0.37917	0.48907	0.40671	0.31925	0.61561	0.28682	0.53914	0.52236	0.72711	0.50586	0.54193	0.33116	0.45317	0.62618	0.46024	0.95575	0.58576	0.35598	0.82211	0.5701	0.29039	0.50694	0.21322	0.60654	0.43942	0.13762	0.41455	0.44757	0.27536	0.53669	0.43797	0.62987	0.38248	0.5958	0.70798	0.54744	0.38658	0.14437	0.57784	0.23171	0.37342	0.6142	0.68131	0.17845	0.5595	0.58063	0.12681	0.51527	0.21234	0.24978	0.43032	0.13446	0.56153	0.5997	0.70987	0.14794	1.0	0.62615	0.30608	0.23743	0.76498	0.39088	0.63797	0.61017	0.51132	0.60877	0.4182	0.29966	0.48282	0.56699	0.18889	0.47985	0.23857	0.33886	0.92671	0.49802	0.58822	0.21154	0.54443	0.41074	0.83172	0.95784	0.29405	0.22653	0.0	0.66025	0.69749	0.30624	0.69695	0.55813	0.51488	0.70822	0.39799	0.46502	0.55556	0.53627	0.41889	0.74545	0.86399	0.29919	0.62613	0.67317	0.33619	0.52331	0.44208	0.10072	0.48263	0.34048	0.56784	0.39352	0.7073	0.66014	0.50009	0.68432	0.38104	0.54743	0.30257	0.4713	0.58029	0.37355	0.54242	0.26106	0.55407	0.41267	0.37698	0.23768	0.4771	0.61464	0.50761	0.25533	0.7547	0.73272	0.38984	0.58375	0.56679	0.5755	0.35094	0.74598	0.27939	0.39767	0.44534	0.24937	0.563	0.27586	0.13872	0.5636	0.52711	0.5248	0.59066	0.33148	0.38874	0.65712	0.44003	0.61349	0.77983	0.23658	0.46334	0.66009	0.28139	0.68108	0.5327	0.55236	0.39493	0.33639	0.78515	0.45641	1.0	0.5043	0.3169	0.41178	0.5668	0.42741	0.37525	0.34779	0.39513	0.56429	0.49032	0.45916	0.31767	0.29826	0.58253	0.2786	0.44772	0.3817	0.50523	0.92558	0.557	0.67672	0.40863	1.0	0.60005	0.5525	0.64701	0.59177	0.73963	0.67197	0.31188	0.27032	0.71274	0.20801	0.24418	0.50598	1.0	0.483	0.07587	0.49443	0.68348	0.56309	0.45569	0.30794	0.45103	0.60935	0.79526	0.30902	0.30569	0.66789	0.06945	0.93835	0.25325	0.60198	0.5845	0.6069	0.49171	0.27077	0.2104	0.37716	0.63037	0.7802	0.85562	0.37205	0.50391	0.14629	0.3377	0.54209	0.40382	0.75807	0.46607	0.78594	0.37138	0.3238	0.67233	0.47127	0.45415	0.31199	0.36116	0.35873	0.52916	0.66832	0.43165	0.42082	0.41149	0.56646	0.26809	0.47208	0.39088	0.39156	0.38734	0.4352	0.56217	0.41553	0.45319	0.62681	0.28231	0.80245	0.58752	0.72349	0.48459	0.5009	0.50917	0.53188	0.25259	0.70915	0.25835	0.52477	0.42056	0.25112	0.0	0.64043	0.69425	0.33365	0.52652	0.47982	0.57357	0.57792	0.74434	0.43868	0.41804	0.33889	0.3199	0.37286	0.56319	0.5717	0.69711	0.60468	0.57255	0.53662	0.29297	0.77991	0.42175	0.30032	0.50058	0.58887	0.2961	0.12119	0.30614	0.32014	0.204	0.17385	0.66994	0.73086	0.90911	0.54192	0.61793	0.71052	0.34316	0.61914	0.77712	0.56971	0.40239	0.14335	0.75053	0.50277	0.46075	0.08652	0.57019	0.421	0.7503	0.54227	0.51734	0.82058	0.56588	0.75846	0.5653	0.74743	0.04798	0.48137	0.40107	0.5905	0.14972	0.36297	0.58564	0.54816	0.54204	0.50937	0.1457	0.72283	0.5492	0.48761	0.77383	0.58955	0.26784	0.82019	0.37935	0.79718	0.62536	0.71773	0.7703	0.52254	0.55967	0.52596	0.65922	0.5421	0.4828	0.45264	0.70712	0.53827	0.50399	0.4494	0.6021	0.5642	0.52513	0.78843	0.28822	0.67122	0.64308	0.83548	0.67039	0.69173	0.37072	0.24199	0.40703	0.49232	0.57513	0.33655	0.41824	0.35944	0.62908	0.63014	0.45997	0.47289	0.61897	0.61625	0.86848
octopus	0.40514	0.71932	0.65328	0.64676	0.82419	0.36683	0.65553	0.40103	0.57587	0.37337	0.52917	0.2551	0.49647	0.7008	0.66099	0.48732	0.44112	0.22674	0.42403	0.33479	0.35817	0.31642	0.374	0.61671	0.41093	0.55983	0.53868	0.60235	0.31621	0.381	0.50867	0.27328	0.80745	0.56664	0.57823	0.49316	0.29242	0.65116	0.70423	0.55693	0.52246	0.58798	0.37414	0.33316	0.4048	0.4702	0.60219	0.6589	0.59817	0.43243	0.22908	0.3072	0.60401	0.5409	0.80232	0.47484	0.58365	0.45175	0.59038	0.47042	0.53422	0.55609	0.63205	0.67068	0.38826	0.36654	0.58704	0.30927	0.44902	0.60914	0.12553	0.64602	0.43726	0.74866	0.56376	0.75255	0.47156	0.67986	0.35959	0.58166	0.53142	0.65926	0.58007	0.49019	0.58357	0.7033	0.8655	0.55823	0.6811	0.24283	0.67931	0.63554	0.59106	0.79027	0.42374	0.30492	0.19593	0.4854	0.37919	0.47986	0.20939	0.43247	0.39279	0.49716	0.50807	0.69838	0.30444	0.58833	0.58473	0.73693	0.40714	0.39212	0.14596	0.94157	0.76153	0.60894	0.6268	0.24332	0.3627	0.44732	0.75189	0.31663	0.2185	0.55193	0.47365	0.44142	0.51311	0.83498	0.5358	0.74439	0.48994	0.61328	0.36213	0.22735	0.61706	0.63597	0.36652	0.43535	0.78062	0.63645	0.70311	0.30535	0.77579	0.35402	0.37662	0.5683	0.44779	0.6566	0.58199	0.4366	0.55022	0.70815	0.4258	0.52123	0.47219	0.62614	0.47215	0.35854	0.50874	0.49102	0.75059	0.60893	0.34738	0.44632	0.23817	0.34856	0.95127	0.40542	0.48229	0.46058	0.46968	0.47525	0.25286	0.37689	0.84061	0.50502	0.31553	0.67475	0.3127	0.54521	0.58292	0.20611	0.61981	0.42944	0.57513	0.36388	0.31547	0.47227	0.41877	0.69636	0.25182	0.423	0.41365	0.42699	0.46484	0.64041	0.51098	0.43286	0.63101	0.29448	0.39709	0.57323	0.63943	0.75637	0.85899	0.90293	0.57447	0.63148	0.59558	0.47021	0.34003	0.53866	0.59203	0.33689	0.36016	0.42489	0.33638	0.53309	0.38506	0.57869	0.56087	0.26727	0.18568	0.29396	0.78957	0.52447	0.58387	0.42176	0.44952	0.49746	0.81914	0.50462	0.55028	0.2835	0.44629	0.41788	0.39182	0.69818	0.68762	0.40847	0.64134	0.65397	0.83527	0.48242	1.0	0.60089	0.42083	0.25985	0.46697	0.79849	0.44223	0.50921	0.58428	0.39195	0.2893	0.57776	0.57875	0.76895	0.37259	0.65561	0.43349	0.45319	0.68858	0.43683	0.19479	0.74615	0.17589	0.64128	0.75496	0.55212	0.43008	0.51339	0.4835	0.47205	0.32591	0.38986	0.62517	0.2719	0.66519	0.43913	0.14275	0.72083	0.71135	0.45031	0.40835	0.6329	0.59281	0.25068	0.30555	0.35936	0.15364	0.19536	0.69219	0.35352	0.25308	0.69958	0.33262	0.81003	0.04096	0.48012	0.56547	0.41499	0.61593	0.5003	0.46074	0.48701	0.437	0.00415	0.41566	0.52509	0.47986	0.72086	0.44357	0.6543	0.61047	0.61999	0.56093	0.29792	0.52989	0.52872	0.60343	0.36579	0.47532	0.33713	0.64288	0.56977	0.68803	0.34307	0.52816	0.31338	0.66655	0.24817	0.53507	0.53576	0.75534	0.74992	0.42271	0.56093	0.42687	0.6995	0.42296	0.34741	0.7343	0.56899	0.53994	0.7588	0.4828	0.31623	0.52157	0.23906	0.34673	0.20962	0.43139	0.36152	0.43831	0.85321	0.57519	0.50439	0.42716	0.41519	0.31342	0.35413	0.36244	0.45298	0.28084	0.6681	0.66312	0.43775	0.75535	0.65329	0.36742	0.64682	0.5436	0.18679	0.25224	0.57029	0.93302	0.14287	0.0	0.39473	0.22163	0.60208	0.42612	0.57901	0.48803	0.38837	0.47552	0.63667	0.51786	0.19827	0.27796	0.27468	0.5228	0.39841	0.46567	0.72497	0.27378	0.30586	0.68327	0.13981
okapi	0.31664	0.43849	0.48568	0.46266	0.7176	0.55551	0.47341	0.74057	0.58415	0.34163	0.62691	0.20494	0.53435	0.06371	0.36684	0.4642	0.42193	0.7269	0.46699	0.60059	0.46495	0.70678	0.71517	0.49547	0.13793	0.31128	0.0	0.51908	0.49813	0.63069	0.58409	0.55212	0.41249	0.65508	0.81136	0.35823	0.49934	0.14274	0.59073	0.55744	0.53485	0.69949	0.40146	0.60847	0.18941	0.29699	0.31017	0.67285	0.48536	0.2417	0.41956	0.29934	0.7162	0.48473	0.25184	0.17264	0.62566	0.39135	0.67002	0.65847	0.56967	0.69405	0.42288	0.87814	0.65925	0.47486	0.39988	0.74604	0.21074	0.65165	0.50281	0.49474	0.46326	0.53232	0.58913	0.56785	0.36274	0.77005	0.69244	0.28506	0.61856	0.77165	0.40967	0.42007	0.35417	0.42221	0.42677	0.68377	0.54818	0.75862	0.1527	0.60473	0.18363	0.18728	0.74439	0.57757	0.48627	0.59928	0.17923	0.28484	0.29893	0.72073	0.87851	0.51765	0.51431	0.42211	0.52562	0.67306	0.15547	0.83606	0.66069	0.35248	0.599	0.72102	0.68404	0.23604	0.3681	0.3841	0.25607	0.56392	0.37304	0.57038	0.3373	0.4078	0.40637	0.18141	0.54415	0.19963	0.59402	0.38261	0.57244	0.70987	0.33829	0.64958	0.77066	0.2015	0.32269	0.45316	0.50128	0.73292	0.9127	0.13019	0.51126	0.71433	0.77845	0.35187	0.20711	0.62749	0.58733	0.54751	0.36404	0.34253	0.3125	0.61869	0.7132	0.43006	0.71408	0.40979	0.80084	0.73071	0.24026	0.44034	0.59437	0.3946	0.32418	0.37244	0.7288	0.44882	0.64756	0.16128	0.32817	0.54493	0.33862	0.52447	0.33705	0.19164	0.59936	0.45993	0.32807	0.30873	0.70279	0.16843	1.0	0.91351	0.76106	0.45996	0.29569	0.34477	0.54955	0.18604	0.73694	0.67851	0.45896	0.29252	0.48742	0.57862	0.82246	0.47674	0.39544	0.63098	0.65833	0.85924	0.6924	0.59341	0.37951	0.41574	0.20493	0.74356	0.19346	0.19152	0.31631	0.3448	0.36473	0.57482	0.67847	0.28504	0.46842	0.55056	0.23923	0.69328	0.22024	0.29146	0.58256	0.5157	0.56598	0.67859	0.33005	0.50165	0.64344	0.45156	0.30117	0.45555	0.51288	0.43575	0.86518	0.44384	0.50349	0.30694	0.22759	0.44592	0.84189	0.49447	0.30133	0.71991	0.50941	0.077	0.57646	0.50889	0.87622	0.50301	0.64644	0.50973	0.34645	0.94802	0.17856	0.35751	0.52061	0.48668	0.5947	0.61689	0.42888	0.20316	0.44027	0.47824	0.54365	0.20107	0.77296	0.74774	0.73886	0.93601	0.33794	0.32526	0.46729	0.48568	0.49444	0.48304	0.57424	0.75612	0.76928	0.55856	0.5036	0.54993	0.51121	0.28092	0.49161	0.53728	0.78812	0.13704	0.31573	0.34199	0.72743	0.49751	0.66055	0.745	0.50328	0.69062	0.47358	0.47721	0.67104	0.41382	0.48283	0.58044	0.56021	0.45391	0.52194	0.61136	0.37996	0.25461	0.26261	0.5265	0.52447	0.50353	0.65255	0.72942	0.71987	0.53136	0.25386	0.33082	0.12374	0.32453	0.69449	0.67871	0.31084	0.61125	0.58936	0.42112	0.49576	0.70713	0.66148	0.50994	0.89426	0.78443	0.38006	0.54403	0.2804	0.58924	0.44173	0.3751	0.90408	0.20175	0.05629	0.43881	0.65729	0.47415	0.48831	0.43495	0.27553	0.55343	0.68284	0.40221	0.28948	0.5523	0.65776	0.33904	0.57559	0.80597	0.41903	0.49333	0.52439	0.48705	0.49917	0.56298	0.6522	0.28163	0.89612	0.4946	0.68037	0.55875	0.35335	0.29131	0.66731	0.31308	0.71223	0.57602	0.59932	0.69489	0.74384	0.39928	0.70462	0.45101	0.39434	0.63422	0.75298	0.79444	0.5031	0.63099	0.61871	0.25321	0.49339	0.32177	0.51826	0.4712	0.52912	0.10678	0.53925	0.61947	0.62978	0.35415	0.16123	0.34428
ostrich	0.43778	0.30631	0.61742	0.43213	0.66047	0.24714	0.56501	0.52096	0.5351	0.73732	0.65295	0.68365	0.73127	0.53666	0.40022	0.39157	0.56941	0.39605	0.37944	0.3679	0.37446	0.3992	1.0	0.45215	0.46865	0.63301	0.80252	0.62456	0.36845	0.39897	0.48203	0.5295	0.78858	0.58717	0.73542	0.62452	0.29434	0.29649	0.0206	0.6549	0.75689	0.52598	0.81561	0.50682	0.48812	0.27866	0.64128	0.58631	0.58876	0.9158	0.42613	0.7064	0.08462	0.59056	0.54018	0.35379	0.39974	0.50631	0.56046	0.4175	0.56266	0.63773	0.5834	0.69549	0.37082	0.50049	0.0518	0.40752	0.51813	0.47118	0.61632	0.46454	0.58756	0.57059	0.66921	0.29165	0.91343	0.48666	0.41048	0.68903	0.45653	0.52934	0.50353	0.37778	0.5746	0.78027	0.56961	0.28049	0.75683	0.49179	0.53615	0.51682	0.43688	0.35372	0.56456	0.65223	0.32212	0.58487	0.51289	0.08934	0.50397	0.39376	0.64649	0.36366	0.53894	0.21833	0.48766	0.55873	0.64574	0.58672	0.58094	0.59344	0.30918	0.4754	0.73218	0.35156	0.56264	0.46875	0.34165	0.33988	0.58765	0.19337	0.5248	0.41387	0.4501	0.33722	0.9562	0.46271	0.64163	0.6559	0.92195	0.44162	0.40665	0.73478	0.66453	0.41465	0.97811	0.15558	0.59732	0.6317	0.31728	0.34824	0.7034	0.48202	0.52862	0.26569	0.44105	0.59931	0.45559	0.38104	0.49396	0.7083	0.32423	0.37597	0.38392	0.56882	0.22591	0.56288	0.85203	0.41246	0.4597	0.46138	0.57544	0.57839	0.5678	0.52212	0.19518	0.52042	0.50019	0.50815	0.38192	0.68033	0.54914	0.62529	0.73994	0.63949	0.37656	0.35444	0.55412	0.35815	0.64132	0.4936	0.59907	0.72506	0.26532	0.4938	0.42643	0.64787	0.85734	0.37825	0.18327	0.48451	0.55987	0.23335	0.53307	0.36697	0.79659	0.70001	0.24765	0.56635	0.56255	0.02024	0.48125	0.9864	0.70227	0.45451	0.5163	0.06272	0.66412	0.37037	0.5359	0.50862	0.55413	0.62068	0.41894	0.55103	0.31551	0.65983	0.80369	0.36766	0.73753	0.29583	0.37628	0.45413	0.36471	0.29523	0.39467	0.40435	0.73588	0.33815	0.60968	0.45934	0.57238	0.38546	0.54737	0.56349	0.20925	0.62924	0.83358	0.61512	0.46348	0.72149	0.35374	0.5401	0.6949	0.12537	0.30801	0.17313	0.60409	0.28403	0.42904	0.657	0.42878	0.63262	0.54383	0.59887	0.465	0.26322	0.26459	0.22113	0.38416	0.35308	0.44539	0.46114	0.711	0.60959	0.39587	0.47249	0.39061	0.18375	0.52217	0.67922	0.52714	0.24704	0.35371	0.46289	0.46354	0.48774	0.70838	0.62161	0.61004	0.38613	0.67648	0.6173	0.74198	0.42954	0.38081	0.13045	0.27447	0.34344	0.75948	0.52683	0.69346	0.59168	0.36999	0.26033	0.464	0.6012	0.61951	0.54322	0.66788	0.50774	0.32368	0.33283	0.65488	0.49247	0.50052	0.71502	0.32703	0.46819	0.18038	0.00914	0.58088	0.70843	0.4169	0.4507	0.2275	0.08061	0.62879	0.38994	0.52529	0.49944	0.64088	0.41435	0.51024	0.10336	0.51015	0.48643	0.33392	0.45617	0.8416	0.36282	0.73082	0.502	0.60892	0.34554	0.17883	0.67041	0.713	0.5857	0.21378	0.49751	0.63512	0.32117	0.71268	0.40384	0.61992	0.43027	0.66238	0.44101	0.68952	0.53749	0.41662	0.58793	0.42289	0.49845	0.66377	0.80406	0.52019	0.81989	0.65189	0.0596	0.60253	0.69909	0.51589	0.51498	0.34914	0.35701	0.29524	0.81268	0.39125	0.52746	0.54335	0.48362	0.8327	0.28085	0.6741	0.37656	0.35618	0.41615	0.29544	0.7161	0.60305	0.27247	0.41094	0.36797	0.39907	0.66963	0.36667	0.38035	0.81326	0.35758	0.6772	0.73027	0.31674	0.5428	0.51165	0.25222	0.39883	0.11882
otter	0.307	0.52044	0.30554	0.22408	0.35035	0.56219	0.38543	0.58417	0.51413	0.73403	1.0	0.2838	0.34536	0.24754	0.58255	0.42776	0.75514	0.58168	0.25605	0.74614	0.59394	0.6596	0.21272	0.58863	0.57795	0.71389	0.54422	0.64441	0.66379	0.43115	0.28057	0.49924	0.35935	0.42175	0.07055	0.351	0.71377	0.41798	0.0	0.48433	0.77211	0.71429	0.41247	0.52532	0.78683	0.76124	0.52372	0.46943	0.64934	0.52399	0.16772	0.5294	0.39754	0.80218	0.18492	0.68992	0.6416	0.65995	0.33616	0.35484	0.73148	0.47142	0.54352	0.78113	0.27856	0.42934	0.38385	0.34661	0.28454	0.50608	0.86691	0.18331	0.29625	0.41909	0.12662	0.30808	0.68717	0.47155	0.26137	0.5678	0.37205	0.60207	0.5784	0.33884	0.56605	0.59072	0.43235	0.29234	0.39746	0.37819	0.7937	0.68268	0.51586	0.50255	0.36654	0.40134	0.30203	0.4307	0.43115	0.68234	0.78606	0.66902	0.54411	0.4468	0.15723	0.26858	0.60453	0.47266	0.73976	0.13326	0.44502	0.21388	0.45987	0.59806	0.43955	0.58398	0.41193	0.23039	0.37944	0.31293	0.42588	0.64572	0.33186	0.69047	0.83556	0.69067	0.79264	0.70553	0.5125	0.4123	0.51128	0.23999	0.26136	0.31466	0.50245	0.50878	0.70419	0.60675	0.01731	0.45974	0.75937	0.40366	0.64185	0.37844	0.57083	0.49315	0.57555	0.13353	0.67278	0.32672	0.47282	0.65754	0.22213	0.43996	0.46754	0.77993	0.49063	0.63611	0.38743	0.52247	0.54647	0.24049	0.56455	0.45412	0.31994	0.55892	0.3399	0.46308	0.43372	0.66273	0.20012	0.64282	0.73394	0.59385	0.55661	0.53812	0.23701	0.74169	0.60082	0.40299	0.56534	0.31888	0.68662	0.47115	0.29743	0.58925	0.57364	0.40957	0.74226	0.34614	0.61412	0.61699	0.36007	0.39215	0.66056	0.30575	0.58068	0.36944	0.30605	0.51639	0.27042	0.0	0.78789	0.86606	1.0	0.87188	0.80893	0.46239	0.39452	0.68159	0.52875	0.64925	0.38851	0.62841	0.6983	0.28613	0.63569	0.34955	0.73058	0.42408	0.61844	0.3907	0.66212	0.82519	0.3719	0.46153	0.30881	0.59269	0.50255	0.51073	0.27947	0.66083	0.69632	0.10752	0.53363	0.39333	0.49205	0.63594	0.58958	0.43262	0.49955	0.51241	0.44134	0.48335	0.60169	0.24864	0.34411	0.66312	0.30165	0.94766	0.46346	0.50665	0.26761	0.06923	0.7494	0.77118	0.5439	0.29205	0.15815	0.37871	0.49747	0.64688	0.69137	0.89099	0.51447	0.40103	0.32869	0.3459	0.48454	0.57535	0.63199	0.78347	0.52955	0.45295	0.12925	0.49322	0.54716	0.23222	0.55137	0.21203	0.15998	0.43629	0.8127	0.70963	0.42077	0.73522	0.65595	0.53554	0.51305	0.60443	0.17532	0.26518	0.75256	0.50411	0.78744	0.47826	0.6129	0.43539	0.72003	0.78051	0.50061	0.35238	0.36798	0.55327	0.2638	0.53253	0.38804	0.63318	0.47582	0.75584	0.27535	0.19086	0.68594	0.05825	0.23187	0.58659	0.40923	0.57648	0.56526	0.33857	0.46196	0.80473	0.24137	0.25732	0.63037	0.51089	0.18852	0.6376	0.2753	0.59888	0.68	0.39207	0.39369	0.66649	0.18838	0.433	0.53317	0.83616	0.55832	0.47564	0.31787	0.66306	0.70269	0.47455	0.35494	0.4661	0.88209	0.4929	0.451	0.25288	0.48341	0.45468	0.94615	0.86671	0.65767	0.50554	0.7662	0.51118	0.71888	0.65131	0.52135	0.33823	0.56104	0.78213	0.38093	0.49095	0.58531	0.64824	0.57158	0.73095	0.38001	0.39953	0.41349	0.84695	0.59334	0.24915	0.37083	0.4833	0.26448	0.35197	0.20197	0.07758	0.6425	0.53831	0.80454	0.44116	0.38941	0.09202	0.51435	0.39189	0.16041	0.99663	0.45494	0.66188	0.5927	0.65858	0.34339	0.98379	0.46595	0.12897
owl	0.43844	0.65321	0.4125	0.78225	0.43925	0.51724	0.61283	0.37107	0.45272	0.59574	0.6821	0.73361	0.32993	0.43179	0.72993	0.41294	0.79083	0.59546	0.68829	0.40182	0.27915	0.41392	0.70547	0.2283	0.68865	0.67817	0.63325	0.87151	0.51157	0.55358	0.25661	0.60571	0.46456	0.43554	0.44543	0.54848	0.73194	0.60951	0.83691	0.47587	0.3195	0.07177	0.84545	0.6569	0.64896	0.51798	0.42099	0.53604	0.42579	0.27691	0.21412	0.51118	0.53089	0.61179	0.63374	0.38582	0.48182	0.3257	0.50138	0.51687	0.37711	0.72784	0.35299	0.52552	0.56526	0.47685	0.53746	0.39802	0.60919	0.81855	0.70769	0.06786	0.66237	0.58528	0.06431	0.30846	0.48689	0.38887	0.34852	0.34396	0.1499	0.48713	0.56044	0.62837	0.59029	0.37984	0.48152	0.48065	0.88977	0.29832	0.47184	0.61674	0.6743	0.64733	0.3162	0.59362	0.37895	0.31559	0.57539	0.72217	0.47118	0.51931	0.18908	0.45289	0.67198	0.19611	0.67142	0.57293	0.52628	0.36626	0.42173	0.66902	0.27619	0.48937	0.20808	0.56865	0.69421	0.44884	0.39241	0.63061	0.37308	0.17647	0.49941	0.43741	0.57676	0.44062	0.14577	0.34974	0.59946	0.46601	0.4232	0.70819	0.53355	0.44397	0.24752	0.65782	0.6298	0.25457	0.67255	0.42421	0.52502	0.34243	0.64831	0.17325	0.46687	0.59267	0.22069	0.70426	0.25291	0.34666	0.27341	0.47951	0.15437	0.0	0.67248	0.48732	0.48611	0.6865	0.41046	0.18265	0.54803	0.47233	0.02	0.72177	0.61018	0.58878	0.33684	0.63911	0.6453	0.23928	0.49899	0.26302	0.50721	0.58703	0.6642	0.60915	0.15798	0.1989	0.27909	0.29711	0.55503	0.38497	0.77483	0.57855	0.79461	0.30212	0.47739	0.30896	0.2585	0.38241	0.20752	0.5279	0.53795	0.63558	0.31401	0.57925	0.44217	0.77738	0.41926	0.92578	0.81264	0.5333	0.71651	0.22336	0.53913	0.70164	0.47049	0.36517	0.60572	0.95385	0.52914	0.54758	0.69503	0.4857	0.55541	0.41407	0.3564	0.74445	0.81091	0.36592	0.47462	0.5459	0.4046	0.31742	0.54198	0.31205	0.42013	0.17932	0.62738	0.729	0.59022	0.46225	0.58423	0.6174	0.48823	0.56227	0.39757	0.45173	0.7041	0.67638	0.44723	0.37601	0.74755	0.38736	0.61823	0.30466	0.77104	0.14551	0.31117	0.76127	0.60156	0.60848	0.30766	0.23816	0.63595	0.30562	0.34517	0.34781	0.07531	0.22777	0.59745	0.41209	0.42469	0.76674	0.46704	0.81641	0.56144	0.87254	0.41507	0.38451	0.37865	0.53182	0.59599	0.5416	0.48381	0.44004	0.6827	0.65728	0.67626	0.6108	0.50881	0.44992	0.31048	0.49314	0.4287	0.69886	0.38044	0.40116	0.4587	0.50521	0.81096	0.66402	0.4802	0.50841	0.39677	0.60884	0.46375	0.56859	0.50887	0.4284	0.662	0.40464	0.5013	0.4061	0.68085	0.34916	0.43842	0.30893	0.34219	0.42878	0.23976	0.44411	0.864	0.70237	0.44995	0.52747	0.69683	0.39146	0.70286	0.51963	0.44209	0.47268	0.51225	0.5931	0.42123	0.07878	0.55507	0.3877	0.27105	0.37458	0.60812	0.50462	0.2025	0.75121	0.63866	0.7523	0.62832	0.70336	0.44571	0.64458	0.47285	0.5474	0.71555	0.6238	0.80225	0.91499	0.45124	0.45529	0.47929	0.583	0.62915	0.44769	0.18421	0.30267	0.45693	0.85856	0.74617	0.50457	1.0	0.61858	0.53801	0.48095	0.62299	0.47258	0.45753	0.60039	0.90029	0.05132	0.42689	0.75732	0.45192	0.12911	0.53156	0.5773	0.49881	0.38124	0.64349	0.44334	0.58112	0.30823	0.17382	0.78939	0.67853	0.69061	0.14475	0.51372	0.17406	0.50861	0.31171	0.33287	0.20069	0.30291	0.88962	0.53802	0.42068	0.54801	0.50553	0.51948	0.44721	0.63492
oyster	0.27693	0.41012	0.45749	0.29192	0.46237	0.43466	0.30952	0.42535	0.52956	0.66686	0.68334	0.66432	0.77105	0.17735	0.56876	0.15724	0.74925	0.61499	0.58399	0.33948	0.52467	0.29517	0.23479	0.32282	0.67274	0.73572	0.51328	0.84968	0.51565	0.36573	0.35695	0.48868	0.66761	0.72886	0.52046	0.63502	0.6106	0.36572	0.43399	0.85256	0.942	0.35836	0.46412	0.40635	0.71909	0.23954	0.63957	0.39783	0.42326	0.56944	0.39232	0.27677	0.40723	0.74642	0.50364	0.37514	0.61397	0.39288	0.11957	0.69129	0.4066	0.40676	0.73551	0.42263	0.58501	0.45554	0.63962	0.51665	0.11217	0.69039	0.75915	0.45943	0.3521	0.38966	0.58193	0.63766	0.70407	0.50957	0.19842	0.46874	0.50586	0.43482	0.53868	0.32202	0.25797	0.60533	0.68809	0.46865	0.47873	0.5632	0.64703	0.50453	0.66967	0.69099	0.65072	0.74528	0.25612	0.57304	0.52283	0.47195	0.4335	0.45462	0.50749	0.58416	0.44839	0.3781	0.14985	0.58316	0.42342	0.45564	0.64594	0.49861	0.39153	0.50115	0.43938	0.59141	0.73444	0.60397	0.57346	0.54948	0.41456	0.25746	0.37292	0.83052	0.6397	0.41219	0.80325	0.43332	0.63649	0.57906	0.44057	0.82999	0.44118	0.58678	0.26119	0.52947	0.833	0.43336	0.87662	0.0	0.31458	0.40643	0.59687	0.41339	0.51554	0.28321	0.39222	0.81267	0.51878	0.67761	0.20251	0.51411	0.1845	0.61558	0.49328	0.40678	0.36217	0.41766	0.39743	0.32201	0.47043	0.44287	0.31964	0.63886	0.71795	0.46074	0.54534	0.64365	0.38282	0.5467	0.20245	0.48715	0.40227	0.74188	0.41143	0.45516	0.81983	0.38017	0.49625	0.46581	0.59593	0.21719	0.71552	0.48363	0.56422	0.52563	0.32539	0.53464	0.60972	0.6587	0.75689	0.53648	0.34767	0.17122	0.55002	0.48393	0.40754	0.47798	0.26593	0.62066	0.49767	0.49401	0.57548	0.65041	0.88718	0.46364	0.52649	0.25742	0.96482	0.65171	0.39608	0.51197	0.1262	0.60909	0.75175	0.67525	0.7804	0.40609	0.67395	0.28536	0.66151	0.37985	0.25271	0.77489	0.65435	0.31767	0.3536	0.11272	0.55099	0.36893	0.52428	0.46499	0.62347	0.58271	0.0642	0.66364	0.28058	0.52311	0.63661	0.35109	0.79966	0.46722	0.52459	0.34906	0.367	0.62811	0.68903	0.26056	0.43878	0.43348	0.63183	0.59892	0.38754	0.59972	0.41279	0.8136	0.56054	0.35185	0.54047	0.66672	0.58926	0.51183	0.59878	0.53677	0.37639	0.67816	0.52561	0.60725	0.73928	0.72948	0.47768	0.70728	0.32623	1.0	0.73968	0.46174	0.59905	0.32581	0.57894	0.58285	0.42363	0.3847	0.6523	0.42779	0.73718	0.0	0.51028	0.2328	0.43849	0.452	0.31364	0.62493	0.17303	0.54591	0.45908	0.57748	0.85233	0.67223	0.53248	0.50954	0.55171	0.61481	0.61142	0.58756	0.29071	0.39645	0.44624	0.35718	0.51494	0.65202	0.03357	0.48784	0.61035	0.3319	0.38928	0.20512	0.67805	0.48243	0.41528	0.21593	0.19696	0.37271	0.53903	0.29553	0.24878	0.52354	0.27036	0.16767	0.78389	0.23993	0.77141	0.45702	0.40379	0.69511	0.29776	0.60406	0.71761	0.45182	0.55917	0.17906	0.42441	0.41906	0.38359	0.60786	0.7411	0.59122	0.44733	0.51835	0.63088	0.13488	0.0	0.41892	0.53062	0.3987	0.69231	0.73202	0.55026	0.72055	0.48281	0.68261	0.61561	0.48433	0.79121	0.77102	0.73409	0.40201	0.48564	0.40783	0.41763	0.58302	0.62509	0.59314	0.73781	0.6918	0.68577	0.37395	0.60441	0.78772	0.59941	0.10036	0.39934	0.36172	0.41656	0.45062	0.32885	0.45512	0.28012	0.74239	0.0	0.43953	0.30239	0.5566	0.51325	0.50946	0.43032	0.60813	0.31529	0.36291	0.66067	0.52765
panda	0.45074	0.63211	0.60189	0.3734	0.61039	0.54787	0.39917	0.3866	0.77639	0.56785	0.71656	0.71864	0.60847	0.88631	0.47849	0.34747	0.79087	0.40765	0.23923	0.58995	0.31592	0.51843	0.48869	0.29535	0.6091	0.53997	0.28366	0.37112	0.56215	0.85137	0.66205	0.48184	0.61031	0.66338	0.91122	0.2914	0.43638	0.38765	0.34845	0.72414	0.53114	0.19029	0.70964	0.70145	0.72266	0.19899	0.38115	0.65071	0.59428	0.53158	0.24647	0.51046	0.64811	0.23883	0.52003	0.56043	0.678	0.48705	0.1806	0.5852	0.32468	0.79009	0.41702	0.60181	0.53203	0.58191	0.51908	0.6591	0.67921	0.65417	0.41438	0.44438	0.45333	0.48717	0.32165	0.65991	0.55076	0.03675	0.48148	0.64945	0.43671	0.31122	0.15444	0.4017	0.73582	0.42785	0.50865	0.55614	0.76297	0.33043	0.61596	0.48547	0.63985	0.4887	0.4867	0.16334	0.5165	0.65186	0.54158	0.44711	0.46219	0.17553	0.59173	0.38816	0.93432	0.66958	0.30568	0.46588	0.42109	0.36083	0.706	0.64204	0.18655	0.70022	0.38074	0.55721	0.78708	0.13592	0.33133	0.76846	0.77481	0.58853	0.48636	0.45806	0.69743	0.20969	0.59135	0.43908	0.77869	0.66839	0.56459	0.61799	0.30737	0.66772	0.45439	0.45157	0.41797	0.32116	0.48267	0.74718	0.05142	0.48652	0.81718	0.20032	0.47375	0.50573	0.55935	0.65474	0.28909	0.35404	1.0	0.69781	0.17029	0.39317	0.48511	0.60468	0.68287	0.42417	0.76507	0.32285	0.8136	0.50396	0.42367	0.44152	0.69427	0.4486	0.8363	0.65764	0.44656	0.60045	0.66362	0.30082	0.31873	0.63252	0.89743	0.28777	0.57818	0.29414	0.50354	0.48169	0.33655	0.35952	0.39401	0.61582	0.65912	0.33797	0.5116	0.78997	0.59627	0.91456	0.54187	0.42628	0.22457	0.56498	0.46475	0.62739	0.68585	0.87578	0.5457	0.24545	0.41338	0.40855	0.55434	0.52017	0.74498	0.41039	0.70478	0.0	0.66304	0.6526	0.35387	0.63817	0.4445	0.2871	0.72698	0.89038	0.2072	0.68429	0.28399	0.6685	0.76742	0.41965	0.58591	0.09221	0.28442	0.42053	0.50915	0.33092	0.46634	0.39003	0.58566	0.71964	0.38783	0.56451	0.64721	0.0656	0.17447	0.35932	0.6763	0.45092	0.46679	0.4302	0.44752	0.52903	0.80583	0.82857	0.5565	0.13459	0.76067	0.43903	0.25507	0.89655	0.48507	0.51684	0.85655	0.47223	0.20841	0.58418	0.34067	0.63262	0.53162	0.22433	0.83038	0.47009	0.64299	0.44657	0.28136	0.82181	0.86651	0.4842	0.50058	0.43022	0.45094	0.39887	0.43142	0.49019	0.72328	0.54659	0.48207	0.69452	0.5353	0.50233	0.13708	0.48444	0.7328	0.81546	0.3544	0.10012	0.58235	0.58319	0.36273	0.54104	0.50405	0.34861	0.44245	0.31345	0.3671	0.68691	0.34616	0.19364	0.43015	0.73561	0.88292	0.357	0.51516	0.32187	0.47566	0.47618	0.54191	0.0	0.77945	0.60241	0.36795	0.56079	0.85564	0.46942	0.64396	0.42352	0.55458	0.52745	0.5707	0.28313	0.53016	0.63241	0.42712	0.3714	0.39568	0.22711	0.21763	0.55492	0.8207	0.34258	0.49419	0.50745	0.68311	0.53879	0.3825	0.82924	0.44685	0.52837	0.43861	0.12612	0.668	0.2938	0.53262	0.37873	0.31039	0.20063	0.67346	0.37838	0.64944	0.22048	0.18348	0.40624	0.26373	0.76362	0.58936	0.46193	0.33153	0.67352	0.42179	0.49047	0.49074	0.42201	0.2888	0.46531	0.54728	0.45632	0.34166	0.56692	0.44505	0.31968	0.37392	0.45731	0.22702	0.32461	0.52248	0.0892	0.13506	0.37561	0.53045	0.62247	0.44731	0.6209	0.38321	0.4168	0.7071	0.59045	0.33227	0.38609	0.21463	0.05142	0.6399	0.36462	0.66859	0.65257	0.40546	0.23771	0.54572	0.44382
panther	0.31627	0.58505	0.58541	0.5271	0.4677	0.16128	0.03105	0.68717	0.60596	0.25154	0.69764	0.42895	0.52943	0.54598	0.34483	0.37582	0.40942	0.27029	0.56429	0.72576	0.29312	0.47475	0.70347	0.4151	0.57107	0.28949	0.4947	0.40147	0.37161	0.61739	0.60512	0.50968	0.73761	0.77397	0.77648	0.95614	0.38939	0.46495	0.59893	0.25067	0.60756	0.48078	0.48122	0.46069	0.20952	0.56313	0.43921	0.30952	0.47457	0.42583	0.36327	0.29846	0.42548	0.26383	0.52454	0.20826	0.41698	0.33141	0.43331	0.81541	0.51367	0.68832	0.61663	0.32718	0.46958	0.72756	0.04839	0.54713	0.38819	0.7376	0.6795	1.0	0.63461	0.35696	0.41506	0.83172	0.37238	0.4384	0.67622	0.69195	0.59836	0.3041	0.73663	0.52075	0.42617	0.39887	0.24935	0.62742	0.68688	0.40281	0.46947	0.33745	0.66722	0.5551	0.24984	0.50459	0.6361	0.33474	0.26859	0.21722	0.58216	0.45796	0.82874	0.58074	0.90825	0.57503	0.64994	0.40891	0.41338	0.7908	0.07629	0.43473	0.81378	0.63618	0.76649	0.3107	0.68807	0.38658	0.5592	0.50474	0.74587	0.65884	0.0	0.33894	0.03888	0.8426	0.37089	0.23957	0.27536	0.53973	0.34352	1.0	0.58569	0.57001	0.54211	0.18749	0.81058	0.40393	0.44368	0.55304	0.88949	0.21537	0.61438	0.58084	0.7148	0.28839	0.71409	0.71093	0.6488	0.47513	0.73586	0.4874	0.69792	0.34316	0.55865	0.51657	0.38637	0.46645	0.48832	0.00495	0.55766	0.31947	0.44065	0.24053	0.80769	0.17938	0.47689	0.5848	0.44212	0.46342	0.39893	0.73858	0.08343	0.4621	0.45725	0.4142	0.35214	0.57099	0.43381	0.34883	0.43282	0.10161	0.61862	0.38906	0.66807	0.2629	0.4534	0.39498	0.64768	0.71244	0.46804	0.58221	0.31471	0.42149	0.3587	0.36935	0.80725	0.52718	0.40653	0.15238	0.48172	0.70733	0.69695	0.74719	0.6469	0.44307	0.36398	0.57877	0.9887	0.54446	0.33372	0.41282	0.45374	0.68188	0.75942	0.37355	0.17747	0.76084	0.28444	0.4757	0.58358	0.50674	0.42324	0.53479	0.19092	0.65631	0.54511	0.53653	0.50236	0.68894	0.50809	0.37706	0.27865	0.78675	0.56826	0.44135	0.84587	0.78878	0.42592	0.64007	0.69606	0.44751	0.6243	0.21379	0.69106	0.03083	0.60963	0.36229	0.32837	0.65829	0.8093	0.56029	0.32925	0.44783	0.60194	0.16206	0.0	0.74862	0.0	0.74368	0.60212	0.22738	0.43389	0.33116	0.50297	0.30306	0.30286	0.33028	0.7479	0.77029	0.74418	0.55296	0.52988	0.4552	0.0	0.59466	0.58155	0.8584	0.5414	0.83923	0.21061	0.44161	0.54847	0.50945	0.56313	0.37068	0.58782	0.60646	0.35707	0.36159	0.74443	1.0	0.55919	0.25369	0.5561	0.4629	0.33748	0.4846	0.3669	0.31409	0.52393	0.50377	0.47549	0.44972	0.331	0.38169	0.20678	0.27463	0.2497	0.82666	0.84004	0.74295	0.6952	0.41082	0.86178	0.63232	0.56364	0.31874	0.50569	0.54942	0.32933	0.31877	0.64011	0.84229	0.49192	0.63635	0.61672	0.40024	0.25185	0.24246	0.53484	0.5253	0.46375	0.27577	0.98695	0.67287	0.51099	0.50479	0.61295	0.412	0.46964	0.29038	0.34072	0.26427	0.50026	0.56151	0.44022	0.26737	0.61046	0.57014	0.31413	0.83113	0.81717	0.39566	0.9267	0.72804	0.3744	0.66911	0.65296	0.57035	0.60271	0.42428	0.54039	0.46113	0.49256	0.31022	0.24921	0.62685	0.41008	0.67417	0.40347	0.27448	0.50497	0.45269	0.19257	0.999	0.81089	0.30635	0.55941	0.38067	0.41964	0.51774	0.41035	0.32386	0.20774	0.57117	0.59599	0.68401	0.79976	0.56145	0.37952	0.52161	0.59001	0.52224	0.16565	0.57481	0.53536	0.75113	0.46108	0.39178
parakeet	0.62132	0.27165	0.55059	0.34237	0.7648	0.80016	0.68695	0.34292	0.86703	0.44228	0.80903	0.63198	0.91609	0.26268	0.49081	0.37985	0.23155	0.71094	0.44798	0.66235	0.60696	0.47025	0.52009	1.0	0.6474	1.0	0.33136	0.32297	0.44247	0.46121	0.68718	0.40291	0.63708	0.44154	0.4615	0.77351	0.44615	0.40229	0.6464	0.69557	0.90729	0.17354	0.75674	0.14882	0.3767	0.33789	0.75131	0.57007	0.35066	0.62509	0.25482	0.54039	0.43859	0.45552	0.49902	0.47636	0.77185	0.18591	0.65308	0.72012	0.44485	0.42342	0.34437	0.56899	0.57322	0.79279	0.55854	0.40382	0.42558	0.74356	0.52585	0.3985	0.60902	0.31336	0.25011	0.35527	0.58121	0.89815	0.70628	0.63617	0.35923	0.36396	0.48209	0.26166	0.51974	0.55836	0.65213	0.30227	0.4241	0.48024	0.36417	0.55076	0.64945	0.5122	0.67898	0.20624	0.33264	0.42602	0.44704	0.37241	0.45248	0.51035	0.63754	0.62746	0.4885	0.51446	0.09147	0.40021	0.22648	0.62893	0.85737	0.57402	0.44528	0.30727	0.37675	0.48665	0.56841	0.62658	0.39405	0.5893	0.32964	0.66165	0.4407	0.54939	0.33289	0.61002	0.38336	0.30391	0.52272	0.60443	0.46023	0.55801	0.26833	0.39756	0.39826	0.0	0.70676	0.51204	0.66574	0.60094	0.52801	0.38621	0.65939	0.5426	0.79878	0.33683	0.30558	0.67107	0.601	0.59007	0.34857	0.5605	0.53922	0.4311	0.45805	0.67675	0.53854	0.32253	0.6711	0.49595	0.61278	0.51482	0.65332	0.67313	0.36283	0.34537	0.80605	0.76611	0.49217	0.32587	0.30164	0.68229	0.48036	0.62467	0.66462	0.48077	0.614	0.58428	0.32777	0.59403	0.52576	0.29566	0.63101	0.44903	0.46545	0.35931	0.4575	0.22689	0.35377	1.0	0.12187	0.39324	0.49876	0.25873	0.53817	0.39068	0.67503	0.56096	0.23913	0.33794	0.71309	0.53558	0.6034	0.49017	0.54859	0.88259	0.4261	0.62352	0.6543	0.49212	0.38581	0.52895	0.39706	0.57298	0.782	0.77247	0.68743	0.79972	0.3722	0.33449	0.61977	0.16707	0.4153	0.51185	0.41399	0.76471	0.59006	0.48309	0.75542	0.65067	0.37938	0.27781	0.30941	0.63198	0.41005	0.48347	0.5158	0.48497	0.31147	0.11733	1.0	0.28841	0.41355	0.35985	0.72915	0.8071	0.4867	0.37612	0.69285	0.56834	0.49379	0.58434	0.54761	0.9429	0.39085	0.18123	0.44323	0.76065	0.64928	0.38964	0.14471	0.5385	0.17243	0.39208	0.60482	0.0	0.90082	0.80858	0.31439	0.6959	0.19896	0.21758	0.437	0.49693	0.43593	0.67339	0.55464	0.49217	0.57258	0.32041	0.30466	0.40184	0.59666	0.57512	0.81635	0.19502	0.67212	0.66629	0.23014	0.26551	0.48444	0.68647	0.69217	0.49584	0.28217	0.70314	0.76898	0.27617	0.50938	1.0	0.36329	0.5244	0.73406	0.3735	0.40414	0.47432	0.37189	0.49701	0.49795	0.73939	0.1905	0.68533	0.37177	0.66711	0.78153	0.46388	0.50266	0.36032	0.3386	0.19355	0.41224	0.59112	0.25306	0.55033	0.23864	0.26393	0.58696	0.69939	0.30588	0.34314	0.83483	0.71675	0.63255	0.38209	0.49452	0.5502	0.54095	0.41955	0.56753	0.48242	0.04668	0.66403	0.33277	0.55517	0.3811	0.35154	0.82984	0.82235	0.53156	0.23446	0.35862	0.3943	0.50581	0.2849	0.38037	0.68043	0.38412	0.68488	0.4199	0.31597	0.40274	0.16333	0.66401	0.47424	0.76541	0.35728	0.21074	0.61277	0.44899	0.35855	0.19077	0.2813	0.66088	0.67015	0.0	0.57122	0.54066	0.53845	0.67927	0.6557	0.54683	0.45515	0.81231	0.2973	0.02146	0.50821	0.68667	0.12501	0.19134	0.28183	0.36465	0.67617	0.45492	0.44931	0.50608	0.60355	0.60187	0.31655	0.17527	0.23536
parrot	0.37061	0.62247	0.6257	0.57733	0.57166	0.91656	0.57886	0.60806	0.87943	0.54354	0.39437	0.73349	0.66982	0.3361	0.71369	0.40826	0.36112	0.79555	0.25657	0.23741	0.421	0.6025	0.37787	0.42835	0.44911	0.55866	0.54312	0.29646	0.43563	0.60313	0.58038	0.50324	0.54022	0.59989	0.60837	0.64178	0.40535	0.59836	0.68139	0.39842	0.76575	0.5827	0.30624	0.74042	0.21242	0.77035	0.70185	0.88569	0.35126	0.36648	0.50652	0.13814	0.37399	0.45947	0.20201	0.5507	0.27255	0.43429	0.52336	0.5688	0.50188	0.51881	0.42784	0.76023	0.55984	0.37075	0.52626	0.60203	0.64642	0.45192	0.75311	0.31524	0.46292	0.14125	0.71999	0.6649	0.62795	0.61236	0.55788	0.2782	0.58831	0.44218	0.20005	0.33801	0.75173	0.45231	0.47112	0.26552	0.37343	0.57649	0.58984	0.14066	0.63914	0.60856	0.20368	0.30792	0.19421	0.31854	0.48593	0.32518	0.60016	0.19659	0.75508	0.5688	0.19295	0.64392	0.48896	0.45708	0.25558	0.72626	0.79389	0.72197	0.42541	0.61963	0.54944	0.48705	0.67908	0.38276	0.64671	0.64048	0.76158	0.6157	0.30868	0.51818	0.32812	0.81588	0.70896	0.50235	0.42445	0.58608	0.67289	0.5074	0.38406	0.69111	0.30734	0.39346	0.7938	0.33151	0.88459	0.46743	0.70228	0.59147	0.72907	0.85314	0.55859	0.31814	0.53134	0.41994	0.59161	0.58676	0.66157	0.38318	0.60274	0.60522	0.57154	0.44516	0.53509	0.39583	0.73726	0.60293	0.17457	0.48354	0.50796	0.53269	0.18278	0.14028	0.52295	0.73219	0.42482	0.46939	0.58952	0.59867	0.26009	0.92134	0.67754	0.41035	0.53607	0.70285	0.31649	0.27733	0.51025	0.13003	0.81159	0.4216	0.53808	0.39575	0.33741	0.45267	0.40909	0.86691	0.70122	0.46243	0.54751	0.48978	0.52301	0.51522	0.56586	0.60735	0.29355	0.44207	0.59596	0.6545	0.52275	0.75269	0.26886	0.64802	0.25465	0.38115	0.64155	0.30685	0.34408	0.08195	0.50285	0.26877	0.34828	0.3661	0.29059	0.48512	0.51875	0.39108	0.44149	0.48485	0.28739	0.44048	0.73478	0.62956	0.42728	0.22025	0.47509	0.45593	0.48364	0.36627	0.66408	0.61806	0.45	0.37886	0.42164	0.51375	0.44113	0.12481	0.51576	0.25857	0.25827	0.41601	0.89921	0.44855	0.48385	0.43072	0.71399	0.48333	0.56128	0.5396	0.54967	0.71977	0.33107	0.61747	0.58	0.62892	0.86919	0.45679	0.44466	0.24014	0.63572	0.21661	0.21369	0.38846	0.45244	0.65649	0.17539	0.59074	0.53612	0.62155	0.53582	0.33183	0.54777	0.32444	0.40584	0.76088	0.55059	0.62889	0.57056	0.22548	0.48864	0.34988	0.36358	0.19217	0.48861	0.39924	0.308	0.46413	0.46046	0.71182	0.50871	0.58839	0.43749	0.49424	0.55722	0.7095	0.63097	0.61091	0.28198	0.63835	0.63773	0.31367	0.25614	0.36136	0.45928	0.27194	0.30089	0.58477	0.57507	0.26046	0.38918	0.68659	0.7549	0.31108	0.18873	0.32135	0.46187	0.40462	0.40757	0.79555	0.27245	0.39061	0.43385	0.42547	0.71001	0.55067	0.42706	0.41302	0.7146	0.73546	0.58452	1.0	0.56804	0.88203	0.76599	0.27318	0.08769	0.47622	0.31352	0.74054	0.64848	0.43256	0.73419	0.40925	0.59771	0.48941	0.70667	0.462	0.25105	0.57018	0.4643	0.54313	0.53184	0.58108	0.42306	0.46016	0.55229	0.94493	0.47559	0.40697	0.63603	0.4429	0.63074	0.36523	0.08448	0.60492	0.3097	0.54138	0.19747	0.66482	0.42884	0.53242	0.76151	0.90355	0.60346	0.50164	0.62566	0.48875	0.74195	0.65263	0.67591	0.32903	0.34522	0.27108	0.66566	0.63925	0.5268	0.30705	0.27454	0.17359	0.40877	0.4872	0.54236	0.58063	0.51504	0.13208	0.36177	0.62039
peacock	0.69036	0.74579	0.46318	0.65865	0.55655	0.49309	0.16694	0.56409	0.70281	0.51053	0.47819	0.21714	0.47428	0.63047	0.60499	0.66342	0.71483	0.69853	0.44915	0.38744	0.47415	0.68038	0.49504	0.3776	0.38206	0.53256	0.70756	0.69444	0.72941	0.43736	0.48035	0.30861	0.64672	0.4067	0.53801	0.63924	0.37718	1.0	0.32659	0.40192	0.63301	0.43286	0.57882	0.62511	0.35472	0.7404	0.75069	0.43672	0.39515	0.41302	0.40562	0.45946	0.12973	0.72344	0.30289	0.28135	0.3453	0.46434	0.52729	0.40842	0.42853	0.5621	0.69527	0.52102	0.56322	0.30232	0.22273	0.54247	0.25554	0.52041	0.69446	0.49564	0.58102	0.48951	0.57143	0.38056	0.84748	0.34582	0.35176	0.66015	0.53867	0.58884	0.47056	0.81164	0.31241	0.37166	0.41254	0.60787	0.82486	0.56958	0.55234	0.45278	0.39367	0.61097	0.24535	0.69859	0.35815	0.19038	0.91723	0.56712	0.48861	0.42831	0.15233	0.56159	0.62392	0.18118	0.70013	0.91943	0.91815	0.43181	0.4924	0.48908	0.1293	0.35631	0.65905	0.6953	0.69988	0.3322	0.14303	0.3735	0.18217	0.23193	0.43137	0.38072	0.54181	0.61345	0.77171	0.4099	0.49587	0.45047	0.3924	0.23035	0.43419	0.61544	0.26801	0.70318	0.57722	0.51307	0.70158	0.56513	0.4088	0.23639	0.52759	0.67284	0.46301	0.46528	0.36819	0.20331	0.44092	0.61652	0.46642	0.75663	0.33109	0.26627	0.15442	0.53817	0.08254	0.73088	0.3787	0.3107	0.54433	0.60138	0.37304	0.6502	0.7569	0.4661	0.58308	0.43058	0.3284	0.51976	0.30496	0.56896	0.42896	0.63174	0.21474	0.55264	0.285	0.54776	0.57802	0.71987	0.37384	1.0	0.74092	0.75756	0.39993	0.34567	0.70443	0.55183	0.40182	0.39944	0.60018	0.48986	0.53888	0.37812	0.6645	0.41641	0.37442	0.66697	0.47915	0.47234	0.5416	0.36322	0.51527	0.37307	0.41352	0.73913	0.14139	0.46124	0.56514	0.53901	0.51407	0.17024	0.28018	0.38521	0.37189	0.47542	0.19841	0.68653	0.75077	0.28204	0.72613	0.28986	0.34422	0.49732	0.57962	0.22265	0.57095	0.29542	0.56348	0.32554	0.92612	0.50975	0.5792	0.30455	0.51165	0.32917	0.53208	0.6554	0.92779	0.63478	0.12479	0.56498	0.8302	0.19188	0.51892	0.61746	0.13649	0.2006	0.42472	0.77143	0.44717	0.5235	0.16148	0.36469	0.54087	0.34272	0.06558	0.24388	0.02385	0.63322	0.4904	0.2387	0.58358	0.43626	0.57148	0.81143	0.25192	0.72821	0.63439	0.49128	0.63077	0.70406	0.4233	0.50961	0.31789	0.80279	0.37332	0.53909	0.76085	0.69301	0.52231	0.51196	0.61621	0.49931	0.36203	0.81289	0.66497	0.34767	0.42608	0.5792	0.54872	0.40588	0.60886	0.6963	0.6403	0.60614	0.25069	0.63761	0.47782	0.41859	0.93272	1.0	0.59327	0.16573	0.65837	0.1989	0.51481	0.19955	0.3585	0.32615	0.1363	0.34582	0.92015	0.73695	0.54333	0.44429	0.936	0.57774	0.68012	0.51125	0.46831	0.40051	0.88177	0.41776	0.56293	0.93334	0.48067	0.45521	0.47081	0.56415	0.4276	0.53433	0.4651	0.52313	0.60651	0.53395	0.43159	0.47098	0.76854	0.44729	0.4402	0.46527	0.55134	0.50503	0.50095	0.64297	0.39511	0.47878	0.34525	0.59956	0.45232	0.85568	0.45561	0.76072	0.38796	0.49524	0.47483	0.51044	0.54832	0.31466	0.63969	0.39431	0.67071	0.43023	0.46195	0.41224	0.57654	0.38981	0.69802	0.66146	0.26068	0.36239	0.56485	0.39004	0.60654	0.57884	0.54995	0.23779	0.34675	0.51928	0.19131	0.27164	0.24746	0.38812	0.5877	0.50067	0.74175	0.53833	0.2818	0.39242	0.34773	0.20415	0.47534	0.41684	0.66538	0.39233	0.67423	0.43811	0.57548	0.61145
pekingese	0.40318	0.54397	0.67537	0.6134	0.82652	0.63643	1.0	0.43869	0.55411	0.67036	0.50189	0.36959	0.46248	0.53591	0.48973	0.41288	0.41428	0.62462	0.38887	0.62019	0.55086	0.36959	0.53512	0.54771	0.17048	0.94483	0.72499	0.4273	0.73711	0.62545	0.4419	0.20713	0.89642	0.23561	0.59466	0.5869	0.56778	0.6399	0.35072	0.41581	0.78208	0.74638	0.31729	0.64851	0.70434	0.73713	0.5438	0.5073	0.85445	0.50377	0.25022	0.84579	0.60221	0.60955	0.56055	0.31361	0.75598	0.57465	0.34496	0.39072	0.74055	0.62453	0.32529	0.52809	0.39133	0.20635	0.44019	0.01616	0.37824	0.69809	0.68115	0.39628	0.50658	0.45607	0.40635	0.3127	0.66907	0.17036	0.35423	0.67443	0.30946	0.84174	0.39681	0.58976	0.34956	0.6917	0.4671	0.31867	0.85949	0.40703	0.75169	0.2578	0.06387	0.61385	0.4518	0.20518	0.72139	0.62913	0.764	0.63345	0.71343	0.57693	0.93053	0.46748	0.14749	0.20855	0.5482	0.70085	0.70569	0.53841	0.46964	0.28917	0.23898	0.78308	0.3411	0.59819	0.8717	0.26791	0.66605	0.29228	0.53159	0.5299	0.35141	0.41445	0.39414	0.54613	0.6623	0.53731	0.25602	0.46784	0.33642	0.31272	0.33845	0.50342	0.44591	0.47855	0.41799	0.59826	0.56577	0.61019	0.46559	0.23512	0.70379	0.41926	0.38392	0.34747	0.84214	0.19011	0.0	0.49804	0.44811	0.46978	0.41012	0.46198	0.17169	0.77285	0.2455	0.5369	0.59252	0.29981	0.56103	0.29863	0.71567	0.48207	0.53288	0.71716	0.75507	0.62835	0.14815	0.46899	0.40926	0.7527	0.49183	0.35419	0.0	0.4759	0.54458	0.58921	0.36767	0.38525	0.90543	0.4915	0.38128	0.38604	0.72593	0.68567	0.56576	0.42631	0.73881	0.41392	0.65214	0.18946	0.7	0.32418	0.49919	0.5855	0.58493	0.54498	0.50845	0.23321	0.37679	0.50103	0.57011	0.72603	0.74014	0.53076	0.22911	0.23779	0.39858	0.49913	0.62315	0.15416	0.32799	0.59318	0.68614	0.4805	0.27105	0.29291	0.59587	0.39394	0.72728	0.48311	0.29451	0.28845	0.66196	0.44905	0.75553	0.53031	0.5356	0.44576	0.42938	0.79344	0.76864	0.41887	0.36983	0.4996	0.53891	0.76636	0.80304	0.49865	0.2252	0.29303	0.44003	0.6174	0.57987	0.16908	0.53618	0.15567	0.46772	0.53738	0.51224	0.54483	0.13055	0.64273	0.73838	0.41902	0.4565	0.6258	0.56387	0.77032	0.87918	0.28427	0.66755	0.73002	0.46911	0.71912	0.14955	0.25689	0.55414	0.29811	0.44199	0.68664	0.48558	0.49674	0.12753	0.89294	0.77862	0.56992	0.82661	0.34498	0.63386	0.29042	0.44606	0.24926	0.47202	0.56826	0.49147	0.2675	0.71922	0.33001	0.70436	0.42491	0.82434	0.49341	0.35143	0.50374	0.52577	0.38519	0.0	0.66801	0.59184	0.72841	0.70403	0.46861	0.39261	0.27751	0.02829	0.42119	0.38654	0.4112	0.591	0.20758	0.53498	0.54238	0.75562	0.48305	0.43467	0.38396	0.57787	0.85998	0.36372	0.43146	0.68483	0.85936	0.63239	0.86417	0.7124	0.36773	0.06528	0.24195	0.49111	0.67516	0.46553	0.62337	0.65524	0.34463	0.58897	0.32289	0.44479	0.6661	0.15792	0.49349	0.42869	0.25808	0.58021	0.78651	0.42718	0.21685	0.67046	0.65857	0.4003	0.6086	0.28005	0.63604	0.30869	0.77127	0.58515	0.40235	0.28123	0.56853	0.36943	0.37708	0.66299	0.26535	0.77981	0.33104	0.47788	0.52379	0.62848	0.27583	0.41438	0.39624	0.20024	0.19759	0.3172	0.44632	0.44598	0.31543	0.1939	0.76177	0.43914	0.46581	0.98261	0.85915	0.19633	0.37174	0.4604	0.30807	0.65358	0.53347	0.57725	0.54375	0.43124	0.37495	0.93404	0.3729	0.06822	0.40586	0.45707	0.20245
pelican	0.33221	0.16517	0.65362	0.3186	0.5536	0.36793	0.47981	0.38791	0.69433	0.59844	0.47751	0.84629	0.72386	0.4011	0.54307	0.69917	0.59528	0.75697	0.70535	0.52261	0.51275	0.37252	0.25593	0.61232	0.415	0.50348	0.69854	0.8826	0.50893	0.68114	0.6457	0.35625	0.45799	0.42108	0.24257	0.52828	0.82639	0.47036	0.65909	0.69037	0.65082	0.5458	0.36292	0.60834	0.35065	0.59261	0.24685	0.49746	0.72975	0.25649	0.49522	0.49308	0.29884	0.56066	1.0	0.48316	0.76415	0.54056	0.66028	0.33664	0.53255	0.86792	0.7636	0.6247	0.35029	0.3806	0.49725	0.5533	0.65833	0.63298	0.43475	0.35716	0.48984	0.38128	0.17486	0.572	0.66852	0.43202	0.62395	0.035	0.41189	0.40037	0.53234	0.22823	0.37671	0.59638	0.3585	0.92665	0.67824	0.31996	0.0	0.19532	0.34359	0.76891	0.15743	0.49348	0.56039	0.44932	0.33203	0.00527	0.51331	0.6069	0.33752	0.28267	0.77832	0.34553	0.39817	0.50631	0.31199	0.63453	0.76324	0.73945	0.67169	0.76591	0.57184	0.75341	0.30637	0.65902	0.46174	0.37062	0.59867	0.40268	0.68594	0.12813	0.32574	0.2285	0.49605	0.35904	0.76887	0.28601	0.30782	0.35231	0.44416	0.72225	0.60111	0.24547	0.54354	0.43302	0.75399	0.6504	0.48936	0.36625	0.47066	0.66355	0.17322	0.0	0.69568	0.39387	0.77216	0.35926	0.43539	0.63963	0.55465	0.50105	0.44836	0.67462	0.72756	0.67462	0.22716	0.38843	0.2091	0.46785	0.99681	0.42425	0.33439	0.28917	0.42293	0.56552	0.53679	0.30756	0.91862	0.48437	0.29775	0.33915	0.54703	0.59598	0.41792	0.40141	0.71109	0.57535	0.64406	0.24889	0.54197	0.00686	0.50681	0.57915	0.52836	0.4315	0.41877	0.51446	0.63312	0.38102	0.73422	0.59835	0.65285	0.572	0.93911	0.33835	0.33195	0.35072	0.40821	0.43596	0.39922	0.05738	0.75035	0.49949	0.34989	0.59267	0.40162	0.27037	0.62657	0.29269	0.52896	0.40864	0.63152	0.35987	0.49886	0.33717	0.66183	0.52408	0.40198	0.47408	0.0	0.52445	0.67227	0.27787	0.38148	0.41897	0.74083	0.75289	0.1255	0.174	0.52457	0.61082	0.44096	0.77259	0.55188	0.70129	0.72234	0.712	0.20932	0.36304	0.23673	0.52729	0.85618	0.21408	0.40845	0.67785	0.16594	0.50018	0.14775	0.28301	0.35646	0.95956	0.18664	0.38481	0.99026	0.60336	0.66305	0.69837	0.60869	0.68613	0.5567	0.61019	0.40989	0.94042	0.31827	0.67819	0.47203	0.76845	0.70738	0.59003	0.37952	0.6202	0.31433	0.81198	0.86978	0.63237	0.63699	0.42522	0.40826	0.55889	0.97357	0.61662	0.34212	0.2897	0.60166	0.39903	0.55856	0.78913	0.47965	0.54476	0.55743	0.30511	0.42974	0.54484	0.70555	0.51777	0.4589	0.49729	0.03591	0.14949	0.46647	0.60677	0.55233	0.2645	0.54063	0.35678	0.54943	0.50547	0.70022	0.58548	0.50406	0.74898	0.43795	0.35046	0.69212	0.53208	0.33042	0.7933	0.42017	0.54177	0.43749	0.56042	0.3777	0.58671	0.52559	0.51558	0.3818	0.70626	0.38367	0.65315	0.3145	0.9247	0.33923	0.49323	0.63927	0.83799	0.52225	0.39327	0.44199	0.46179	0.61188	0.24385	0.49506	0.51673	0.11957	0.51579	0.80781	0.25471	0.33429	0.37429	0.56975	0.51207	0.48513	0.36454	0.41222	0.32851	0.23956	0.49377	0.7921	0.3359	0.56462	0.60179	0.23442	0.5509	0.4499	0.76197	0.2443	0.75261	0.59551	0.50616	0.32668	0.52243	0.81164	0.58864	0.3901	0.58931	0.52345	0.59356	0.23208	0.53361	0.62434	0.33412	0.71715	0.76689	0.35915	0.55305	0.34591	0.26792	0.40045	0.60979	0.43153	0.39962	0.35811	0.46707	0.43842	0.26433	0.50458	0.52435
penguin	0.70288	0.63759	0.54918	0.80388	0.76222	0.82544	0.45036	0.3442	0.68518	0.20409	0.26599	0.46536	0.6527	0.67954	0.5419	0.88103	0.12465	0.53018	0.28044	0.20652	0.3166	0.41027	0.48823	0.32138	0.45674	0.77731	0.42964	0.2687	0.27413	0.73896	0.55337	0.51922	0.67465	0.54161	0.56324	0.53247	0.89295	0.63852	0.58573	0.59991	0.44693	0.47399	0.60977	0.61179	0.46457	0.41574	0.29272	0.49125	0.42721	0.04688	0.10309	0.63362	0.60751	0.61513	0.42308	0.36815	0.48235	0.24789	0.43321	0.42201	0.54174	0.8006	0.49207	0.7092	0.63185	0.23152	0.53259	0.45171	0.41245	0.63039	0.40903	0.73873	0.54812	0.77907	0.36162	0.64863	0.4591	0.26458	0.53201	0.07773	0.56859	0.30753	0.29957	0.30306	0.50777	0.48882	0.48268	0.58419	0.81109	0.56166	0.30075	0.54194	0.32744	0.56086	0.14668	0.48083	0.38426	0.36981	0.51667	0.40611	0.62624	0.72274	0.56153	0.50446	0.75203	0.60336	0.45633	0.39843	0.34514	0.7882	0.54984	0.99136	0.69376	0.79025	0.19686	0.77709	0.63948	0.4368	0.63554	0.511	0.55033	0.47343	0.52725	0.27964	0.27403	0.43991	0.82177	0.49003	0.4641	0.46972	0.42421	0.3101	0.38454	0.42737	0.59761	0.79381	0.51602	0.5501	0.63466	0.94036	0.38739	0.12535	0.81007	0.46045	0.52443	0.44367	0.58101	0.87608	0.34907	0.61257	0.60051	0.30422	0.66216	0.60159	0.37975	0.63846	0.39206	0.54656	1.0	0.58953	0.41958	0.57374	0.86573	0.52188	0.6061	0.59088	0.52673	0.65157	0.34078	0.36447	0.31327	0.30124	0.29015	0.4086	0.54264	0.12326	0.67486	0.70117	0.55784	0.41071	0.68301	0.17807	0.40004	0.50028	0.47324	0.51426	0.40981	0.24531	0.82889	0.45329	0.59157	0.30657	0.29103	0.44805	0.7699	0.4767	0.4578	0.48693	0.32884	0.38235	0.63232	0.52189	0.46457	0.68051	0.38153	0.40169	0.60729	0.61066	0.47131	0.38539	0.67726	0.30894	0.55773	0.43629	0.51864	0.33701	0.52295	0.0	0.65574	0.42846	0.40747	0.21662	0.41292	0.59794	0.56815	0.60392	0.52247	0.59892	0.77823	0.59483	0.30401	0.50147	0.61481	0.91675	0.37021	0.67016	0.77557	0.63986	0.3481	0.47406	0.78161	0.34159	0.61482	0.33281	0.43999	0.64809	0.48778	0.49487	0.36613	0.5447	0.39299	0.4323	0.369	0.33301	0.45513	0.14238	0.41521	0.64139	0.50603	0.62617	0.75205	0.48325	0.67079	0.55197	0.19394	0.41125	0.1494	0.48615	0.66524	0.44224	0.55103	0.66559	0.73581	0.5769	0.5436	0.13449	0.49608	0.86306	0.18759	0.39576	0.7465	0.22601	0.5983	0.14023	0.55715	0.42267	0.68445	0.51853	0.5745	0.35636	0.52623	0.38793	0.57812	0.30487	0.32612	0.44239	0.52115	0.5278	0.42953	0.57164	0.54895	0.70456	0.64247	0.25658	0.3266	0.35901	0.28585	0.66321	0.2529	0.48702	0.44124	0.66128	0.47719	0.58063	0.13287	0.32789	0.17394	0.47596	0.46313	1.0	0.37162	0.34436	0.39862	0.63141	0.55072	0.46827	0.39446	0.40011	0.23097	0.68211	0.31114	0.8212	0.40317	0.79687	0.57314	0.70539	0.64334	0.71683	0.48583	0.49306	0.48906	0.69914	0.34232	0.16768	0.22491	0.61717	0.56972	0.12126	0.55809	0.64256	0.13363	0.63756	0.40939	0.39663	0.26869	0.45716	0.72942	0.82315	0.46524	0.36104	0.38973	0.60791	0.64035	0.66452	0.62602	0.51549	0.49554	0.74634	0.32042	0.53013	0.35832	0.40462	0.31402	0.45473	0.20282	0.49897	0.64709	0.39705	0.59678	0.33912	0.53461	0.42338	0.89063	0.69128	0.32855	0.4099	0.56336	0.53421	0.32551	0.54729	0.87463	0.46687	0.52643	0.51771	0.87254	0.74849	0.11302	0.14771	0.5091	0.32944
perch	0.60882	0.80535	0.05432	0.53031	0.5696	0.65813	0.31697	0.70453	0.63315	0.43217	0.57559	0.19411	0.40984	0.37176	0.59574	0.39582	0.23617	0.33484	0.27216	0.61402	0.50339	0.3785	0.58242	0.30643	0.54895	0.76334	0.77697	0.34086	0.57121	0.66092	0.30604	0.62991	0.25777	0.371	0.27744	0.79405	0.40383	0.57444	0.14113	0.60253	0.28122	0.58309	0.42588	0.6406	0.58893	0.56892	0.40551	0.57223	0.78276	0.86101	0.57798	0.23292	0.4982	0.59601	0.45223	0.39566	0.03971	0.52693	0.37745	0.06749	0.80454	0.60047	0.76821	0.92123	0.33609	0.15522	0.26992	0.63168	0.51559	0.43821	0.7662	0.25612	0.60551	0.16831	0.06262	0.03011	0.77158	0.34716	0.71058	0.40813	0.38977	0.61597	0.43429	0.63878	0.81555	0.57109	0.29108	0.28086	0.76808	0.37859	0.29613	0.52361	0.5401	0.44656	0.34283	0.37828	0.38958	0.79374	0.68761	0.29596	0.63459	0.26126	0.6992	0.66733	0.50241	0.13609	0.75013	0.34992	0.33616	0.48419	0.66064	0.2757	0.20959	0.44434	0.30939	0.70317	0.45333	0.64611	0.317	0.31862	0.18209	0.66646	0.70438	0.38064	0.62477	0.37207	0.57748	0.59485	0.6365	0.62215	0.48997	0.16999	0.80147	0.5392	0.69177	0.85094	0.49329	0.45808	0.70521	0.46915	0.71326	0.66371	0.72605	0.50845	0.37714	0.38738	0.4662	0.30856	0.26598	0.13936	0.49277	0.82248	0.57822	0.60639	0.27343	0.51579	0.62447	0.87599	0.57846	0.52028	0.84153	0.22147	0.60057	0.55827	0.49489	0.53058	0.73638	0.58516	0.401	0.31838	0.55829	0.72674	0.33476	0.62168	0.38896	0.25348	0.44185	0.56336	0.73744	0.555	0.85477	0.24694	0.60225	0.3073	0.37192	0.64494	0.52557	0.47924	0.75651	0.55339	0.39054	0.356	0.22319	0.64036	0.82789	0.90933	0.33402	0.66714	0.19427	0.25085	1.0	0.77983	0.37801	0.77534	0.08943	0.48542	0.6282	0.55514	0.92594	0.441	0.40014	0.21057	0.58283	0.37601	0.50979	0.51405	0.62723	0.40908	0.4313	0.26047	0.64372	0.17456	0.44552	0.70194	0.61446	0.25025	0.79974	0.33369	0.46586	1.0	0.50944	0.19725	0.60175	0.7894	0.66348	0.48242	0.62596	0.683	0.26597	0.30471	0.42391	0.25511	0.4357	0.56737	0.80717	0.15213	0.0	0.60757	0.60019	0.82243	0.86839	0.42071	0.44699	0.50131	0.21963	0.48256	0.63314	0.33736	0.69386	1.0	0.59086	0.63993	0.45001	0.33452	0.42314	0.74505	0.49027	0.39219	0.61363	0.54901	0.64849	0.54939	0.33377	0.55629	0.61579	0.37611	0.35091	0.29975	0.54056	0.47872	0.47897	0.16787	0.89289	0.59862	0.15653	0.59929	0.49626	0.37016	0.49954	0.85956	0.51373	0.67327	0.73663	0.71632	0.20695	0.32171	0.41793	0.51844	0.55602	0.69154	0.41361	0.33459	0.86735	0.37963	0.44537	0.37015	0.39624	0.80137	0.15937	0.27772	0.73301	0.5237	0.40775	0.21516	0.12161	0.45622	0.0	0.50074	0.54437	0.44951	0.4842	0.19983	0.18165	0.47683	0.35396	0.46227	0.61373	0.26303	0.44478	0.27188	0.7955	0.26298	0.63423	0.70178	0.6248	0.70347	0.58191	0.89762	0.21123	1.0	0.80161	0.43105	0.44686	0.28147	0.31766	0.7448	0.0364	0.73122	0.34085	0.8289	0.28951	0.52569	0.36576	0.74529	0.28923	0.23362	0.53613	0.43076	0.56692	0.6588	0.52418	0.63942	0.70101	0.43823	0.60598	0.57223	0.43501	0.73125	0.29514	0.71365	0.22316	0.31722	0.29762	0.50995	0.59961	0.62614	0.33892	0.45701	0.33053	0.74417	0.67701	0.71442	0.44631	0.85484	0.68117	0.36869	0.51751	0.38707	0.4041	0.4796	0.70926	0.18826	0.3262	0.47126	0.41665	0.3759	0.67814	0.41892	0.28152	0.29347
pheasant	0.5342	0.26808	0.2937	0.70468	0.62644	0.78466	0.59455	0.53568	0.81565	0.78924	0.79295	0.66667	0.76736	0.37476	0.40874	0.69345	0.60897	0.39618	0.15133	0.21533	0.44192	0.49367	0.56316	0.03762	0.52044	0.20791	0.7077	0.72523	0.41161	0.49012	0.51933	0.73565	0.51885	0.6433	0.79631	0.59325	0.62501	0.38592	0.35892	0.63764	0.53713	0.26434	0.62104	0.86583	0.54945	0.41695	0.49975	0.49565	0.49584	0.14316	0.5845	0.45923	0.16339	0.83814	0.49595	0.36939	0.52681	0.48901	0.511	0.91512	0.40811	0.73766	0.53286	0.73189	0.66811	0.49498	0.42862	0.91868	0.2098	0.3449	0.62228	0.76589	0.29715	0.53058	0.55497	1.0	0.72743	0.81797	0.18884	0.75451	0.41325	0.55378	0.47486	0.6126	0.37982	0.52539	0.46111	0.32253	0.45981	0.54523	0.3912	0.25927	0.3548	0.52927	0.28568	0.24854	0.36486	0.37686	0.69736	0.34248	0.38281	0.58382	0.41562	0.45552	0.46916	0.56216	0.71163	0.64687	0.57296	0.41216	0.40125	0.40155	0.51801	0.32919	0.32092	0.61928	0.72524	0.68937	0.26228	0.36508	0.59322	0.47276	0.44835	0.40821	0.39501	0.63255	0.34534	0.17476	0.57464	0.58331	0.73827	0.61976	0.54811	0.74659	0.55226	0.37441	0.62422	0.52184	0.6861	0.60664	0.31702	0.4394	0.57835	0.54176	0.55296	0.1174	0.7499	0.35019	0.54515	0.52544	0.57524	0.50772	0.30102	0.46626	0.3011	0.32917	0.78917	0.51585	0.61251	0.20933	0.47642	0.20395	0.50648	0.7569	0.46716	0.27946	0.32404	0.65255	0.71343	0.52516	0.40576	0.52085	0.48926	0.70394	0.87059	0.65177	0.57691	0.50905	0.74381	0.42517	0.41002	0.19174	0.64639	0.47682	0.39533	0.45126	0.59957	0.40569	0.74459	0.36096	0.41645	0.54422	0.44885	0.43161	0.51188	0.3493	0.55069	0.417	0.36285	0.19992	0.5615	0.57779	0.5278	0.70573	0.26326	0.63755	0.59086	0.52357	0.48532	0.47891	0.49584	0.19496	0.52454	0.72691	0.15971	0.42912	0.39066	0.34127	0.38639	0.43455	0.79153	0.29475	0.39754	0.48386	0.54102	0.46487	0.60067	0.36794	0.73449	0.2278	0.45361	0.38308	0.73935	0.90439	0.57167	0.62114	0.42354	0.43403	0.48669	0.61928	0.77411	0.6046	0.23363	0.39075	0.65428	0.35499	0.2446	0.34672	0.57368	0.68547	0.51074	0.49959	0.53145	0.59536	0.29927	0.48667	0.72458	0.21659	0.51211	0.45256	0.50777	0.15897	0.69868	0.26639	0.77276	0.46972	0.27916	0.76886	0.63223	0.45692	0.48416	0.63822	0.38284	0.47992	0.20824	0.24903	0.32284	0.69676	0.3749	0.66302	0.77223	0.55805	0.29873	0.35274	0.4863	0.2556	0.5592	0.27214	0.41475	0.42821	0.3271	0.46684	0.59052	0.31218	0.75603	0.37038	0.39735	0.52702	0.37874	0.54321	0.44676	0.45377	0.35333	0.4681	0.42719	0.50528	0.2899	0.32985	0.35217	0.64715	0.90333	0.40351	0.70938	0.93421	0.54101	0.27151	0.44548	0.40093	0.52277	0.36588	0.67109	0.37093	0.76206	0.5302	0.5655	0.37267	0.60527	0.40149	0.67916	0.32514	0.59915	0.69206	0.30836	0.3101	0.34934	0.60009	0.51483	0.33383	0.59181	0.56109	0.21319	0.51257	0.29972	0.34181	0.58534	0.56439	0.53617	0.69918	0.70427	0.10596	0.32277	0.2301	0.60992	0.61281	0.78802	0.32543	0.22876	0.46838	0.5621	0.54138	0.52436	0.34091	0.52296	0.55948	0.53028	0.44426	0.6522	0.53712	0.49543	0.70175	0.29243	0.5537	0.82789	0.31229	0.60091	0.31331	0.75743	0.29951	0.64019	0.28846	0.17072	0.579	0.56095	0.37247	0.42775	0.57791	0.74485	0.72786	0.39378	0.56814	0.26589	0.54875	0.5007	0.4771	0.57688	0.60041	0.62765	0.25105	0.40965	0.38117
pig	0.43066	0.14357	0.58256	0.55951	0.52438	0.78525	0.64325	0.14438	0.49392	0.56648	0.31816	0.49556	0.61958	0.77873	0.38215	0.57664	0.52175	0.5572	0.4072	0.66729	0.34025	0.52857	0.48877	0.51218	0.60711	0.78942	0.52442	0.32889	0.34709	0.8735	0.53542	0.27834	0.40954	0.49501	0.67758	0.59825	0.69592	0.40652	0.73311	0.63568	0.5752	0.52586	0.63026	0.28724	0.11634	0.23734	0.01463	0.04833	0.7094	0.1808	0.36815	0.08559	0.53205	0.47356	0.31291	0.33373	0.44132	0.55554	0.68785	0.37824	0.47586	0.84117	0.2353	0.60046	0.20925	0.20358	0.67529	0.42762	0.59017	0.70189	0.83737	0.42172	0.76548	0.32713	0.53876	0.77239	0.62873	0.36453	0.37697	0.3885	0.33474	0.33688	0.63451	0.54669	0.56564	0.31092	0.29938	0.64778	0.74586	0.27987	0.3636	0.5256	0.19473	0.42202	0.36885	0.60935	0.64125	0.59205	0.36592	0.74113	0.80024	0.56215	0.47834	0.36334	0.25141	0.48642	0.78405	0.48934	0.42795	0.57328	0.56449	0.58371	0.71662	0.52995	0.59208	0.33381	0.45998	0.19719	0.46207	0.37809	0.7067	0.39826	0.49523	0.38272	0.6546	0.88579	0.25206	0.48451	0.48073	0.42355	0.60328	0.74136	0.21476	0.19665	0.0601	0.39899	0.61939	0.60634	0.76474	0.29344	0.55348	0.68754	0.51493	0.33268	0.47974	0.37372	0.69713	0.07999	0.72602	0.29957	0.19735	0.52509	0.36849	0.29364	0.16718	0.56794	0.56673	0.68165	0.5161	0.56104	0.50359	0.43055	0.51379	0.80653	0.34361	0.52711	0.36029	0.76996	0.30593	0.42849	0.48864	0.62321	0.5679	0.74612	0.46553	0.40747	0.53924	0.6969	0.42454	0.34336	0.53919	0.48994	0.13488	0.77874	0.56175	0.72574	0.44984	0.65718	0.3318	0.0	0.52821	0.33151	0.45294	0.71329	0.27539	0.28676	0.33369	0.33213	0.55357	0.3008	0.36604	0.25811	0.64283	0.0	0.60855	0.71004	0.37297	0.45608	0.72905	0.35706	0.57808	0.44359	0.5402	0.4175	0.48766	0.13443	0.434	0.26218	0.87694	0.64492	0.55982	0.36904	0.4324	0.39541	0.64414	0.14606	0.26748	0.60331	0.40014	0.53806	0.35599	0.47782	0.40005	0.0	0.43779	0.8553	0.57506	0.74522	0.48065	0.95048	0.40001	0.40762	0.59987	0.65609	0.66013	0.64209	0.54255	0.30117	0.56325	0.57468	0.31682	0.39448	0.21878	0.8856	0.82044	0.551	0.70503	0.47767	0.45676	0.81822	0.46969	0.45214	0.43346	0.50043	0.05564	0.55049	0.33701	0.59458	0.55136	0.38034	0.55827	0.59393	0.61387	0.36685	0.3931	0.49717	0.61978	0.71684	0.36843	0.65801	0.48443	0.58713	0.56932	0.59693	0.44912	0.71519	0.39145	0.60237	0.41277	0.70421	0.76472	0.4177	0.24773	0.27247	0.36234	0.29394	0.18291	0.59626	0.96063	0.56737	0.28282	0.65333	0.58751	0.38796	0.44612	0.49482	0.50801	0.69789	0.77237	0.26051	0.82794	0.69961	0.51556	0.50667	0.30408	0.52149	0.5527	0.66681	0.40586	0.70874	0.82148	0.72699	0.51325	0.50809	0.49936	0.16267	0.3988	0.80682	0.59396	0.73455	0.11872	0.7006	0.48272	0.69628	0.10832	0.48604	0.73067	0.86038	0.49121	0.58229	0.5662	0.64916	0.51202	0.12676	0.68474	0.65388	0.37172	0.52584	0.75227	0.66535	0.69993	0.57039	0.40938	0.13324	0.30823	0.41607	0.50827	0.3816	0.70039	0.2253	0.66348	0.30352	0.68612	0.63721	0.47319	0.19058	0.5376	0.48254	0.47626	0.49095	0.67985	0.54651	0.44235	0.40936	0.96488	0.19571	0.62513	0.60498	0.82637	0.6183	0.66104	0.55999	0.66152	0.79386	0.5437	0.93684	0.49213	0.58933	0.35676	0.3876	0.40276	0.34514	0.41204	0.50246	0.31767	0.46536	0.73729	0.29956	0.54421	0.59095
pigeon	0.28773	0.41198	0.51722	0.50633	0.44169	0.26712	0.21302	0.52151	0.75434	0.5618	0.42756	0.77953	0.60386	0.47838	0.34197	0.67014	0.62481	0.74338	0.38015	0.50367	0.55538	0.3555	0.64973	0.59213	0.51102	0.59874	0.3853	0.77867	0.5806	0.52261	0.276	0.25827	0.26951	0.71612	0.54409	0.89334	0.40147	0.66807	0.68977	0.53141	0.67386	0.27723	0.22448	0.66704	0.78608	0.79392	0.5384	0.76041	0.47838	0.57811	0.1852	0.17516	0.24395	0.94858	0.60019	0.45931	0.28362	0.46488	0.04048	0.52682	0.4473	0.37668	0.63121	0.22623	0.25691	0.61954	0.18672	0.50334	0.3673	0.76272	0.89113	0.26704	0.51271	0.41582	0.31754	0.71004	0.65125	0.71693	0.19574	0.93015	0.49952	0.51153	0.41021	0.94677	0.59251	0.44029	0.4174	0.55686	0.73439	0.6027	0.50555	0.51796	0.5327	0.83422	0.19089	0.72202	0.19418	0.17406	0.43834	0.92729	0.21657	0.3695	0.093	0.58001	0.49246	0.59051	0.54882	0.39385	0.84015	0.79375	0.22145	0.54955	0.25157	0.41512	0.33317	0.44474	0.61212	0.56624	0.36673	0.45647	0.49647	0.35645	0.4834	0.12582	0.28745	0.37039	0.41356	0.79091	0.67778	0.34949	0.35206	0.48853	0.45574	0.66939	0.78276	0.4222	0.88059	0.49412	0.72753	0.7124	0.42808	0.57266	0.50698	0.57754	0.50209	0.65011	0.54732	0.41508	0.52232	0.21923	0.19651	0.66769	0.35213	0.42572	0.16478	0.13244	0.54915	0.55156	0.50895	0.59265	0.21996	0.5892	0.02372	0.56344	0.65634	0.67814	0.86478	0.56399	0.78188	0.36951	0.44402	0.46598	0.35159	0.4525	0.67243	0.44228	0.34905	0.59733	0.66471	0.27187	0.19345	0.47487	0.2597	0.50173	0.82232	0.12166	0.40038	0.17465	0.11546	0.36505	0.48578	0.28038	0.36753	0.3667	0.67083	0.70265	0.68971	0.6237	0.64223	0.50461	0.30881	0.64712	0.55984	0.67348	0.53134	0.59117	0.54028	0.24167	0.66694	0.55564	0.33341	0.44176	0.70099	0.5252	0.40285	0.32605	0.56057	0.55851	0.51034	0.28809	0.61223	0.34316	0.42685	0.68895	0.34119	0.36019	0.65457	0.14808	0.23928	0.42877	0.52447	0.43212	0.41864	0.29435	0.43113	0.34217	0.67833	0.49434	0.98029	0.23262	0.23412	0.33082	0.61006	0.31445	0.56664	0.53274	0.492	0.24964	0.22846	0.68911	0.27963	0.38807	0.56946	0.84383	0.33128	0.40221	0.57135	0.52554	0.11813	0.55542	0.73638	0.59202	0.5391	1.0	0.45052	0.97337	0.54228	0.42182	0.82253	0.51855	0.38966	0.6219	0.38409	0.52392	0.18342	1.0	0.60988	0.56506	0.67127	0.3087	0.29127	0.54485	0.92593	0.38646	0.38432	0.79113	0.52999	0.29931	0.51776	0.52291	0.59494	0.4657	0.79237	0.80481	0.43244	0.21563	0.42412	1.0	0.35744	0.27383	0.83445	0.68972	0.42156	0.54279	0.65619	0.30792	0.71991	0.2724	0.11234	0.63819	0.3515	0.57377	0.31161	0.64542	0.43409	0.53941	0.57385	0.64854	1.0	0.34236	0.47378	0.42694	0.56267	0.27267	0.79706	0.56978	0.58541	0.53478	0.58793	0.58406	0.80569	0.54791	0.50643	0.64443	0.64706	0.59037	0.84925	0.34828	0.45754	0.34603	0.60302	0.34374	0.4813	0.56867	0.581	0.52122	0.27103	0.45339	0.29427	0.47696	0.80246	0.53446	0.58699	0.54701	0.6169	0.65603	0.41341	0.18518	0.72566	0.44413	0.67912	0.18246	0.52753	0.30811	0.27609	0.24706	0.58726	0.30773	0.53834	0.45439	0.56314	0.42416	0.68396	0.45082	0.92445	0.30152	0.75946	0.22971	0.26185	0.66653	0.52751	0.51412	0.51847	0.69256	0.23553	0.54654	0.39764	0.10004	0.2998	0.35601	0.23126	0.40539	0.56433	0.50629	0.64314	0.56557	0.5411	0.33285	0.47951	0.24872
pike	0.39941	0.76777	0.71774	0.50574	0.7849	0.81167	0.20872	0.23627	0.8507	0.21958	0.4973	0.78488	0.6756	0.72493	0.27117	0.45396	0.15973	0.53935	0.42718	0.50309	0.22837	0.40878	0.28038	0.19265	0.53324	0.67743	0.7036	0.22312	0.51379	0.6886	0.78163	0.44643	0.21846	0.38378	0.50518	0.31281	0.62796	0.43404	0.45342	0.45522	0.41851	0.72932	0.0	0.70914	0.6719	0.39646	0.13866	0.60978	0.46755	0.80392	0.61112	0.50107	0.49604	0.41274	0.63184	0.48228	0.31388	0.51761	0.34886	0.37817	0.48995	0.51985	0.27476	0.70638	0.49265	0.58905	0.59252	0.72033	0.46587	0.86185	0.19868	0.31633	0.33854	0.49737	0.21713	0.59389	0.39954	0.00316	0.65878	0.38209	0.65892	0.38253	0.28458	0.42313	0.57521	0.58956	0.41182	0.41705	0.53224	0.30917	0.57606	0.28755	0.44553	0.70073	0.49824	0.2333	0.43166	0.64258	0.50686	0.00741	0.31115	0.74868	0.3222	0.5373	0.5087	0.75887	0.34149	0.65726	0.46015	0.22285	0.3946	0.33684	0.31731	0.6524	0.14143	0.5057	0.56653	0.29745	0.34232	0.4883	0.58382	0.37169	0.48489	0.36524	0.27745	0.44942	0.59042	0.62328	0.59785	0.58264	0.86245	0.2007	0.40124	0.32494	0.54802	0.93259	0.19272	0.64248	0.4543	0.70102	0.70123	0.50068	0.70676	0.00454	0.19482	0.48262	0.55727	0.44557	0.23899	0.09939	0.67438	0.6618	0.38103	0.58994	0.27764	0.77993	0.92584	0.33808	0.671	0.45911	0.29591	0.32947	0.74867	0.50668	0.31816	0.62376	0.8527	0.49237	0.57297	0.61773	0.65197	0.23107	0.37874	0.41391	0.64662	0.33432	0.23739	0.43523	0.74063	0.63852	0.74335	0.34619	0.32801	0.48657	0.38987	0.50499	0.62102	0.48716	0.53264	0.74975	0.87213	0.44493	0.22135	0.53368	0.76436	0.85523	0.58348	0.49645	0.46963	0.33449	0.32112	0.60355	0.34609	0.65133	0.55108	0.58389	0.73631	0.6713	0.32586	0.54114	0.72421	0.44057	0.65178	0.58451	0.55659	0.24483	0.70517	0.43732	0.52695	0.77486	0.52201	0.4947	0.60026	0.37814	0.53433	0.62466	0.57052	0.44669	0.85529	0.66605	0.61201	0.91203	0.54291	0.48016	0.42137	0.46432	0.5835	0.64915	0.68146	0.41744	0.47983	0.12895	0.59543	0.55329	0.64688	0.35918	0.55337	0.4039	0.64633	0.45782	0.70053	0.75659	0.38592	0.4288	0.23149	0.37844	0.37665	0.54242	0.95366	0.47617	0.68341	0.5659	0.54123	0.6832	0.32149	0.65325	0.58506	0.55531	0.61472	0.55701	0.16627	0.42036	0.42189	0.70045	0.47016	0.07623	0.66912	0.22401	0.45992	0.7348	0.31333	0.40874	0.27382	0.42118	0.72773	0.28413	0.63187	0.10606	0.55726	0.33204	0.12322	0.28368	0.49484	0.82545	0.32214	0.52406	0.40876	0.56853	0.18409	0.53988	0.30612	0.42435	0.77338	0.16337	0.65083	0.51607	0.77155	0.26104	0.55264	0.40837	0.81994	0.48415	0.64921	0.69014	0.61289	0.50367	0.71059	0.08699	0.35516	0.81587	0.50418	0.32348	0.43832	0.27696	0.13814	0.14816	0.69052	0.37068	0.45017	0.57442	0.72352	0.53397	0.60175	0.73531	0.68812	0.57593	0.84089	0.77709	0.25958	0.73739	0.60609	0.42776	0.55987	0.08787	0.48284	0.62082	0.28421	0.37035	0.63626	0.29655	0.5595	0.22744	0.59126	0.54559	0.49255	0.16994	0.71487	0.62046	0.37982	0.52409	0.39124	0.58728	0.44335	0.30827	0.54198	0.67161	0.89863	0.70504	0.82518	0.59345	0.24443	0.50095	0.49096	0.15224	0.55989	0.10116	0.67616	0.76601	0.55501	0.45258	0.63314	0.63983	0.78693	0.68681	0.20232	0.44486	0.19216	0.43699	0.46481	0.43403	0.60132	0.76875	0.74282	0.42501	0.39031	0.51929	0.19279	0.53512	0.69129	0.32707
piranha	0.4562	0.40048	0.16026	0.32929	0.26985	0.46282	0.78201	0.59256	0.63085	0.76577	0.67844	0.57214	0.34626	0.50498	0.38738	0.23507	0.51697	0.42078	0.4127	1.0	0.67125	0.36357	0.35181	0.47805	0.83761	0.65651	0.22011	0.19428	0.52802	0.39001	0.43904	0.22835	0.34888	0.49092	0.50663	0.46138	0.9754	0.4786	0.51411	1.0	0.6576	0.65256	0.62322	0.56704	0.82251	0.83336	0.69551	0.34871	0.5151	0.47566	0.3762	0.20154	0.73142	0.42902	0.47657	0.71457	0.8028	0.30589	0.59533	0.91803	0.41979	0.67168	0.69096	0.49841	0.33541	0.58036	0.43731	0.12018	0.40263	0.50475	0.84281	0.16536	0.33051	0.36832	0.6238	0.36533	0.46199	0.34576	0.60057	0.37714	0.3511	0.70684	0.53954	0.63938	0.80111	0.22236	0.41689	0.18273	0.65128	0.50443	0.10019	0.72989	0.44326	0.53657	0.4345	0.32739	0.0624	0.38091	0.60923	0.86939	0.58396	0.52268	0.7174	0.70592	0.67557	0.20615	0.65176	0.39965	0.60973	0.26112	0.59731	0.26138	0.33017	0.02991	0.49831	0.57536	0.65749	0.90433	0.522	0.60963	0.50021	1.0	0.59082	0.60176	0.44789	0.28133	0.76359	0.30842	0.52401	0.69094	0.34786	0.57375	0.23746	0.0	0.24238	0.2563	0.71991	0.64381	0.23979	0.4703	0.52021	0.58406	0.68561	0.22953	0.7114	0.3533	0.26479	0.18197	0.65317	0.26743	0.26533	0.75864	0.46546	0.74748	0.59578	0.35712	0.53794	0.35669	0.59188	0.37023	0.43311	0.48614	0.40516	0.45548	0.18395	0.40143	0.46783	0.50128	0.47911	0.29652	0.23731	0.54854	0.5957	0.4233	0.43972	0.46764	0.21933	0.36965	0.47108	0.32059	0.7352	0.0435	0.41197	0.16387	0.68374	0.51364	0.566	0.54447	0.63864	0.65519	0.53808	0.81927	0.25288	0.29681	0.42096	0.36407	0.44834	0.3445	0.40081	0.48293	0.56429	0.34407	0.45978	0.46389	0.74782	0.90955	0.57962	0.31084	0.10452	0.49404	0.51358	0.87635	0.35686	0.78866	0.93769	0.50362	0.59966	0.44704	0.49099	0.4314	0.34504	0.21428	0.77746	0.57354	0.23773	0.76717	0.20186	0.41252	0.5837	0.53201	0.46716	0.70151	0.38999	0.32719	0.61469	0.58044	0.34986	0.5972	1.0	0.22569	0.56887	0.37433	0.46322	0.49135	0.43397	0.71331	0.75059	0.27524	0.40474	0.42168	0.53167	0.61349	0.36663	0.53864	0.45326	0.55731	0.59863	0.55901	0.23045	0.35485	0.3152	0.48788	0.79854	0.16538	0.79186	0.27057	0.71605	0.64455	0.48789	0.35223	0.68783	0.77638	0.16377	0.45561	0.68817	0.61072	0.37628	0.40328	0.55973	0.22056	0.0	0.64253	0.90651	0.65093	0.21938	0.51312	0.34897	0.41399	0.50444	0.43393	0.66687	0.17217	0.45422	0.4829	0.60758	0.39972	0.52029	0.44099	0.45636	0.82427	0.33395	0.61914	0.34507	1.0	0.33214	0.67475	0.53087	0.25723	0.58672	0.50836	0.63109	0.53133	0.44174	0.47293	0.30002	0.85579	0.60529	0.68473	0.35743	0.76716	0.62832	0.69416	0.48737	0.49829	0.4701	0.77852	0.40429	0.52018	0.70995	0.70102	0.74838	0.66445	0.14952	0.74232	0.0	0.42083	0.96848	0.68555	0.6484	0.17495	0.42451	0.64647	0.66931	0.46555	0.49884	0.44816	0.66364	0.72955	0.49141	0.85435	0.47345	0.44958	0.39776	0.38191	0.744	0.52475	0.62821	0.34036	0.65361	0.40983	0.58492	0.53985	0.52608	0.63891	0.4623	0.49435	0.67424	0.37486	0.45065	0.60635	0.5142	0.46607	0.58647	0.63342	0.32666	0.57725	0.53054	0.79358	0.56934	0.48068	0.58793	0.13646	0.40581	0.55486	0.46425	0.51965	0.43934	0.12278	0.40864	0.45454	0.21443	0.84349	0.45805	0.70527	0.50701	0.1752	0.33679	0.25899	0.50633	0.23437
plaice	0.22886	0.48516	0.80907	0.6057	0.39619	0.60354	0.33252	0.41708	0.67512	0.61595	0.6887	0.6879	0.5921	0.54316	0.47818	0.81906	0.73152	0.53804	0.5868	0.20285	0.2699	0.77384	0.0	0.53264	0.23068	0.9103	0.46088	0.70752	0.56176	0.43414	0.35964	0.40831	0.3237	0.36265	0.39417	0.39621	0.57087	0.55957	0.47828	0.69813	0.53962	0.67153	0.51535	0.50274	0.38721	0.83059	0.22985	0.41832	0.70023	0.55011	0.26181	0.38239	0.2451	0.51066	0.40789	0.24327	0.62566	0.28147	0.55538	0.50685	0.50975	0.89565	0.43192	0.29153	0.51885	0.543	0.46226	0.50334	0.32185	0.4322	0.62496	0.32052	0.50415	0.14864	0.33114	0.67726	0.48673	0.38564	0.56619	0.4018	0.30768	0.5192	0.8235	0.56901	0.40427	0.30011	0.5871	0.36635	0.76403	0.31265	0.48948	0.65019	0.40949	0.6575	0.49015	0.34452	0.45553	0.53586	0.74883	0.5312	0.40506	0.15112	0.48268	0.46865	0.31701	0.40001	0.77953	0.70146	0.67724	0.50062	0.46109	0.14695	0.45257	0.49833	0.48055	0.74598	0.32161	0.58448	0.33789	0.59365	0.35618	0.61469	0.30454	0.78556	0.47174	0.7844	0.39439	0.29418	0.81099	0.40644	0.45358	0.53057	0.36067	0.32285	0.27603	0.47963	0.42331	0.52959	0.41245	0.26435	0.0	0.35721	0.50518	0.71747	0.56958	0.37566	0.62062	0.0947	0.55107	0.57984	0.33421	0.70315	0.4165	0.46142	0.48002	0.61654	0.53467	0.59755	0.45045	0.4395	0.31358	0.18118	0.33144	0.656	0.51122	0.51274	0.27602	0.47741	0.47306	0.42577	0.13446	0.46726	0.56466	0.57163	0.52189	0.58563	0.058	0.38154	0.4701	0.30439	0.53312	0.2488	0.73547	0.46416	0.6395	0.31554	0.13581	0.30501	0.75057	0.27091	0.6967	0.46141	0.6969	0.50014	0.17614	0.44917	0.71252	0.66357	0.26373	0.38777	0.47967	0.43801	0.74881	0.31112	0.50842	0.674	0.57977	0.45975	0.56	0.90039	0.42903	0.86029	0.9249	0.74821	0.46762	0.30421	0.61025	0.58056	0.83357	0.49722	0.33236	0.44408	0.42551	0.86883	0.19362	0.52005	0.20956	0.68515	0.45725	0.69097	0.39333	0.46403	0.50608	0.25388	0.53417	0.38994	0.72421	0.54602	0.6021	0.46399	0.47939	0.23528	0.51752	0.49479	0.21905	0.73298	0.42502	0.42006	0.34764	0.77228	0.51665	0.37675	0.52562	0.54915	0.80672	0.68133	0.37636	0.61236	0.45849	0.36357	0.43898	0.76599	0.55813	0.4029	0.60691	0.6576	0.65877	0.1051	0.55379	0.49883	0.71942	0.58564	0.56623	0.52564	0.38708	0.66937	0.59656	0.33364	0.69104	0.21934	0.3989	0.65745	0.39779	0.51177	0.43519	0.31394	0.58291	0.65366	0.72433	0.55099	0.53869	0.3644	0.54077	0.64018	0.7829	0.25115	0.36637	0.43575	0.47759	0.59156	0.23611	0.79102	0.52828	0.68381	0.4162	0.32732	0.24165	0.38785	0.60496	0.65335	0.57551	0.38827	0.59823	0.52766	0.24328	0.45296	0.53132	0.70568	0.60226	0.14723	0.55855	0.68559	0.41132	0.52679	0.70827	0.66213	0.49871	0.69007	0.64289	0.67534	0.45376	0.55568	0.58835	0.49378	0.09772	0.36622	0.67426	0.75512	0.75966	0.13178	0.31326	0.69987	0.32958	0.60915	0.45089	0.31966	0.68524	0.80658	0.68842	0.3727	0.61345	0.38529	0.1613	0.49156	0.85772	0.6427	0.45241	0.48129	0.46575	0.49757	0.41545	0.23086	0.53308	0.62786	0.46972	0.80008	0.56218	0.33521	0.29436	0.76303	0.83048	0.55872	0.712	0.5898	0.46445	0.5284	0.49009	0.73629	0.85531	0.36406	0.41694	0.53933	0.6626	0.46663	0.42638	0.82794	0.54782	0.20571	0.41166	0.56108	0.23419	0.56157	0.41186	0.68933	0.34084	0.41078	0.40862	0.35559	0.38275	0.23697
platypus	0.31173	0.46431	0.7342	0.21047	0.55166	0.43844	0.51732	0.39717	0.60435	0.64678	0.4955	0.7274	0.49041	0.57753	0.53779	0.95951	0.58226	0.62854	0.43252	0.35663	0.29214	0.56511	0.14703	0.61476	0.50687	0.45709	0.29124	0.59671	0.3022	0.32261	0.87385	0.30946	0.52445	0.34584	0.518	0.44937	0.47567	0.38905	1.0	0.55492	0.81346	0.6539	0.56139	0.48546	0.48268	0.69801	0.31125	0.64167	0.46712	0.22943	0.33054	0.73215	0.16282	0.48069	0.23062	0.41192	0.62442	0.38873	0.59128	0.67797	0.53481	0.33742	0.65629	0.49491	0.2433	0.52198	0.31431	0.67001	0.27914	0.74536	0.32232	0.5745	0.50287	0.31201	0.39545	0.72127	0.73139	0.56174	0.35309	0.42514	0.2849	0.85503	0.42982	0.50818	0.06105	0.54471	0.66501	0.29402	0.50422	0.33156	0.5655	0.6173	0.38885	0.54688	0.35229	0.36297	0.3838	0.5474	0.68865	0.49231	0.58909	0.40305	0.71549	0.53472	0.39982	0.64047	0.26227	0.38989	0.66996	0.21815	0.31032	0.60926	0.54018	0.56292	0.56628	0.78438	0.15774	0.59496	0.4086	0.86213	0.63556	0.38524	0.3073	0.72401	0.38732	0.26363	0.44806	0.28761	0.73988	0.66667	0.55164	0.6037	0.48558	0.42625	0.29438	0.50905	0.41979	0.51923	0.8374	0.49994	0.35465	0.78269	0.59082	0.43842	0.39917	0.40299	0.49159	0.21837	0.37693	0.6662	0.19436	0.54587	0.57435	0.48978	0.48538	0.59353	0.43871	0.49981	0.71106	0.66431	0.46668	0.73413	0.7371	0.5415	0.35702	0.07251	0.4845	0.0	0.24427	0.26141	0.58388	0.4872	0.45766	0.47157	0.34283	0.66734	0.22994	0.58414	0.27343	0.44316	0.40207	0.19315	0.68881	0.52879	0.57938	0.57219	0.76485	0.14241	0.72467	0.50208	0.55905	0.60828	0.49178	0.38048	0.27486	0.36959	0.3749	0.69211	0.35826	0.66294	0.35913	0.39771	0.87264	0.48944	0.60495	0.49785	0.55391	0.11674	0.42847	0.65931	0.63009	0.52657	0.71488	0.54857	0.55727	0.53665	0.35837	0.6429	0.69638	0.30773	0.51955	0.4664	0.61515	0.80469	0.27291	0.67046	0.36987	0.54042	0.6381	0.45133	0.27716	0.46411	0.71756	0.62698	0.49612	0.52646	0.56404	0.30275	0.31306	0.44061	0.69445	0.45176	0.79386	0.44471	0.4008	0.71218	0.69606	0.54259	0.54422	0.48918	0.0	0.50846	0.39155	0.51681	0.55512	0.27506	0.54627	0.80521	0.39478	0.62921	0.46942	0.51816	0.66563	0.49664	0.36179	0.43181	0.63635	0.26561	0.55366	0.472	0.65787	0.75351	0.34801	0.34153	0.45619	0.46061	0.39928	0.64594	0.48695	0.44388	0.47687	0.3857	0.30955	0.42012	0.51013	0.50922	0.62895	0.33222	0.58668	0.29943	0.31171	0.38548	0.63024	0.58716	0.61231	0.96911	0.43714	0.45884	0.79849	0.44317	0.59075	0.6297	0.86787	0.66012	0.34201	0.04776	0.27783	0.41918	0.54187	0.42585	0.84529	0.28562	0.51634	0.42145	0.6785	0.11518	0.5415	0.13859	0.524	0.12996	0.41769	0.84042	0.59768	0.44289	0.55296	0.85142	0.93047	0.51219	0.70995	0.58297	0.623	0.3948	0.57782	0.67141	0.29513	0.46122	0.8202	0.52091	0.45055	0.54189	0.49734	0.59158	0.36865	0.6179	0.55081	0.57108	0.65003	0.35787	0.77121	0.39251	0.39316	0.45654	0.36934	0.69848	0.40043	0.25611	0.59159	0.57906	0.20062	0.56624	0.52321	0.30352	0.41456	0.58431	0.82499	0.84403	0.41572	0.14977	0.65385	0.38246	0.92551	0.62597	0.55816	0.35505	0.55343	0.21627	0.49772	0.31414	0.71898	0.68235	0.54472	0.63927	0.6129	0.43489	0.30839	0.64655	0.94707	0.43464	0.24394	0.44123	0.46111	0.36698	0.52934	0.36197	0.85636	0.5192	0.19734	0.45051	0.54109	0.29096
polar_bear	0.0	0.42349	0.39433	0.3442	0.62392	0.66794	0.44817	0.51833	0.49665	0.53292	0.43507	0.68446	0.54552	0.35216	0.6451	0.94519	0.81484	0.71745	0.36951	0.39158	0.34836	0.44548	0.67382	0.2858	0.45468	0.90161	0.36866	0.72778	0.46955	0.24342	0.39002	0.28074	0.48054	0.29344	0.42372	0.32645	0.66967	0.242	0.45467	0.41399	0.57757	0.58571	0.27959	0.43904	0.3361	0.65299	0.76168	0.33283	0.60221	0.3589	0.42125	0.18735	0.32493	0.5642	0.59805	0.28419	0.55862	0.43267	0.41879	0.70988	0.45481	0.35938	0.72216	0.53789	0.56973	0.47115	0.39426	0.45151	0.44304	0.42769	0.70372	0.37755	0.59747	0.66298	0.47522	0.48928	0.62843	0.54654	0.48457	0.11507	0.4228	0.17997	0.6169	0.72971	0.45775	0.54238	0.72091	0.70191	0.55007	0.52851	0.38641	0.69766	0.34833	0.48591	0.29213	0.70802	0.37944	0.2697	0.59251	0.84061	0.37922	0.50849	0.66005	0.53026	0.60701	0.61734	0.70048	0.70305	0.46051	0.15264	0.33471	0.79842	0.70439	0.53598	0.54417	0.27474	0.38988	0.35782	0.43328	0.38651	0.43989	0.55326	0.70989	0.43126	0.4889	0.57345	0.64771	0.49984	0.58032	0.6436	0.74243	0.52723	0.02338	0.28407	0.34594	0.41331	0.68029	0.61537	0.71454	0.53952	0.44603	0.90648	0.70692	0.46518	0.24717	0.69111	0.41866	0.24977	0.61756	0.57036	0.35896	0.73745	0.04132	0.56086	0.51269	0.55933	0.56484	0.7931	0.53611	0.22397	0.53405	0.63021	0.22997	0.77791	0.52129	0.4572	0.39497	0.44165	0.48128	0.23281	0.1889	0.49238	0.62824	0.5124	0.50381	0.41058	0.19219	0.69397	0.5341	0.60754	0.35314	0.25115	0.87822	0.81769	0.67232	0.55331	0.35895	0.38248	0.67174	0.66716	0.48966	0.42823	0.33202	0.32359	0.40188	0.43159	0.58946	0.61693	0.17904	0.60074	0.36771	0.50875	0.51444	0.39829	0.58175	0.69866	0.46864	0.30753	0.47595	0.62833	0.38992	0.67909	0.72342	0.47115	0.63764	0.46333	0.46279	0.4806	0.33919	0.58588	0.4657	0.33256	0.60726	0.65892	0.65991	0.3289	0.51612	0.51723	0.45124	0.27965	0.4318	0.75037	0.51326	0.08581	0.44178	0.34575	0.42826	0.40188	0.4366	0.58426	0.81474	0.71613	0.46333	0.48568	0.58676	0.32955	0.59292	0.48217	0.22004	0.61068	0.04528	0.79984	0.26901	0.41807	0.44737	0.24614	0.3479	0.62548	0.49199	0.76552	0.15751	0.55503	0.69435	0.43633	0.43966	0.69534	0.31378	0.24119	0.53613	0.50886	0.76502	0.75333	0.56064	0.55132	0.39675	0.41093	0.65828	0.48631	0.33808	0.58889	0.5497	0.59368	0.28081	0.79462	0.37535	0.45269	0.79937	0.53643	0.38076	0.73004	0.33701	0.42693	0.28744	0.3687	0.57676	0.52233	0.6804	0.45329	0.49327	0.56155	0.1284	0.35787	0.09017	0.51907	0.40038	0.36486	0.45961	0.40235	0.66365	0.6343	0.44876	0.57936	0.75589	0.57035	0.34752	0.62939	0.67946	0.52914	0.26643	0.40326	0.49775	0.69416	0.14243	0.59214	0.20633	0.47617	0.59863	0.40148	0.79205	0.55005	0.25052	0.45489	0.39822	0.46046	0.49521	0.63994	0.54844	0.70294	0.71768	0.18383	0.81006	0.55493	0.48489	1.0	0.68661	1.0	0.50986	0.4263	0.4175	0.34848	0.60773	0.57027	0.82174	0.50272	0.67787	0.08716	0.39985	0.38579	0.64831	0.46638	0.31602	0.31724	0.51289	0.50768	0.801	0.49071	0.16314	0.02998	0.44276	0.76595	0.71739	0.64193	0.84153	0.68142	0.56516	0.59638	0.6754	0.33048	0.84162	0.6512	0.42528	0.53729	0.41084	0.58183	0.52348	0.53718	0.53724	0.27267	0.37837	0.38847	0.25158	0.46848	0.43973	0.71495	0.663	0.6146	0.7209	0.5164	0.24015	0.44013
polecat	0.7458	0.34068	0.1436	0.77615	0.39807	0.57434	0.32812	0.91223	0.46664	0.58126	0.33808	0.18696	0.42325	0.3181	0.68341	0.94332	0.36726	0.8536	0.61081	0.55002	0.42503	0.44249	0.56899	0.85757	0.53782	0.82425	0.59483	0.32437	0.43701	0.57109	0.5992	0.31906	0.30281	0.73856	0.39445	1.0	0.48468	0.63047	0.82885	0.51646	0.3989	0.66561	0.31394	0.12962	0.63479	0.64515	0.54943	0.55563	0.58605	0.78917	0.51141	0.56396	0.2714	0.36941	0.8952	0.37257	0.52906	0.31854	0.15187	0.70851	0.69576	0.64466	0.50792	0.43285	0.15185	0.39961	0.55975	0.70729	0.80537	0.58484	0.78563	0.38093	0.8063	0.17556	0.77982	0.32456	0.89218	0.52358	0.25469	0.6868	0.31745	0.51031	0.6056	0.55551	0.88521	0.41134	0.50243	0.40947	0.84319	0.60042	0.3656	0.55626	0.56278	0.6784	0.2432	0.66764	0.5145	0.53857	0.23333	0.32958	0.79892	0.24009	0.84232	0.64157	0.37021	0.39602	0.64213	0.44072	0.34402	0.61967	0.31864	0.38114	0.4424	0.3254	0.63366	0.74886	0.61434	0.61785	0.329	0.39009	0.1936	0.47826	0.16805	0.05739	0.62215	0.14421	0.28052	0.23112	0.55138	0.4167	0.05215	0.34171	0.67095	0.54629	0.2211	0.43955	0.41155	0.28886	0.5186	0.37754	0.32661	0.33401	0.69367	0.46685	0.30855	0.38564	0.44945	0.29962	0.7919	0.57404	0.1694	0.11427	0.92399	0.47789	0.45301	0.7703	0.45388	0.73998	0.34889	0.65314	0.32184	0.33963	0.49901	0.57947	0.62924	0.53861	0.58581	0.62911	0.34429	0.29175	0.34545	0.27013	0.38337	0.54284	0.69834	0.48532	0.29634	0.66748	0.60311	0.42974	0.69597	0.35224	0.49455	0.23914	0.52922	0.47684	0.77748	0.21633	0.40282	0.4895	0.38783	0.86967	0.62236	0.54145	0.41739	0.28489	0.79803	0.33513	0.48097	0.39096	0.52194	0.47955	0.44945	0.37091	0.58885	0.91736	0.30001	0.4754	0.69289	0.47746	0.33524	0.39523	0.81246	0.39931	0.33074	0.79086	0.2915	0.53343	0.37583	0.51331	0.22305	0.17686	0.46979	0.36259	0.46151	0.24393	0.25358	0.49174	0.45636	0.5225	0.27931	0.45486	0.56811	0.5426	0.5283	0.63599	0.49049	0.51814	0.40806	0.31872	0.80315	0.1708	0.6179	0.29272	0.39749	0.40274	0.42212	0.74111	0.41636	0.38101	0.49263	0.56385	0.39009	0.68025	0.44239	0.66876	0.51952	0.68129	0.83146	0.41006	0.42429	0.48718	0.45834	0.60455	0.54175	0.54312	0.76551	0.44314	0.19982	0.60147	0.92139	0.44994	0.53041	0.41223	0.71647	0.53249	0.39231	0.41276	0.60441	0.30204	0.55615	0.42405	0.69412	0.43458	0.02877	0.83194	0.43816	0.49698	0.41036	0.66299	0.88343	0.50643	0.96671	0.49389	0.0	0.26068	0.49588	0.37485	0.77759	0.86474	0.26593	0.59026	0.83469	0.5984	0.51711	0.71466	0.26904	0.45413	0.47998	0.37796	0.71951	0.64513	0.54279	0.23846	0.65908	0.57486	0.57737	0.55673	0.41011	0.54253	0.60195	0.55696	0.32086	0.49471	0.43108	0.54637	0.45218	0.96709	0.55462	0.61676	0.33714	0.13544	0.56716	0.47259	0.59837	0.62091	0.6052	0.34116	0.43074	0.40113	0.46769	0.91744	0.76585	0.86586	0.49083	0.68858	0.27211	0.73006	0.49571	0.58765	0.38772	0.49768	0.60918	0.26833	0.67479	0.65953	0.42035	0.58015	0.67327	0.61133	0.30608	0.13053	0.7574	0.71002	0.66844	0.70275	0.27877	0.7206	0.34403	0.76236	0.44964	0.2537	0.39648	0.4181	0.53587	0.49604	0.4064	0.65416	0.08698	0.28537	1.0	0.51846	0.8546	0.30792	0.45285	0.30755	0.43545	0.35576	0.4117	0.31501	0.00171	0.19595	0.39141	0.29975	0.42308	0.65675	0.49445	0.46003	0.2266	0.22321
pony	0.47903	0.67189	0.62602	0.5341	0.5642	0.36287	0.75698	0.08911	0.67978	0.37415	0.59456	0.3611	0.39604	0.3991	0.42947	0.84568	0.57972	0.94731	0.81862	0.58375	0.67716	0.8724	0.57588	0.60558	0.0	0.65503	0.31506	0.13376	0.63798	0.50889	0.50873	0.43432	0.70333	0.5467	0.26146	0.51566	0.40782	0.42346	0.4872	0.68842	0.65621	0.35592	0.74314	0.65153	0.45682	0.53831	0.54839	0.7021	0.55925	0.60797	0.26954	0.27663	0.51347	0.56447	0.55457	0.31175	0.3266	0.73078	0.81704	0.74431	0.46526	0.60727	0.3812	0.60113	0.48486	0.2268	0.58819	0.6746	0.59872	0.56064	0.43672	0.78939	0.38216	0.19176	0.85121	0.48892	0.69638	0.67056	0.8617	0.59746	0.24475	0.68842	0.55626	0.44684	0.7959	0.31017	0.78678	0.15975	0.6769	0.25441	0.0848	0.60574	0.47703	0.60932	0.19798	0.57	0.59314	0.57104	0.42064	0.39767	0.37623	0.45107	0.35625	0.50307	0.35435	0.82928	0.42719	0.27226	0.82025	0.57198	0.61761	0.6046	0.26281	0.49615	0.52374	0.46344	0.66156	0.37724	0.65074	0.36475	0.45051	0.5448	0.54984	0.42969	0.7155	0.61297	0.54956	0.42802	0.57625	0.61933	0.31708	0.46876	0.34915	0.49995	0.4665	0.42686	0.5578	0.38607	0.84744	0.74095	0.95411	0.37166	0.60626	0.74237	0.67223	0.23151	0.1856	0.79248	0.66769	0.19895	0.23286	0.64371	0.64797	0.64186	0.70119	0.62029	0.67279	0.51575	0.0	0.53849	0.77449	0.29512	0.53681	0.27501	0.54939	0.57681	0.52401	0.41046	0.35119	0.22455	0.49597	0.38481	0.23348	0.20589	0.36266	0.59203	0.38306	0.81486	0.36886	0.39761	0.64576	0.2652	0.57558	0.60923	0.68125	0.60642	0.82369	0.46267	0.3714	0.60538	0.55123	0.51069	0.61441	0.31103	0.54817	0.36651	0.41143	0.29846	0.65029	0.07855	0.0	0.3194	0.90868	0.25419	0.39986	1.0	0.54571	0.3357	0.54486	0.61518	0.3406	0.229	0.43071	0.33852	0.4537	0.42478	0.51384	0.41276	0.4931	0.73291	0.47032	0.36402	0.52578	0.34033	0.48951	0.87007	0.72632	0.60432	0.534	0.37699	0.50187	0.51691	0.6457	0.62264	0.68319	0.45628	0.84087	0.28524	0.29781	0.04596	0.58168	0.45675	0.69764	0.70067	0.40316	0.51425	0.67448	0.53242	0.64885	0.74135	0.85927	0.57266	0.47968	0.49708	0.42947	0.28952	0.47823	0.39135	0.09699	0.94224	0.87651	0.20067	0.58227	0.26328	0.60382	0.61542	0.11467	0.41856	0.77619	0.69491	0.63095	0.63627	0.12935	0.19821	0.06858	0.59931	0.27098	0.50375	0.7237	0.46537	0.50294	0.50728	0.77583	0.44767	0.4547	0.7485	0.35169	0.70208	0.5307	0.751	0.79058	0.59455	0.59854	0.39088	0.60723	0.75207	0.20424	0.69526	0.37707	0.27769	0.51067	0.41679	0.96779	0.41953	0.42879	0.47638	0.13355	0.42096	0.70863	0.57445	0.74211	0.42813	0.6689	0.41554	0.47346	0.0	0.62127	0.82098	0.50131	0.7304	0.0565	0.6405	0.44652	0.52388	0.49093	0.51782	0.04854	0.64221	0.52213	0.5913	0.32961	0.30005	0.52082	0.73368	0.54681	0.38804	0.51515	0.42447	0.27614	0.37771	0.63758	0.46495	0.77985	0.32264	0.46511	0.52777	0.35377	0.45463	0.75534	0.61305	0.51334	0.21742	0.05696	0.14832	0.5108	0.49639	0.58666	0.4233	0.54302	0.29791	0.37983	0.14184	0.96105	0.23964	0.28411	0.33577	0.56843	0.60104	0.72448	0.68729	0.62927	0.65548	0.27962	0.50858	0.37811	0.37622	0.38685	0.23005	0.27326	0.58241	0.29714	0.32843	0.73354	0.3834	0.41385	0.31955	0.21441	0.03247	0.24867	0.55362	0.58836	0.05855	0.74865	0.0	0.70947	0.61065	0.14551	0.1529	0.77871	0.37495
poodle	0.38996	0.39936	0.40281	0.08396	0.39882	0.82069	0.6672	0.34309	0.49561	0.25912	0.33564	0.20766	0.73652	0.5692	0.28509	0.65049	0.39181	0.44442	0.28325	0.57492	0.05858	0.60729	0.05202	0.40214	0.63755	0.98364	0.65969	0.33904	0.3491	0.80948	0.76228	0.46792	0.73537	0.56079	0.50779	0.43889	0.70773	0.44359	0.47868	0.52307	0.76111	0.71218	0.45742	0.57477	0.78827	0.58794	0.52932	0.37505	0.40858	0.08413	0.29321	0.45903	0.21867	0.91699	0.0	0.48663	0.55614	0.63568	0.43672	0.18539	0.88895	0.68238	0.50759	0.92779	0.49447	0.55144	0.7395	0.82219	0.47115	0.47776	0.70995	0.52632	0.48022	0.24066	0.24367	0.30041	0.45316	0.66391	0.5843	0.23492	0.44974	0.38909	0.32431	0.52038	0.60325	0.70886	0.57221	0.03759	0.83353	0.43667	0.51539	0.45098	0.72359	0.36097	0.70672	0.14539	0.55783	0.62086	0.42905	0.42613	0.60658	0.27847	0.93622	0.32596	0.43223	0.34209	0.34446	0.50576	0.58933	0.40046	0.55746	0.3104	0.56331	0.45322	0.50697	0.52652	0.32559	0.36743	0.59486	0.43394	0.34258	0.48099	0.38339	0.78654	0.44011	0.55198	0.65308	0.67734	0.23395	0.35156	0.18845	0.49327	0.64516	0.57386	0.42916	0.30175	0.80447	0.54956	0.7369	0.55812	0.61005	0.74616	0.5926	0.4011	0.61025	0.50926	0.49643	0.73509	0.54523	0.26298	0.30806	0.59689	0.43733	0.51911	0.31717	0.61564	0.61823	0.4884	0.78488	0.37799	0.16166	0.70028	0.80979	0.51678	0.07114	0.57283	0.18841	0.85687	0.30198	0.6905	0.30494	0.48525	0.30867	0.76771	0.46216	0.25778	0.27502	0.2406	0.49071	0.70601	0.65687	0.21955	0.31483	0.29856	0.87668	0.42265	0.51025	0.20517	0.94204	0.56449	0.91508	0.42968	0.26255	0.0	0.30329	0.49066	0.4694	0.77845	0.58762	0.17209	0.35757	0.13604	0.52675	0.81413	0.36901	0.80364	0.44227	0.40732	0.67001	0.54587	0.58539	0.33763	0.44818	0.48605	0.86769	0.19147	0.59413	0.32786	0.61679	0.54988	0.77883	0.47054	0.37272	0.42198	0.67039	0.56941	0.77398	0.44973	0.60914	0.34767	0.27356	0.51837	0.66079	0.52613	0.44375	0.78356	0.21585	0.68359	0.66521	0.44516	0.46748	0.42178	0.76124	0.53705	0.3929	0.44048	0.56637	0.49037	0.46452	0.73017	0.5734	0.59017	0.32972	0.59328	0.33961	0.58469	0.52387	0.52115	0.22272	0.4479	0.4117	0.61279	0.63514	0.36012	0.56588	0.43505	0.63627	0.55062	0.57253	0.45229	0.72307	0.74209	0.0	0.85421	0.5407	0.64465	0.42215	0.4346	0.4358	0.22198	0.49039	0.56187	0.33421	0.74944	0.72201	0.40771	0.83124	0.41519	0.46646	0.78059	0.413	0.36312	0.60918	0.45547	0.64183	0.533	0.45191	0.33576	0.50244	0.53121	0.55222	0.58075	0.63559	0.53586	0.33195	0.52734	0.53769	1.0	0.35558	0.51553	0.61041	0.33376	0.64207	0.2651	0.43157	0.30623	0.38463	0.10952	0.24515	0.7471	0.52064	0.4607	0.3972	0.58887	0.31465	0.36174	0.6668	0.373	0.53116	0.51511	0.40066	0.38244	0.42146	0.64121	0.54468	0.44773	0.60861	0.5619	0.18814	0.42506	0.46376	0.61253	0.46557	0.15305	0.37616	0.43946	0.74243	0.45329	0.56362	0.49493	0.30537	0.61857	0.74649	0.49642	0.41158	0.34271	0.79401	0.62642	0.56473	0.64868	0.54182	0.19577	0.81181	0.55353	0.59997	0.52915	0.62133	0.39642	0.28094	0.49945	0.64068	0.33736	0.65563	0.43015	0.39015	0.08758	0.67514	0.65106	0.70525	0.48165	0.60074	0.48877	0.52674	0.76171	0.42041	0.62032	0.3698	0.69426	0.08466	0.42167	0.56988	0.29462	0.2042	0.48625	0.6815	0.58751	0.40962	0.61556	0.44065	0.59101
porcupine	0.30466	0.47242	0.46846	0.72422	0.71304	0.56054	0.66306	0.497	0.46641	0.43329	0.75212	0.56355	0.49099	0.34951	0.51851	0.49543	0.49027	0.3612	0.6487	0.37578	0.49351	0.76216	0.2428	0.42237	0.5201	0.60983	0.49783	0.50892	0.34208	0.44218	0.95432	0.5755	0.61732	0.94784	0.67973	0.56385	0.5976	0.51599	0.30753	0.65767	0.59456	0.59105	0.38767	0.1771	0.4873	0.61547	0.53118	0.81719	0.22849	0.47531	0.38762	0.46764	0.21452	0.38287	0.53366	0.43566	0.61347	0.39229	0.40041	0.56631	0.463	0.39283	0.6136	0.40698	0.40756	0.3953	0.19793	0.51103	0.726	0.75045	0.58805	0.58509	0.80255	0.49419	0.24304	0.557	0.751	1.0	0.60235	0.50659	0.46043	0.56165	0.30512	0.58336	0.75517	0.79471	0.60714	0.51085	0.47777	0.719	0.39641	0.39931	0.35314	0.43357	0.76218	0.3494	0.33713	0.54323	0.12719	0.1926	0.59177	0.25022	0.6414	0.37995	0.59455	0.37959	0.85028	0.62174	0.42669	0.28197	0.21579	0.69096	0.21493	0.54504	0.81405	0.37589	0.45173	0.18792	0.63684	1.0	0.64675	0.2872	0.33119	0.51551	0.17084	0.57206	0.75835	0.17383	0.44182	0.77592	0.68281	0.72541	0.16424	0.59875	0.65079	0.19121	0.36454	0.68551	0.72922	0.36635	0.7478	0.27254	0.4912	0.53347	0.68314	0.59856	0.3543	0.3847	0.57128	0.35965	0.52096	0.43274	0.18226	0.26896	0.24897	0.74712	0.28566	0.64106	0.5498	0.70875	0.71848	0.47497	0.52038	0.42897	0.87009	0.45973	0.2036	0.45422	0.57818	0.31156	0.5832	0.68188	0.58755	0.81181	0.55765	0.25633	0.37868	0.89821	0.45526	0.39022	0.53632	0.4292	0.5346	0.39355	0.50198	0.47723	0.37546	0.62843	0.5888	0.61537	0.33884	0.48826	0.49461	0.30569	0.01617	0.33301	0.59244	0.46418	0.64943	0.68558	0.17613	0.26577	0.69071	0.6723	0.45082	0.73433	0.65388	0.85655	0.42059	0.7117	0.74112	0.39986	0.75773	0.43826	0.3573	0.69895	0.2983	0.59609	0.62518	0.43512	0.55335	0.25526	0.65419	0.59712	0.23817	0.11371	0.44211	0.40168	0.65737	0.28309	0.38158	0.4232	0.78352	0.01291	0.64963	0.54414	0.093	0.59053	0.49999	0.42721	0.46859	0.67696	0.51248	0.34654	0.60961	0.43701	0.78035	0.48445	0.72851	0.16993	0.88678	0.52582	0.44907	0.60639	0.51643	0.36184	0.64975	0.64053	0.21392	0.97324	0.10674	0.56928	0.23165	0.44312	0.3987	0.29679	0.57183	0.39203	0.43258	0.75807	0.60295	0.87659	0.21159	0.59099	0.56655	0.84072	0.38768	0.51033	0.405	0.77427	0.51586	0.50429	0.42107	0.36935	0.52122	0.13717	0.0	0.45675	0.47142	0.54168	0.28729	0.43294	0.41239	0.4311	0.67873	0.57681	0.45053	0.64898	0.1717	0.32816	0.78626	0.63262	0.38507	0.44779	0.68358	0.1348	0.44838	0.74615	0.11533	0.79969	0.86691	0.53769	0.663	0.64127	0.58972	0.50686	0.71383	0.45097	0.47161	0.17532	0.47841	0.5317	0.37543	0.50017	0.3178	0.58598	0.3547	0.62918	0.44026	0.57129	0.42735	0.68551	0.40376	0.30317	0.63896	0.60827	0.55153	0.15856	0.58448	0.50174	0.28707	0.3092	0.59027	0.37565	0.47229	0.66818	0.28399	0.32095	0.58498	0.46697	0.58573	0.59295	0.65274	0.31803	0.55875	0.63838	0.37465	0.5042	0.51299	0.75477	0.43936	0.48985	0.68454	0.63217	0.42189	0.64565	0.2026	0.48956	0.27298	0.56383	0.76724	0.35124	0.72936	0.0	0.49546	0.27227	0.66522	0.30364	0.6056	0.13044	0.47001	0.72715	0.6883	0.23875	0.49892	0.59887	0.49964	0.5244	0.14685	0.1304	0.42364	0.208	0.47629	0.53803	0.86807	0.73635	0.53185	0.51558	0.10352	0.6175
prairie_dog	0.7961	0.53324	0.22981	0.28764	0.35728	0.47049	0.057	0.82003	0.24322	0.26852	0.4889	0.40924	0.43074	0.53044	0.70145	0.59118	0.55091	0.35075	0.5489	0.51358	0.75249	0.65016	0.75165	0.17369	0.36584	0.90122	0.64777	0.79418	0.57377	0.36279	0.02499	0.41752	0.28312	0.46447	0.40192	0.55987	0.24254	0.39239	0.48121	0.35508	0.56432	0.33079	0.53917	0.43162	0.42306	0.61813	0.53129	0.51664	0.7469	0.83325	0.39408	0.43981	0.67689	0.30017	0.66312	0.38012	0.23624	0.49589	0.0717	0.26035	0.50014	0.57134	0.20989	0.8597	0.3804	0.18547	0.31357	0.80058	0.57227	0.16562	0.88435	0.40793	0.65841	0.13162	0.52823	0.11335	0.70367	0.31898	0.29811	0.40473	0.53031	0.64442	0.35357	0.59634	0.5636	0.53666	0.40982	0.54832	0.71449	0.51159	0.64498	0.24413	0.55752	0.4813	0.62324	0.49053	0.43316	0.60476	0.45947	0.36597	0.94499	0.37994	0.65303	0.54033	0.69097	0.38414	0.68101	0.52355	0.66904	0.6388	0.60807	0.26789	0.25211	0.44595	0.45995	0.41112	0.45295	0.55749	0.27493	0.23323	0.327	0.26878	0.34542	0.60137	0.52325	0.83485	0.86931	0.38943	0.60779	0.50126	0.52876	0.42464	0.79724	0.4106	0.76656	1.0	0.44536	0.42111	0.73124	0.51346	0.27053	0.60892	0.80686	0.449	0.49698	0.41461	0.69793	0.09937	0.27962	0.23073	0.49757	0.5929	0.55198	0.10487	0.33453	0.50888	0.28254	0.80707	0.48305	0.41673	0.70398	0.19554	0.19586	0.66968	0.48304	0.39022	0.64416	0.65751	0.45861	0.45866	0.74712	0.90625	0.34447	0.60914	0.18518	0.92633	0.35274	0.60794	0.70538	0.51542	0.83375	0.44235	0.68235	0.38937	0.4365	0.42605	0.3447	0.38856	0.55801	0.27938	0.34016	0.80009	0.523	0.33579	0.7444	0.67003	0.30367	0.56218	0.26951	0.30404	0.75463	0.30544	0.29951	0.7743	0.12244	0.60294	0.36991	0.2994	0.87188	0.32091	0.25024	0.20793	0.41563	0.4399	0.62698	0.58378	0.38111	0.74199	0.55552	0.40456	0.9674	0.34922	0.64833	0.36356	0.5177	0.36287	0.54423	0.55751	0.36526	0.58495	0.27174	0.45718	0.70827	0.78233	0.58797	0.71358	0.4796	0.79704	0.56061	0.28645	0.41341	0.30253	0.5809	0.28168	0.82313	0.37214	0.00945	0.73064	0.71376	0.95634	0.91454	0.38331	0.43888	0.63712	0.40164	0.43253	0.35443	0.37496	0.4455	0.53909	0.56011	0.30955	0.48247	0.32904	0.37588	0.70539	0.50035	0.79088	0.48759	0.42217	0.70173	0.7746	0.5639	0.36986	0.81402	0.52315	0.53421	0.43317	0.68942	0.206	0.42931	0.29446	0.9135	0.57983	0.36755	0.56439	0.54772	0.24864	0.46057	0.49715	0.44237	0.49549	0.5682	0.8872	0.59884	0.00698	0.53517	0.54253	0.52642	0.6872	0.62387	0.54904	0.67152	0.22575	0.72675	0.33849	0.36432	0.52728	0.39786	0.23113	0.15651	0.35835	0.443	0.1427	0.24246	0.82278	0.40694	0.51621	0.62012	0.45265	0.55742	0.56508	0.57797	0.44292	0.49467	0.33768	0.76916	0.7045	0.20686	0.30671	0.54189	0.48726	0.69259	0.49252	0.35826	0.45041	0.5667	0.9148	0.62004	0.87939	0.50375	0.92897	0.76929	0.25031	0.44528	0.64313	0.33947	0.51529	0.43019	0.67772	0.21533	0.79531	0.2828	0.54364	0.41836	0.42493	0.50435	0.51467	0.56001	0.71594	0.42064	0.71679	0.64949	0.61965	0.27528	0.28076	0.38462	0.85978	0.46144	0.72287	0.24558	0.34643	0.38009	0.44515	0.6424	0.60945	0.38476	0.43456	0.35118	0.59692	0.35828	0.67284	0.26719	0.75776	0.62506	0.51375	0.6793	0.70991	0.18588	0.43783	0.64235	0.18917	0.56621	0.77687	0.14442	0.0	0.56238	0.69236	0.40072	0.46693
prawn	0.67062	0.45181	0.63051	0.38238	0.599	0.46136	0.27684	0.34814	0.73131	0.47466	0.38379	0.11679	0.32357	0.63956	0.67967	0.42618	0.76335	0.38891	0.59947	0.55095	0.57886	0.52613	0.72298	0.52188	0.36472	0.86225	0.53291	0.67934	0.61977	0.62402	0.66753	0.42208	0.35465	0.52164	0.28325	0.69688	0.32617	0.50504	0.57146	0.61521	0.23078	0.44645	0.11157	0.5996	0.17739	0.60716	0.74583	0.57616	0.59351	0.78174	0.46768	0.61764	0.36587	0.31136	0.45679	0.45635	0.38708	0.6408	0.15821	0.2511	0.49627	0.7595	0.32457	0.87099	0.21231	0.14802	0.29433	0.55577	0.47554	0.65938	0.12202	0.33553	0.22626	0.38696	0.26911	0.43936	0.79484	0.45756	0.38522	1.0	0.59145	0.63832	0.80377	0.82677	0.72928	0.68557	0.26419	0.31751	0.56535	0.77742	0.83306	0.39877	0.35197	0.33535	0.38358	0.61266	0.29757	0.72371	0.63692	0.45108	0.81889	0.50433	0.63261	0.49727	0.53477	0.34492	0.57828	0.33147	0.92613	0.57547	0.41213	0.25147	0.22046	0.58091	0.52822	0.67335	0.83473	0.52532	0.41898	0.14638	0.07642	0.28376	0.29747	0.59198	0.6796	0.40189	0.84281	0.31814	0.34439	0.54074	0.53486	0.34415	0.38533	0.99596	0.90779	0.57377	0.63586	0.63485	0.4443	0.44602	0.53586	0.70969	0.50459	0.51143	0.56063	0.30628	0.56344	0.5657	0.41784	0.38689	0.61437	0.42604	0.61896	0.04266	0.48769	0.37936	0.45029	0.53792	0.72648	0.59432	0.65294	0.77392	0.57367	0.15581	0.4485	0.41791	0.72586	0.25468	0.52793	0.7248	0.50141	0.79813	0.44627	0.36503	0.61427	0.77776	0.03652	0.73807	0.6324	0.51643	0.74749	0.56109	0.76499	0.23495	0.37616	0.61387	0.57608	0.42841	0.43852	0.44992	0.28324	0.32605	0.60253	0.39684	0.68005	0.50024	0.41895	0.75114	0.24314	0.38009	0.64958	0.45675	0.43171	0.45786	0.64795	0.69936	0.34487	0.32797	0.43731	0.2938	0.24764	0.31455	0.33815	0.45521	0.4808	0.06108	0.45505	0.56836	0.65874	0.35665	0.51338	0.33787	0.38772	0.37621	0.46411	0.50026	0.3224	0.57513	0.44673	0.10595	0.74679	0.50015	0.59607	0.53962	0.55905	0.54739	0.35864	0.58487	0.64222	0.30288	0.34451	0.40762	0.805	0.24879	0.83773	0.41057	0.34655	0.64793	0.66266	0.68528	0.36136	0.2383	0.44364	0.60089	0.20622	0.32793	0.50414	0.4641	0.2961	0.64134	0.76081	0.4007	0.48031	0.48867	0.37564	0.6605	0.5519	0.37179	0.59795	0.29575	0.66754	0.63384	0.52694	0.48037	0.10243	0.64508	0.41854	0.43684	0.55235	0.59872	0.41736	0.29038	0.86857	0.80773	0.47051	0.81026	0.5986	0.44548	0.6025	0.35884	0.46379	0.37629	0.74269	0.25029	0.34402	0.43783	0.39306	0.52765	0.65416	0.55311	0.74101	0.25959	0.54251	0.48166	0.29405	0.65447	0.64962	0.37532	0.33845	0.74057	0.1807	0.34525	0.3771	0.11544	0.52028	0.87992	0.32856	0.20238	0.7055	0.64764	0.28786	0.57421	0.49922	0.54109	0.73885	0.82994	0.74951	1.0	0.72429	0.55962	0.78321	0.12979	0.58251	0.25959	0.76443	0.10124	0.72127	0.79353	0.69372	0.82554	0.51096	0.0769	0.89501	0.20075	0.61025	0.83446	0.49124	0.61162	0.60969	0.4166	0.48385	0.55328	0.48083	0.42701	0.58584	0.48374	0.38939	0.60437	0.24481	0.61899	0.56008	0.48975	0.46796	0.59993	0.39216	0.40513	0.65257	0.75447	0.5494	0.74991	0.1208	0.37881	0.27229	0.35685	0.73524	0.35445	0.26083	0.3847	0.18319	0.54732	0.17955	0.66591	0.10557	0.91743	0.81939	0.21093	0.47985	0.60183	0.63046	0.20454	0.57815	0.36758	0.48362	0.47734	0.38319	0.27719	0.4497	0.33075	0.63051	0.15917
puma	0.82389	0.08197	0.58166	0.74736	0.70439	0.78967	0.47953	0.83713	0.70628	0.53304	0.55387	0.56708	0.33472	0.38398	0.5007	0.25122	0.48715	0.3087	0.42646	0.133	0.64757	0.72329	0.48042	0.40142	0.54087	0.33391	0.53025	0.53069	0.48757	0.47772	0.70666	0.28991	0.52276	0.54893	1.0	0.56171	0.31903	0.54649	0.28295	0.62676	0.64455	0.32342	0.43394	0.50038	0.39855	0.63853	0.39835	0.85643	0.44095	0.89641	0.50127	0.41691	0.19082	0.69281	0.30633	0.4226	0.3521	0.39372	0.4706	0.09914	0.49823	0.71281	0.45135	0.54871	0.53338	0.65443	0.37467	0.48755	0.4881	0.54624	0.67146	0.16356	0.89543	0.14508	0.68233	0.25843	0.74768	0.29843	0.32254	0.70818	0.29835	0.60168	0.2153	0.66025	0.46169	0.29215	0.64049	0.36428	0.76084	0.77024	0.57186	0.45909	0.68359	0.32708	0.62068	0.59041	0.34501	0.71103	0.72493	0.43861	0.78472	0.2721	0.4601	0.47164	0.39963	0.1254	0.52812	0.80094	0.41653	0.60202	0.5493	0.59912	0.14634	0.6765	0.68944	0.23041	0.69063	0.44069	0.46728	0.63436	0.70691	0.4652	0.48609	0.26773	0.41702	0.63785	0.79345	0.12395	0.66072	0.66645	0.40565	0.44481	0.02131	0.84021	0.74771	0.63726	0.71662	0.24771	0.77555	0.64686	0.18132	0.42162	0.84911	0.33462	0.56663	0.55197	0.31051	0.32072	0.65146	0.64731	0.58474	0.50869	0.59473	0.30657	0.45378	0.48432	0.45595	0.46094	0.43412	0.36805	0.69183	0.39435	0.46748	0.81609	0.48289	0.42008	0.71003	0.54591	0.37934	0.57765	0.50039	0.63127	0.7084	0.52867	0.62645	0.41518	0.16578	0.63908	0.41429	0.34094	0.73735	0.40019	0.5268	0.78289	0.40942	0.22082	0.3993	0.58407	0.75121	0.4817	0.28442	0.18095	0.51851	0.63044	0.54759	0.60534	0.69491	0.82144	0.35234	0.30038	0.73722	0.45383	0.79568	0.77638	0.50186	0.72308	0.31369	0.25254	0.65991	0.4103	0.46368	0.28593	0.25698	0.55714	0.5472	0.74586	0.49465	0.52634	0.82839	0.28017	0.56463	0.18037	0.629	0.23526	0.61948	0.21804	0.55395	0.19348	0.52253	0.36442	0.76925	0.73748	0.64635	0.20269	0.31941	0.56445	0.57338	1.0	0.69822	0.12527	0.39129	0.78697	0.35498	0.23099	0.77062	0.6168	0.26114	0.67289	0.69725	0.43662	0.43615	0.60539	0.4251	0.37559	0.98029	0.565	0.54223	0.10475	0.63743	0.40923	0.38153	0.25791	0.40795	0.22009	0.55827	0.71206	0.34508	0.25235	0.57001	0.2501	0.49845	0.56428	0.72858	0.4721	0.48307	0.69606	0.29672	0.57358	0.61238	0.54078	0.49536	0.21296	0.47418	0.65204	0.56991	0.66288	0.45693	0.39696	0.43433	0.56338	0.23145	0.46054	0.57272	0.48474	0.47078	0.61916	0.50918	0.64961	0.58027	0.28152	0.5013	0.70274	0.69608	0.42071	0.85624	0.33393	0.64971	0.50456	0.0	0.36459	0.21629	0.20995	0.59868	0.65062	0.59711	0.44333	0.46436	0.33571	0.61201	0.4859	0.6225	0.67709	0.86291	0.05849	0.4303	0.5177	0.45173	0.46722	0.33741	0.48302	0.60693	0.16486	0.4963	0.5697	0.57285	0.37354	0.36945	0.78363	0.67066	0.52304	0.25134	0.94687	0.49975	0.3174	0.2705	0.50801	0.47136	0.39021	0.40596	0.30925	0.19572	0.61757	0.43012	0.91464	0.43615	0.62813	0.44142	0.27409	0.55254	0.95507	0.45442	0.3417	0.77925	0.43293	0.59492	0.45332	0.34392	0.2613	0.50052	0.73649	0.17883	0.52967	0.60009	0.29461	0.492	0.53592	0.69237	0.45249	0.23383	0.2245	0.02495	0.36063	0.463	0.2643	0.55047	0.1655	0.52639	0.57612	0.36964	0.3694	0.61404	0.19673	0.73845	0.47877	0.52827	0.45103	0.48687	0.46328	0.486	0.29504
python	0.38781	0.51162	0.42489	0.51781	0.54463	0.56522	0.76691	0.71844	0.4644	0.4377	0.59024	0.46759	0.696	0.40483	0.51296	0.50501	0.83195	0.9037	0.50876	0.27085	0.91566	0.67207	0.34674	0.62143	0.13935	0.55344	0.9208	0.66763	0.54959	0.5762	0.25534	0.26505	0.56557	0.68954	0.21798	0.5481	0.75083	0.19055	0.22236	0.34576	0.45252	0.35947	0.24474	0.48317	0.62377	0.38611	0.48631	0.46702	0.22638	0.49665	0.56732	0.22719	0.26303	0.31902	0.37035	0.40415	0.52804	0.57829	0.70387	0.79719	0.51198	0.4055	0.44996	0.61563	0.70134	0.39349	0.41434	0.54443	0.40347	0.48	0.57362	0.14928	0.44571	0.55173	0.32944	0.47548	0.4008	0.85917	0.55449	0.52612	0.37427	0.58505	0.35068	0.68445	0.68529	0.50969	0.61777	0.26263	0.59148	0.52278	0.32324	0.52483	0.29931	0.41601	0.42065	0.53183	0.03655	0.51179	0.51876	1.0	0.66722	0.65229	0.46432	0.64267	0.53561	0.3537	0.52484	0.42886	0.48876	0.54004	0.68053	0.5607	0.50821	0.26417	0.39428	0.48592	0.48927	0.78827	0.43922	0.71284	0.0938	0.43466	0.54685	0.49746	0.21657	0.36887	0.39325	0.23887	0.95804	0.5965	0.73442	0.43533	0.30505	0.58233	0.2226	0.53378	0.81542	1.0	0.41249	0.30152	0.06706	0.50298	0.694	0.63019	0.52911	0.30179	0.26147	0.58408	0.43323	0.51238	0.1694	0.57006	0.35281	0.38494	0.59857	0.0	0.18346	0.70411	0.30633	0.58357	0.32133	0.28143	0.52069	0.42329	0.24367	0.44582	0.63214	0.55314	0.47174	0.40376	0.48159	0.89982	0.8082	0.89936	0.23091	0.5474	0.38651	0.54477	0.52055	0.51308	0.63983	0.3157	0.90868	0.67981	0.43046	0.2944	0.63116	0.58149	0.34963	0.7201	0.54031	0.84177	0.42443	0.61627	0.56512	0.34741	0.42949	0.63575	0.53286	0.89053	0.2835	0.12195	0.52985	0.69582	0.82237	0.57843	0.62541	0.49837	0.37915	0.49019	0.56201	0.45267	0.56313	0.3226	0.03755	0.87308	0.60128	0.30259	0.48474	0.58251	0.55643	0.14854	0.66775	0.57862	0.63959	0.40561	0.54884	0.49945	0.45497	0.40615	0.18819	0.51896	0.55257	0.42347	0.29901	0.57367	0.44966	0.60078	0.53528	0.17424	0.21724	0.25655	0.69915	0.4372	0.14479	0.07351	0.57738	0.33388	0.31876	0.69355	0.61128	0.54762	0.44448	0.52242	0.77873	0.56894	0.62311	0.2791	0.84758	0.24996	0.51237	0.65074	0.44903	0.40781	0.6878	0.53177	0.37537	0.74707	0.55199	0.63355	0.80586	0.4799	0.27709	0.8465	0.23566	0.76528	0.33982	0.587	0.51144	0.2631	0.20369	0.43075	0.68221	0.31156	0.60208	0.56236	0.80158	0.61801	0.43374	0.43262	0.48361	0.37671	0.29825	0.34853	0.7075	0.30491	0.39333	0.35113	0.20017	0.45936	0.35497	0.0898	0.66315	0.33874	0.68326	0.22323	0.53333	0.71073	0.40396	0.53867	0.54694	0.76	0.89769	0.6576	0.65673	0.76442	0.60679	0.90605	0.39755	0.46256	0.58022	0.47665	0.34351	0.22784	0.80061	0.19424	0.75733	0.63181	0.90383	0.71953	0.40049	0.75459	0.44286	0.36571	0.5904	0.47379	0.7145	0.49098	0.37372	0.43437	0.30497	0.39873	0.37673	0.08695	0.37963	0.66708	0.46513	0.56313	0.38793	0.33766	0.18729	0.73143	0.17252	0.22061	0.77644	0.41651	0.57385	0.63424	0.84617	0.24032	0.81112	0.624	0.63288	0.68476	0.52391	0.25882	0.3247	0.45883	0.59575	0.46984	0.12481	0.74624	0.28888	0.47054	0.85803	0.33698	0.50822	0.09327	0.78304	0.22012	0.51544	0.92282	0.44467	0.43222	0.41066	0.66569	0.87241	0.92968	0.59837	0.60694	0.52187	0.52301	0.47315	0.66487	0.62469	0.35355	0.52642	0.41522	0.45653	0.2867
rabbit	0.61765	0.82808	0.39804	0.53006	0.45568	0.61708	0.20789	0.52225	0.78261	0.24439	0.69402	0.76902	0.90002	0.48855	0.58675	0.54915	0.54836	0.63011	0.36929	0.68374	0.38937	0.41862	0.36775	0.63667	0.54109	0.68037	0.16438	0.46256	0.62326	0.45376	0.51001	0.4147	0.16461	0.54022	0.61528	0.16461	0.73259	0.40191	0.36033	0.53357	0.42262	0.55464	0.49606	0.73156	0.46827	0.62182	0.86239	0.32532	0.82963	0.50028	0.41393	0.41815	0.28194	0.76156	0.50999	0.39878	0.31958	0.48097	0.6626	0.51279	0.56363	0.76086	0.81398	0.45881	0.38639	0.68326	0.16433	0.5631	0.2048	0.63441	0.81085	0.46194	0.53138	0.44383	0.21767	0.24465	0.38789	0.28539	0.36378	0.79216	0.53001	0.80793	0.30668	0.76601	0.597	0.46049	0.48625	0.49084	0.87316	0.60042	0.37852	0.48873	0.54868	0.81299	0.52713	0.37179	0.25264	0.4135	0.54931	0.52178	0.39505	0.60775	0.11042	0.65485	0.59865	0.43297	0.55253	0.64432	0.74389	0.33908	0.4302	0.44556	0.4832	0.51422	0.34499	0.59505	0.53795	0.63185	0.26639	0.44727	0.43106	0.40016	0.47717	0.43791	0.16483	0.34328	0.58719	0.66892	0.81275	0.3338	0.58061	0.40278	0.52715	0.25713	0.52471	0.55494	0.59946	0.40343	0.52689	0.69536	0.20572	0.78033	0.64168	0.33397	0.6268	0.46772	0.44405	0.56193	0.38634	0.19826	0.38881	0.55782	0.62833	0.4746	0.26801	0.71607	0.48848	0.63748	0.33821	0.36476	0.42923	0.50883	0.30793	0.55159	0.27196	0.53786	0.62149	0.5803	0.53868	0.27304	0.28377	0.39334	0.17729	0.56729	0.37398	0.4044	0.26679	0.43414	0.58963	0.54826	0.46246	0.09089	0.37295	0.71416	0.92581	0.32132	0.18793	0.00781	0.63157	0.56826	0.66016	0.15897	0.44222	0.5529	0.44841	0.52085	0.33877	0.61251	0.43595	0.50666	0.64999	0.46478	0.54671	0.64629	0.31297	0.48262	0.63277	0.57913	0.50213	0.64605	0.58757	0.57446	1.0	0.46452	0.65346	0.4285	0.49979	0.47936	0.36814	0.0	0.38723	0.27536	0.37778	0.73759	0.59534	0.63761	0.46391	0.31411	0.57331	0.69469	0.80095	0.47909	0.56447	0.46214	0.52049	0.39338	0.28259	0.62157	0.6994	0.4266	0.44418	0.28032	0.81765	0.77329	0.44724	0.61575	0.51011	0.09199	0.366	0.28953	0.91069	0.58779	0.63626	0.66854	0.59285	0.27824	0.42853	0.60466	0.25223	0.40726	0.70054	0.59304	0.60356	0.47594	0.14322	0.88488	0.63633	0.46939	0.58643	0.68349	0.23432	0.53673	0.5246	0.66087	0.44099	0.74722	0.62631	0.36121	0.6599	0.42036	0.37416	0.59407	0.93857	0.66757	0.51647	0.54581	0.47813	0.51513	0.54128	0.46852	0.0	0.24184	0.42913	0.75968	0.66789	0.55338	0.57901	0.73756	0.66476	0.45458	0.40751	0.67839	0.38733	0.54715	0.59037	0.5107	0.33486	0.50748	0.18972	0.38638	0.56989	0.39759	0.45671	0.92079	0.35891	0.72842	0.44525	0.50262	0.99719	0.74794	0.32338	0.18389	0.48614	0.43283	0.40194	0.7396	0.50693	0.36418	0.57831	0.64725	0.55405	0.71929	0.4152	0.79868	0.36241	0.54279	0.62597	0.51684	0.53315	0.27131	0.71667	0.48595	0.34891	0.18668	0.55909	0.30687	0.44452	0.5738	0.39151	0.56253	0.4239	0.28941	0.42796	0.80692	0.63156	0.55886	0.52714	0.39346	0.62544	0.37548	0.72452	0.49473	0.42598	0.43082	0.4418	0.1877	0.72689	0.43873	0.60331	0.56405	0.26489	0.37181	0.80513	0.49989	0.5041	0.3179	0.57763	0.42421	0.77267	0.34307	0.48763	0.39891	0.38262	0.67523	0.37792	0.40929	0.16091	0.03206	0.16078	0.24206	0.70179	0.2744	0.58224	0.2855	0.42753	0.47016	0.62313	0.3561	0.45677	0.29372
racoon	0.66219	0.44118	0.37233	0.8249	0.71114	0.43959	0.47511	0.69445	0.51013	0.70187	0.49927	0.44373	0.52246	0.60377	0.4816	0.43293	0.61761	0.8857	0.49259	0.34846	0.55481	0.64906	0.88666	0.11694	0.3168	0.71761	0.5723	0.4994	0.31898	0.40687	0.27055	0.24845	0.47621	0.55118	0.53615	0.83613	0.36036	0.5314	0.32613	0.35083	0.5838	0.29859	0.52249	0.68523	0.7413	0.75686	0.45155	0.53806	0.32537	0.73164	0.23605	0.69522	0.19744	0.63464	0.56077	0.29712	0.32734	0.53652	0.5249	0.32444	0.48829	0.57935	0.64541	0.68163	0.36563	0.62002	0.2881	0.66086	0.24742	0.24715	0.52285	0.2363	0.72374	0.45494	0.37859	0.73603	0.77904	0.27762	0.27079	0.78026	0.51351	0.62577	0.53179	0.72413	0.6153	0.37067	0.42794	0.37372	0.62369	0.52023	0.68173	0.38834	0.55538	0.33367	0.53101	0.87287	0.17996	0.61736	0.62311	0.40115	0.81704	0.38195	0.16313	0.47864	0.3528	0.72017	0.94363	0.68062	0.65275	0.28772	0.73144	0.46362	0.29828	0.48908	0.54859	0.70456	0.38943	0.38925	0.27181	0.37625	0.27517	0.06172	0.32408	0.60147	0.3947	0.96104	0.79795	0.47171	0.5833	0.5327	0.3763	0.41984	0.41355	0.29752	0.75489	0.77749	0.32928	0.39851	0.87513	0.32115	0.58345	0.77449	0.61946	0.19204	0.68007	0.40928	0.59199	0.40446	0.50751	0.23893	0.51456	0.55136	0.42136	0.24693	0.50003	0.32783	0.38381	0.50868	0.53223	0.8014	0.37923	0.72906	0.29764	0.54723	0.34148	0.38167	0.44179	0.54096	0.62796	0.5673	0.4022	0.80176	0.66439	0.78337	0.50298	0.43319	0.51331	0.51172	0.60045	0.57885	0.48914	0.67747	0.71156	0.49857	0.53981	0.22073	0.67912	0.47424	0.39495	0.47784	0.1927	0.55803	0.37273	0.60012	0.54181	0.6449	0.51463	0.64504	0.13948	0.37419	0.69167	0.27768	0.79189	0.85112	0.42165	0.7921	0.26222	0.33701	0.50172	0.56038	0.52179	0.06633	0.35558	0.40777	0.41402	0.722	0.39248	0.73133	0.38707	0.51471	0.98576	0.34847	0.02904	0.42465	0.42803	0.33825	0.45103	0.34925	0.53705	0.38607	0.63147	0.46111	0.69303	0.29989	0.57859	0.22966	0.53031	0.54383	0.89426	0.4103	0.48611	0.77226	0.65162	0.47476	0.81817	0.38279	0.26803	0.59531	0.3318	0.72364	0.44756	0.35407	0.55915	0.36447	0.31891	0.81615	0.4817	0.20049	0.4172	0.67438	0.54542	0.06092	0.30706	0.54891	0.5101	0.61722	0.34885	0.65469	0.59448	0.10753	0.43019	0.61715	0.5209	0.28368	0.45248	0.82306	0.40982	0.63954	0.84422	0.5126	0.34082	0.61823	0.66345	0.57391	0.423	0.53714	0.53826	0.27372	0.29584	0.31219	0.2062	0.52863	0.57863	0.55746	0.49918	0.42721	0.162	0.45545	0.96127	0.43318	0.67795	0.42734	0.44142	0.42781	0.7107	0.36182	0.68274	0.43285	0.14009	0.34091	0.07734	0.4021	0.65106	0.42815	0.43693	0.66029	0.62936	0.42953	0.72212	0.33507	0.58241	0.52227	0.66636	0.38238	0.76431	0.33467	0.48226	0.56968	0.55138	0.22906	0.68358	0.16671	0.61723	0.30615	0.33786	0.54214	0.36909	0.78164	0.99364	0.74168	0.29072	0.86411	0.42891	0.47275	0.44764	0.63344	0.56428	0.44269	0.15536	0.37545	0.38178	0.34376	0.64512	0.71603	0.6495	0.54574	0.52781	0.54499	0.62303	0.42104	0.66682	0.66742	0.4075	0.38666	0.57666	0.41638	0.46311	0.3802	0.67829	0.59348	0.31349	0.30847	0.53582	0.43464	0.57257	0.56856	0.46457	0.42991	0.3619	0.41806	0.16501	0.35255	0.23608	0.3407	0.41066	0.6084	0.42896	0.51844	0.16024	0.55749	0.65422	0.33348	0.56104	0.42292	0.25225	0.32046	0.7705	0.67301	0.69102	0.38348
rat	0.30055	0.29673	0.61829	0.45603	0.72617	0.63169	0.72435	0.33382	0.30312	0.29373	0.49287	0.40432	0.614	0.5246	0.57732	0.48529	0.18438	0.29133	0.34045	0.27825	0.29069	0.67911	0.28561	0.77796	0.40745	0.52308	0.3383	0.62883	0.3569	0.36389	0.67777	0.18353	0.82538	0.54664	0.56119	0.49719	0.62768	0.43259	0.42453	0.64913	0.76515	0.6117	0.35299	0.35431	0.27819	0.64866	0.13012	0.80731	0.35284	0.44605	0.19277	0.2482	0.55114	0.2418	0.66128	0.52811	0.42874	0.40243	0.45806	0.53047	0.43706	0.67702	0.77522	0.55685	0.56846	0.37716	0.4455	0.47939	0.94596	0.57591	0.70989	0.61264	0.425	0.89949	0.36512	0.52059	0.56438	0.69917	0.34592	0.13219	0.34506	0.39035	0.52875	0.63663	0.47243	0.37946	0.65703	0.54823	0.67411	0.35713	0.55934	0.7837	0.30179	0.40194	0.39891	0.54095	0.45378	0.36202	0.50859	0.61329	0.82019	0.3735	0.68263	0.39192	0.72036	0.90927	0.64284	0.32306	0.3468	0.87566	0.33078	0.52994	0.31808	0.60195	0.27639	0.24835	0.65647	0.18616	0.43216	0.75368	0.45286	0.4642	0.17983	0.5066	0.31289	0.34532	0.51617	0.58187	0.62494	0.51274	0.59006	0.50997	0.48912	0.20863	0.59907	0.49786	0.34506	0.54531	0.68999	0.3984	0.41107	0.61657	0.73196	0.57799	0.72473	0.61375	0.42522	0.35587	0.61967	0.64711	0.55488	0.66454	0.40052	0.42235	0.56454	0.53727	0.2443	0.66824	0.40524	0.64407	0.63028	0.46573	0.16603	0.47234	0.62998	0.6588	0.62529	0.56195	0.40452	0.181	0.27694	0.68996	0.75767	0.70569	0.38837	0.55821	0.16324	0.94455	0.39371	0.48242	0.27964	0.45681	0.82155	0.58839	0.50718	0.49807	0.13469	0.50018	0.62118	0.21836	0.3004	0.31541	0.70634	0.47375	0.37946	0.34486	0.76605	0.71541	0.52149	0.91878	0.35374	0.58802	0.81058	0.77865	0.57092	0.8507	0.77224	0.61423	0.4447	0.69014	0.35862	0.87609	0.66718	0.56143	0.18315	0.70172	0.58677	0.53273	0.8016	0.5083	0.45005	0.28119	0.54727	0.44865	0.20698	0.3961	0.31002	0.4865	0.40458	0.63936	0.29304	0.51008	0.6957	0.37525	0.63629	0.25598	0.51488	0.58681	0.67783	0.5131	0.66807	0.56366	0.60776	0.52082	0.60399	0.44826	0.49358	0.38087	0.20402	0.58149	0.55613	0.47782	0.46833	0.31971	0.82995	0.61433	0.24288	0.60561	0.13069	0.0	0.31638	0.64027	0.44114	0.52225	0.58992	0.50864	0.48665	0.64342	0.39366	0.93076	0.72857	0.74756	0.54556	0.52131	0.40693	0.68661	0.65101	0.3264	0.53853	0.77909	0.13993	0.69833	0.48366	0.22206	0.39266	0.51566	0.44616	0.32191	0.55909	0.50044	0.54603	0.40877	0.44829	0.33407	0.65833	0.44936	0.30646	0.62772	0.3255	0.36311	0.58717	0.37817	0.14212	0.35622	0.45373	0.2069	0.47838	0.37174	0.33849	0.4355	0.30182	0.80294	0.52205	0.36115	0.49404	0.4217	0.61839	0.33975	0.53588	0.47422	0.43002	0.53149	0.41857	0.62092	0.54112	0.43237	0.62835	0.57929	0.28847	0.3519	0.52566	0.58773	0.56407	0.07876	0.61572	0.40819	0.36002	0.68036	0.53079	0.33247	0.19787	0.69873	0.52221	0.51883	0.78061	0.85158	0.6913	0.3842	0.57226	0.58773	0.41153	0.59719	0.50501	0.5133	0.43422	0.45159	0.56655	0.5428	0.16213	0.51975	0.40639	0.23144	0.73847	0.76457	0.35032	0.7983	0.64825	0.51667	0.49232	0.71224	0.41824	0.29425	0.5158	0.38327	0.40855	0.41251	0.40924	0.31024	0.36726	0.30697	0.55145	0.6348	0.6357	0.0	0.44693	0.68839	0.49198	0.57087	0.44841	0.28595	0.31425	0.28124	0.67655	0.63971	0.36894	0.69293	0.73386	0.65896	0.24451	0.43127
rattlesnake	0.83649	0.64343	0.0	0.65319	0.55367	0.77249	0.53941	0.83621	0.24821	0.62905	0.68332	0.56153	0.48163	0.27269	0.5335	0.58032	0.50108	0.70372	0.45179	0.35658	0.71919	0.53362	0.53187	0.70951	0.16187	0.87136	0.49778	0.57671	0.39186	0.62055	0.3794	0.56305	0.3023	0.5335	0.44483	0.77686	0.70068	0.46204	0.26936	0.26227	0.8096	0.52649	0.50585	0.60202	0.5031	0.66226	0.45528	0.55152	0.57307	0.60009	0.44987	0.47612	0.39449	0.24663	0.57176	0.46108	0.16553	0.22014	0.22416	0.50826	0.30611	0.45313	0.07414	0.92927	0.32319	0.47069	0.46399	0.74122	0.49617	0.33894	0.85663	0.03536	0.731	0.25412	0.87793	0.53383	1.0	0.59231	0.33411	0.32667	0.66061	0.80448	0.10333	0.35952	0.54707	0.70025	0.54877	0.42369	0.51409	0.47444	0.58961	0.519	0.32635	0.38782	0.71106	0.0	0.29741	0.88336	0.69072	0.51074	1.0	0.40233	0.68029	0.71075	0.49044	0.40898	0.53383	0.5932	0.64155	0.27539	0.62263	0.59815	0.42675	0.43174	0.25578	0.51842	0.99499	0.31599	0.4216	0.28887	0.17009	0.18282	0.20356	0.44663	0.52113	1.0	0.54299	0.58435	0.72423	0.63088	0.49147	0.32941	0.50391	0.31916	0.6118	0.56273	0.47295	0.44201	0.66651	0.44968	0.9223	0.54151	0.63072	0.32592	0.36087	0.60745	0.28442	0.23806	0.24376	0.2852	0.34803	0.49308	0.33816	0.34065	0.65899	0.26009	0.25392	0.39439	0.18565	0.74056	0.59387	0.39464	0.3607	0.83275	0.28355	0.70579	0.55014	0.63441	0.39558	0.28162	0.69091	0.83321	0.34778	0.69387	0.37532	0.9331	0.46505	0.40619	0.75618	0.20036	0.76736	0.45919	0.48069	0.29956	0.6106	0.26734	0.30112	0.44611	0.60137	0.20233	0.45633	1.0	0.31335	0.33238	0.48766	0.7466	0.27964	0.6813	0.49519	0.99862	0.85314	0.43397	0.16251	0.66922	0.23139	0.61738	0.5285	0.46087	0.60847	0.59595	0.59541	0.33973	0.4838	0.27849	0.848	0.46264	0.58672	0.77238	0.56217	0.5005	0.54343	0.19898	0.37534	0.57525	0.21665	0.70926	0.71209	0.46138	0.16439	0.39153	0.07723	0.59425	0.35728	0.73218	0.34414	0.43088	0.52775	0.57037	0.33753	0.44618	0.36426	0.36124	0.58665	0.51267	0.31495	0.24703	0.45295	0.63946	0.12091	0.83751	0.92463	0.46587	0.43466	0.55098	0.83249	0.48385	0.41829	0.41083	0.18305	0.7391	0.88541	0.58657	0.58725	0.24442	0.7211	0.73508	0.29324	0.97063	0.81512	0.90495	0.31833	0.53905	0.79403	0.35356	0.88041	0.92872	0.50622	0.19103	0.43087	0.56727	0.30768	0.13084	0.61569	0.54372	0.7656	0.30825	0.3568	0.32018	0.30665	0.54677	0.52087	0.63792	0.58912	0.66827	0.48376	0.0	0.47713	0.73195	0.37871	0.49007	0.28622	0.62152	0.43059	0.59749	0.4145	0.31831	0.35082	0.524	0.45589	0.34034	0.0	0.33996	0.59509	0.2144	0.33914	1.0	0.52345	0.68036	0.39654	0.67754	0.56674	0.48256	0.27416	0.51221	0.52897	0.54376	0.52048	0.20644	0.69989	0.75513	0.42382	0.66908	0.46227	0.17436	0.1881	0.43148	0.30397	0.42031	0.75593	0.55888	0.74883	0.4998	0.5675	0.20827	0.23981	0.50113	0.51749	0.11387	0.27926	0.78666	0.41419	0.8096	0.24231	0.51725	0.69286	0.31243	0.55516	0.62415	0.41802	0.59502	0.41013	0.66607	0.66392	0.649	0.62868	0.31541	0.5211	0.42159	0.01929	0.65894	0.54129	0.58348	0.34387	0.73767	0.48602	0.62777	0.41615	0.70338	0.37846	0.43244	0.3913	0.81671	0.25694	0.76116	0.52473	0.52092	0.2813	0.73164	0.61449	0.33084	0.64599	0.46802	0.46981	0.57549	0.2308	0.15618	0.43384	0.49062	0.25891	0.71864
raven	0.4186	0.62459	0.15622	0.78362	0.5246	0.68511	0.55051	0.30904	0.57019	0.96285	0.88346	0.45879	0.42992	0.43332	0.53324	0.79584	0.63513	0.49264	0.39889	0.69812	0.67562	0.68052	0.14575	0.79576	0.62103	0.42583	0.58863	0.60698	0.63031	0.4833	0.30965	0.148	0.51733	0.51065	0.49145	0.59185	0.66476	0.32418	0.72275	0.26912	0.72747	0.59652	0.67362	0.1866	0.49968	0.77733	0.13082	0.72517	0.43035	0.46526	0.08218	0.17398	0.73557	0.37887	0.48474	0.48201	0.75595	0.65975	0.67509	0.44135	0.51828	0.40095	0.86599	0.40229	0.75165	0.66231	0.50062	0.7554	0.4463	0.57238	0.87123	0.24321	0.34208	0.46069	0.26594	0.19744	0.4374	0.74328	0.58896	0.38993	0.03115	0.37128	0.29281	0.32119	0.57073	0.18424	0.48322	0.49657	0.56485	0.44199	0.7195	0.70768	0.96631	0.40745	0.72473	0.42594	0.45048	0.3892	0.33204	0.53495	0.61372	0.71086	0.76218	0.26946	0.61161	0.47515	0.41807	0.52952	0.39731	0.48067	0.17053	0.15735	0.26625	0.37587	0.39607	0.34857	0.70595	0.56255	0.5594	0.41501	0.34175	0.74526	0.2376	0.72099	0.48143	0.67185	0.63901	0.61653	0.36997	0.45458	0.53133	0.46224	0.4358	0.37871	0.31057	0.41209	0.58132	0.50562	0.76827	0.31722	0.42039	0.53577	0.67729	0.84902	0.34871	0.37923	0.36196	0.21479	0.78693	0.32499	0.29919	0.62127	0.34633	0.47998	0.70461	0.68202	0.6102	0.59257	0.75855	0.39718	0.46679	0.09357	0.67836	0.42586	0.46573	0.59172	0.27016	0.44204	0.35026	0.31721	0.28515	0.57985	0.55112	0.60985	0.39512	0.2061	0.66935	0.84692	0.69864	0.28325	0.66552	0.3921	0.45358	0.43471	0.30003	0.3687	0.32483	0.32547	0.63587	0.33428	0.64294	0.59864	0.47925	0.30783	0.23176	0.35326	0.47669	0.63408	0.27837	0.43095	0.53175	0.53776	0.79501	0.68157	0.81163	0.86391	0.8976	0.6708	0.30129	0.63704	0.17239	0.72227	0.52031	0.82192	0.79913	0.50587	0.46019	0.23246	0.73602	0.4973	0.59679	0.42101	0.58604	0.59096	0.32054	0.63962	0.1218	0.51254	0.34603	0.65829	0.11795	0.81138	0.52083	0.63258	0.28926	0.48418	0.53109	0.57963	0.613	0.46812	0.46062	0.7251	0.54872	0.44991	0.61206	0.04986	0.60726	0.32623	0.40004	0.88193	0.26622	0.50771	0.4163	0.36602	0.27041	0.83328	0.24426	0.84144	0.38505	0.55272	0.44151	0.99561	0.36063	0.30517	0.40775	0.70834	0.40963	0.74397	0.21468	0.50619	0.65384	0.67282	0.49974	0.72172	0.33389	0.66368	0.46156	0.37071	0.54081	0.65395	0.45365	0.27197	0.21077	0.64984	0.47383	0.45615	0.71975	0.31712	0.50724	0.16301	0.21528	0.52416	0.21725	0.68626	0.54125	0.87148	0.59481	0.56063	0.27633	0.39989	0.55695	0.59499	0.4318	0.57684	0.23626	0.67619	0.36849	0.09957	0.4671	0.2331	0.61976	0.31396	0.68856	0.21941	0.47028	0.60411	0.31802	0.32133	0.42501	0.07548	0.56	0.87418	0.47021	0.44254	0.62998	0.38409	0.31003	0.81429	0.49318	0.3734	0.59734	0.74564	0.60058	0.19456	0.24387	0.2414	0.85152	0.46287	0.62643	0.38852	0.53888	0.72455	0.34686	0.58208	0.36335	0.29637	1.0	0.24673	0.44562	0.52264	0.52666	0.75819	0.62534	0.30337	1.0	0.9085	0.56222	0.73639	0.07279	0.18089	0.57902	0.57469	0.50493	0.60902	0.52201	0.44287	0.61488	0.60574	0.20495	0.61792	0.3872	0.08608	0.45958	0.73582	0.8826	0.39652	0.2869	0.52787	0.80001	0.1134	0.61704	0.57184	0.68453	0.29098	0.33555	0.60857	0.48876	0.4543	0.49327	0.33485	0.11682	0.66731	0.5966	0.33455	0.01943	0.68683	0.84673	0.2595	0.31145	0.43297
ray	0.42229	0.0	0.74749	0.35958	0.0	0.89914	0.79266	0.3076	0.47765	0.52656	0.67792	0.36102	0.71572	0.58959	0.15763	0.61358	0.34338	1.0	0.82708	0.5426	0.48703	0.44166	0.3214	0.60607	0.52824	0.3076	0.34462	0.60187	0.72171	0.89362	0.4916	1.0	0.45889	0.0	0.38119	0.65834	0.67033	0.24684	0.43708	0.72349	0.42019	0.45448	0.35898	0.49911	0.50262	0.68605	0.36356	0.4156	0.53272	0.67685	1.0	0.32682	0.59461	0.77035	0.64915	0.46141	0.73582	0.35038	0.51384	0.55546	0.26598	0.32915	0.44856	0.46036	0.4118	0.40585	0.42024	0.44191	0.43706	0.66975	0.47265	0.22818	0.46646	0.24751	0.08814	0.23233	0.61962	0.37462	0.79627	0.58714	0.57784	0.34844	0.47409	0.48187	0.4016	0.05922	0.26631	0.34305	0.39837	0.483	0.46802	0.44801	0.5545	0.00697	0.58671	0.2931	0.44273	0.67159	0.56185	0.04007	0.60217	0.9319	0.60029	0.36185	0.59731	0.04809	0.7702	0.33388	0.49671	0.05992	0.84582	0.707	0.51856	0.57853	0.65663	0.00768	0.72958	0.52274	0.65558	0.50745	0.77888	0.49081	0.54708	0.50971	0.64303	0.37836	0.7617	0.0	0.40202	0.63313	0.47791	0.63491	0.38946	0.72845	0.46172	0.27679	0.53468	0.67794	0.37299	0.48843	0.62014	0.86368	0.51632	0.5596	0.39186	1.0	0.62095	0.12007	0.72089	0.07279	0.56936	0.74539	0.57046	0.60634	0.42856	0.68752	0.57433	0.38401	0.31958	0.77529	0.34078	0.23307	0.86294	0.53148	0.91039	1.0	0.5448	0.34135	0.52075	0.37038	0.36575	0.23572	0.59797	0.0	0.23157	0.38098	0.32482	0.46773	0.77174	0.75669	0.52786	0.19152	0.38628	0.47045	0.29014	0.66223	0.58745	0.12689	0.74726	0.48126	0.84645	0.62629	0.61041	0.29837	0.30965	0.5112	0.34147	0.47556	0.16328	0.18349	0.75632	0.35105	0.64934	0.5913	0.74082	0.67776	0.68666	0.29173	0.65336	0.31683	0.67352	0.3225	0.34162	0.57167	0.54841	0.10233	0.71369	0.03624	0.73097	0.62145	0.30357	0.63195	0.63821	0.57071	0.31632	0.20923	0.27929	0.50413	0.56955	0.61537	0.4564	0.4979	0.33418	0.37751	0.6339	0.57659	0.49706	0.56841	0.70553	0.65502	0.4353	0.46281	0.73643	0.01043	0.54699	0.45067	0.54107	0.62992	0.55568	0.74311	0.23299	0.6149	0.49526	0.34267	0.60251	0.37716	0.46825	0.78055	0.3917	0.62283	0.39968	0.6886	0.70532	0.41065	0.54795	0.70647	0.5451	0.37524	0.68131	0.24348	0.42934	0.59195	0.27888	0.60609	0.21966	0.65472	0.55146	0.50037	0.38966	0.91096	0.66261	0.41003	0.44867	0.72799	0.73296	0.83404	0.98451	0.74327	0.74075	0.32166	0.29226	0.68913	0.31668	0.45844	0.54922	0.52802	0.44925	0.58198	0.48351	0.30469	0.36741	0.5933	0.28401	0.57718	0.53556	0.47867	0.84581	0.14653	0.63236	0.6002	0.53672	0.6934	0.49604	0.47713	0.43992	0.42703	0.45887	0.69939	0.1274	0.69789	0.02859	0.33596	0.65846	0.51589	0.51911	0.50718	0.37006	0.59275	0.46005	0.3988	0.75292	0.8326	0.0	0.40144	0.71922	0.35617	0.95535	0.84576	0.35443	0.53552	0.53027	0.71528	0.11331	0.38146	0.11821	0.60587	0.43359	0.66721	0.35844	0.45836	0.44141	0.24093	0.77105	0.3689	0.20668	0.22738	0.7692	0.68809	0.75052	0.6542	0.66867	0.46347	0.33198	0.64885	0.60932	0.0	0.75637	0.4744	0.46469	0.60356	0.13361	0.4203	0.30421	0.51188	0.36528	0.49131	0.27639	0.69693	0.27473	0.92359	0.21945	0.65829	0.4848	0.89312	0.39018	0.88143	0.5868	0.16275	0.44635	0.45352	0.58462	0.68757	0.22277	0.46086	0.56056	0.6537	0.46094	0.22025	0.5859	0.32703
red_admiral	0.83348	0.68084	0.55449	0.73216	0.89257	0.54831	0.33135	0.46178	0.66377	0.57479	0.56309	0.59928	0.48462	0.29872	0.71277	0.76194	0.67769	0.7823	0.23845	0.38635	0.80475	0.63319	0.77213	0.51642	0.45772	0.6225	0.65634	0.47453	1.0	0.52698	0.48526	0.25813	1.0	0.72133	0.56635	0.63166	0.51439	0.54298	0.73902	0.38358	0.59011	0.37565	0.75253	0.56404	0.65182	0.52149	0.63134	0.43972	0.35967	0.37036	0.28052	0.4404	0.57541	0.63645	0.54522	0.44567	0.25128	0.67737	0.41375	0.38275	0.82636	0.47108	0.49574	0.506	0.25255	0.32135	0.42888	0.16343	0.57135	0.60499	0.37244	0.425	0.95184	0.26346	0.43204	0.41413	0.76007	0.39855	1.0	0.12689	0.52131	0.64754	0.44925	0.60943	0.48484	0.60763	0.34382	0.73456	0.50624	0.45769	0.68743	0.48669	0.29666	0.61232	0.26678	0.28093	0.7292	0.47504	0.65274	0.76341	0.52753	0.38657	0.16333	0.59085	0.55086	0.40953	0.63109	0.42574	0.56588	0.43952	0.39414	0.68224	0.36131	0.73788	0.32618	0.54324	0.13393	0.1797	0.57852	0.80275	0.34736	0.16178	0.58106	0.05195	0.48576	0.62007	0.5656	0.3308	0.74085	0.55931	0.23647	0.76646	0.23148	0.61269	0.60636	0.29588	0.68621	0.24855	0.86986	0.56241	0.77526	0.54698	0.56129	0.57236	0.80827	0.34355	0.49169	0.37475	0.73902	0.58067	0.70236	0.66249	0.59021	0.13933	0.72753	0.65839	0.50633	0.54692	0.27849	0.13795	0.8519	0.43078	0.57455	0.44122	0.2655	0.29279	0.4388	0.58717	0.33341	0.31777	0.42567	0.58146	0.46468	0.50972	0.3496	0.53045	0.47058	0.87256	0.18083	0.84565	0.51719	0.36124	0.53054	0.64575	0.64578	0.28365	0.61415	0.4394	0.08044	0.61516	0.45379	0.3918	0.5727	0.58815	0.63146	0.46374	0.5834	0.70203	0.57419	0.50227	0.48862	0.46226	0.50666	0.64348	0.39024	0.78693	0.2342	0.17325	0.57473	0.63624	0.45004	0.14248	0.22523	0.40975	0.3921	0.58744	0.18557	0.72559	0.74676	0.29605	1.0	0.12434	0.16628	0.65711	0.5513	0.62043	0.58878	0.38165	0.70376	0.36437	0.55061	0.70301	0.63824	0.4289	0.35811	0.48891	0.49641	0.68791	0.31883	0.42093	0.57068	0.29195	0.71148	0.23599	0.73372	0.54862	0.37552	0.20616	0.39774	0.81791	0.48992	0.47965	0.34712	0.83621	0.55179	0.18584	0.3198	0.53619	0.51509	0.60106	0.5607	0.44869	0.30763	0.2603	0.08622	0.66893	0.60095	0.50728	0.59149	0.56337	0.3766	0.84252	0.46748	0.56929	0.09046	0.68247	0.40074	0.40917	0.36081	0.13787	0.41779	0.4352	0.7223	0.58403	0.50667	0.5475	0.54365	0.44796	0.43011	0.52973	0.79959	0.80179	0.52995	0.47929	0.7918	0.58945	0.15638	0.5889	0.38958	0.3922	0.29238	0.37083	0.74128	0.55257	0.46134	0.32546	0.31488	0.63599	0.31663	0.22375	0.08322	0.39558	0.76721	0.73228	0.40201	0.23746	0.21764	0.41561	0.48799	0.63345	0.6867	0.69727	0.72671	0.78477	0.39026	0.54553	0.24658	0.28355	0.32451	0.46275	0.51386	0.37667	0.4317	0.59228	0.54758	0.75916	0.63653	0.29968	0.20304	0.32743	0.28043	0.49207	0.11816	0.55024	0.56655	0.58714	0.36894	0.42577	0.10812	0.40634	0.4952	0.79782	0.74226	0.6443	0.41697	0.57554	0.66883	0.37959	0.39208	0.85455	0.607	0.21755	0.86707	0.36226	0.62206	0.25483	0.11258	0.4644	0.56424	0.22691	0.43968	0.29784	0.61992	0.16289	0.69574	0.73238	0.50303	0.06653	0.43884	0.62977	0.42579	0.54393	0.64268	0.34337	0.01976	0.27881	0.59094	0.52035	0.04536	0.29455	0.65692	0.4522	0.43738	0.671	0.45817	0.63276	0.1653	0.40842	0.43897	0.62588
red_panda	0.50194	0.60858	0.39051	0.38576	0.52753	0.33097	0.39481	0.70794	0.53527	0.24167	0.61807	0.14905	0.3776	0.30648	0.7746	0.52802	0.3788	0.62452	0.33887	0.49497	0.48805	0.67261	0.55378	0.35127	0.23607	0.38007	0.85051	0.86101	0.33519	0.53492	0.56122	0.56642	0.80606	0.61234	0.44083	0.52073	0.26272	0.4235	0.21819	0.77659	0.37216	0.52705	0.46698	0.51942	0.27454	0.55497	0.85853	0.26687	0.3983	0.35306	0.54722	0.36544	0.2313	0.69152	0.62272	0.44474	0.4346	0.59845	0.10506	0.39162	0.3145	0.4659	0.55114	0.52782	0.52289	0.29085	0.19503	0.50604	0.49691	0.48641	0.67393	0.46718	0.59702	0.26498	0.22385	0.42033	0.59842	0.44922	0.3824	0.39321	0.40107	0.38522	0.65833	0.58954	1.0	0.82602	0.39791	0.27919	0.60105	0.59613	0.30881	0.46061	0.46367	0.47259	0.34815	0.65426	0.41492	0.70229	0.58904	0.40436	0.61879	0.27081	0.78992	0.36109	0.6846	0.51966	0.80602	0.5876	0.58661	0.82781	0.69053	0.42964	0.3792	0.50893	0.27321	0.60811	0.60092	0.50133	0.26954	0.35476	0.39153	0.30317	0.35969	0.4974	0.80475	0.56761	0.74279	0.32342	0.37227	0.40606	0.59854	0.43123	0.77851	0.89897	0.60958	0.82288	0.46865	0.55391	0.69624	0.47948	0.49399	0.47451	0.60186	0.80108	0.37307	0.07254	0.56811	0.19485	0.50077	0.30536	0.39514	0.6837	0.71702	0.36058	0.16236	0.48379	0.30362	0.60232	0.69405	0.64733	0.53131	0.58738	0.56745	0.49816	0.45505	0.3509	0.61803	0.59066	0.60059	0.38921	0.50328	1.0	0.46848	0.8092	0.50754	0.42841	0.25042	0.6704	0.54602	0.50582	0.60859	0.5616	0.68828	0.23686	0.43311	0.55247	0.63499	0.42788	0.85227	0.44175	0.23338	0.28627	0.41933	0.30355	0.6896	0.50531	0.38778	0.47184	0.23035	0.10979	0.45073	0.27113	0.30291	0.37906	0.39272	0.77861	0.35145	0.48614	0.54787	0.43369	0.50356	0.11458	0.45312	0.50477	0.28325	0.47931	0.47257	0.41758	0.62238	0.39114	0.54974	0.24979	0.35374	0.79047	0.28698	0.12759	0.41772	0.63107	0.26203	0.45869	0.35303	0.26098	0.55246	0.57291	0.75013	0.50146	0.48771	0.36112	0.30999	0.75521	0.63038	0.15437	0.61561	0.6101	0.88908	0.20617	0.45127	0.3877	0.61088	0.78648	0.54157	0.48195	0.38181	0.51086	0.26479	0.43026	0.6907	0.19067	0.40178	0.75901	0.54375	0.50458	0.45497	0.54078	0.60313	0.70069	0.51861	0.36588	0.40755	0.6856	0.42878	0.66542	0.5396	0.6428	0.52778	0.53501	0.56837	0.63521	0.54033	0.18475	0.74716	0.40218	0.72375	0.62661	0.0	0.38247	0.72555	0.33713	0.53415	0.42593	0.52131	0.50644	0.59276	0.83367	0.48839	0.27823	0.63434	0.44447	0.50157	0.69628	0.73563	0.2538	0.66588	0.35441	0.35905	0.66091	0.69567	0.85265	0.32647	0.58154	0.36986	0.62636	0.45682	0.49186	0.50808	0.49235	0.52583	0.5624	0.8039	0.24277	0.2867	0.41002	0.31209	0.35114	0.5538	0.82644	0.5529	0.80608	0.31883	0.62397	0.85182	0.12877	0.52524	0.62078	0.6518	0.34029	0.42238	0.62812	0.61487	0.85617	0.25405	0.3071	0.60612	0.6978	0.38247	0.72622	0.2218	0.81708	0.40123	0.64786	0.53944	0.85054	0.10879	0.45597	0.51502	0.48116	0.23932	0.51439	0.95526	0.42575	0.32491	0.48882	0.68102	0.32691	0.37535	0.62402	0.67627	0.68903	0.21925	0.65936	0.69213	0.2404	0.35772	0.6044	0.6538	0.67644	0.28876	0.27596	0.43724	0.55503	0.19102	0.79365	0.36615	0.66187	0.8407	0.68625	0.91737	0.52922	0.50669	0.66036	0.45939	0.33265	0.59651	0.54738	0.50411	0.24684	0.7522	0.28867	0.3762	0.29519
reindeer	0.42938	0.64994	0.41314	0.64264	0.86177	0.75232	0.7441	0.40182	0.45471	0.3889	0.52904	0.37037	0.37703	0.68325	0.38214	0.03581	0.36151	0.64977	0.39572	0.40841	0.66949	0.59184	0.82728	0.37503	0.44614	0.42718	0.75154	0.52399	0.55695	0.45103	0.37406	0.35675	0.68536	0.38209	0.4483	0.88555	0.7579	0.26045	0.26749	0.65814	0.0	0.0	0.06005	0.4979	0.68117	0.46094	0.43325	0.55257	0.75202	0.65724	0.55705	0.27374	0.32368	0.63047	0.76486	0.69971	0.27019	0.68845	0.44675	0.01449	0.53603	0.61923	0.31423	0.77358	0.44767	0.38225	0.61906	0.35363	0.81276	0.62593	0.49716	0.62207	0.49842	0.50667	0.24675	0.22747	0.55968	0.2447	0.4959	0.60833	0.48777	0.34674	0.43709	0.63153	0.68591	0.60552	0.38986	0.25313	0.63787	0.54262	0.5967	0.45944	0.7306	0.40051	0.58125	0.5402	0.57008	0.6745	0.47087	0.36155	0.72151	0.69656	0.15	0.55031	0.69052	0.52721	0.59204	0.22638	0.56304	0.22686	0.83544	0.40945	0.0	0.80133	0.19947	0.6636	0.5865	0.58283	0.19207	0.46845	0.57782	0.13102	0.92878	0.52462	0.42451	0.33642	0.9921	0.1503	0.50722	0.56122	0.55172	0.52072	1.0	0.62163	0.33418	0.54573	0.37754	0.73396	0.69757	0.51515	0.57045	1.0	0.3765	0.30547	0.37884	0.63482	0.54938	0.3757	0.14329	0.13094	0.48778	0.51761	0.50775	0.47177	0.12803	0.69339	0.55196	0.35179	0.98004	0.55764	0.73032	0.51241	0.33787	0.50605	0.44228	0.7196	0.36614	0.56452	0.36731	0.1317	0.5314	0.51333	0.0	0.81153	0.67748	0.39319	0.24531	0.55934	0.6052	0.31443	0.50819	0.58485	0.55398	0.45951	0.46064	0.58836	0.78398	0.57404	0.57105	0.70803	0.43393	0.57095	0.38482	0.20374	0.70263	0.52979	0.62285	0.52696	0.42124	0.37566	0.42272	0.38941	0.72973	0.41645	0.61122	0.59512	0.48851	0.59121	0.74897	0.31116	0.48262	0.50175	0.65432	0.72958	0.78878	0.4838	0.30031	0.6184	0.2653	0.6323	0.69201	0.55146	0.67698	0.51737	0.29491	0.33195	0.63423	0.32604	0.66095	0.54158	0.70107	0.2716	0.50815	0.66817	0.49551	0.58539	0.34819	0.67152	0.6882	0.49176	0.40457	0.182	0.71503	0.70303	0.84275	0.39897	0.44821	0.18556	0.63013	0.59597	0.12151	0.56601	0.22753	0.39127	0.28646	0.33053	0.14595	0.52554	0.54714	0.51248	0.73545	0.46887	0.57665	0.58245	0.66087	0.96713	0.63705	0.59795	0.33896	0.35151	0.39944	0.51823	0.78983	0.8621	0.21625	0.21299	0.57736	0.62254	0.56812	0.56919	0.60017	0.5282	0.25739	0.3515	0.61623	0.76717	0.59866	0.42479	0.70358	0.44218	0.64129	0.3798	0.72182	0.45075	0.06228	0.61818	0.52197	0.34005	0.43891	0.563	0.44717	0.24158	0.56655	0.56632	0.66852	0.57841	0.64129	0.3391	0.29328	0.40737	0.30534	0.44833	0.21303	0.28588	0.71769	0.72127	0.37152	0.27475	0.63023	0.89841	0.77181	0.19986	0.58453	0.44637	0.56558	0.83528	0.70074	0.63152	0.2772	0.48355	0.60076	0.33644	0.59117	0.39593	0.40933	0.30368	0.54035	0.47846	0.17656	0.72684	0.52554	0.67794	0.60211	0.32778	0.6286	0.97896	0.38145	0.3018	0.54688	0.63828	0.43222	0.36594	0.43731	0.38194	0.84326	0.52806	0.57677	0.48931	0.44989	0.67575	0.69053	0.28981	0.53955	0.38671	0.06534	0.25382	0.47191	0.59194	0.44367	0.54933	0.29569	0.29429	0.28702	0.17547	0.69547	0.00486	0.45057	0.33271	0.66742	0.46012	0.27492	0.91394	0.45947	0.71373	0.40063	0.13685	0.32893	0.7193	0.01163	0.65759	0.49947	0.51836	0.57686	0.46963	0.58311	0.44983	0.20856	0.55259	0.46662	0.42491
rhinoceros	0.40541	0.76765	0.63566	0.63355	0.57244	0.77344	0.69401	0.43484	0.65018	0.27101	0.68458	0.56127	0.79546	0.32175	0.54732	0.59219	0.45031	0.61322	0.09779	0.44626	0.36666	0.37743	0.24083	0.33922	0.55433	0.37423	0.5911	0.47847	0.59972	0.82539	0.47445	0.69587	0.6575	0.69246	0.42801	0.48264	0.44928	0.67723	0.92828	0.48077	0.57226	0.63701	0.44966	0.46946	0.08812	0.37486	0.52795	0.1704	0.36758	0.37654	0.65744	0.14631	0.55387	0.56331	0.54061	0.39762	0.20682	0.27333	0.31837	0.60397	0.50017	0.61875	0.3935	0.59958	0.62795	0.34399	0.35728	0.65258	0.50251	0.61357	0.78119	0.68559	0.42335	0.34978	0.45818	0.59374	0.71588	0.29998	0.67531	0.36702	0.50394	0.45019	0.32354	0.55833	0.36393	0.65437	0.32058	0.37869	0.22069	0.73225	0.33698	0.5149	0.36714	0.21382	0.37095	0.56058	0.38065	0.55757	0.47839	0.13902	0.68009	0.33826	0.4961	0.60442	0.5604	0.29909	0.20416	0.49093	0.37962	0.80932	0.95267	0.4843	0.85706	0.51661	0.63818	0.54481	0.48013	0.59295	0.4321	0.37436	0.44979	0.50641	0.15146	0.47542	0.76881	0.39677	0.64356	0.25165	0.50085	0.34589	0.81436	0.46299	0.91103	0.64244	0.41975	0.27267	0.72682	0.39887	0.63996	0.627	0.78023	0.42503	0.54834	0.73254	0.0944	0.17111	0.21265	0.58698	0.50932	0.60155	0.22646	0.63011	0.46008	0.70368	0.27644	0.58806	0.9152	0.70381	0.82684	0.67564	0.43502	0.55137	0.85118	0.34703	0.31939	0.44191	0.54058	0.58474	0.29149	0.39449	0.37938	0.54536	0.4114	0.56013	0.5562	0.3521	0.52595	0.47332	0.39044	0.31283	0.2262	0.25875	0.66029	0.2651	0.51196	0.56276	0.3986	0.41215	0.79968	0.82364	0.5808	0.23513	0.01995	0.2586	0.62553	0.29444	0.31133	0.69096	0.30405	0.61277	0.27665	0.37281	0.61804	0.44831	0.22363	0.81219	0.46877	0.62705	0.69374	0.38264	0.39607	0.10356	0.49099	0.43074	0.51997	0.13912	0.43519	0.2626	0.39107	0.33179	0.22862	0.2857	0.33638	0.95709	0.45597	0.52021	0.51376	0.46681	0.73452	0.60569	0.51352	0.28768	0.56758	0.35125	0.59495	0.66137	0.49192	0.44129	0.19178	0.44564	0.67231	0.05289	0.39776	0.44247	0.6198	0.08274	0.61858	0.50736	0.46707	0.6583	0.51483	0.62993	0.41778	0.7522	0.51938	0.26071	0.49859	0.76343	0.81368	0.50387	0.60704	0.44059	0.79676	0.4944	0.76936	0.54878	0.57806	0.69551	0.72287	0.73905	0.58712	0.61843	0.80207	0.56223	0.62173	0.13029	0.62825	0.6389	0.50146	0.49883	0.62478	0.45678	0.8725	0.52466	0.35647	0.33382	0.65763	0.52292	0.38202	0.34433	0.73342	0.2718	0.78352	0.39763	0.25418	0.51809	0.66925	0.4307	0.74954	0.64412	0.44343	0.46785	0.86303	0.30286	0.30632	0.52891	0.4147	0.5318	0.35619	0.7126	0.35916	0.68828	0.5356	0.35237	0.46409	0.68769	0.3293	0.20755	0.40947	0.8155	0.44217	0.51616	0.22318	0.35529	0.53226	0.72775	0.57273	0.95538	0.57423	0.57557	0.67496	0.43376	0.45397	0.54576	0.63718	0.66642	0.80794	0.54893	0.4891	0.54376	0.20391	0.46965	0.60643	0.37794	0.30683	0.44344	0.24337	0.58565	0.74996	0.86207	0.16978	0.59603	0.42697	0.41752	0.63779	0.22306	0.16358	0.74738	0.60492	0.55094	0.52344	0.20591	0.50218	0.50603	0.68955	0.52161	0.42512	0.37432	0.48905	0.51316	0.45763	0.42908	0.17923	0.74409	0.22224	0.84293	0.45079	0.50269	0.77529	0.46554	0.465	0.66829	0.73172	0.73151	0.78599	0.54029	0.66268	0.38671	0.44627	0.27025	0.41706	0.63296	0.56553	0.28834	0.62637	0.27342	0.6144	0.53175	0.38483	0.0
robin	0.35116	0.13987	0.45695	0.65726	0.41091	0.52133	0.09108	0.52077	0.31904	0.59565	0.46446	0.18529	0.66028	0.39117	0.0	0.53138	0.40119	0.65753	0.62427	0.82268	0.68536	0.35981	0.50886	0.81476	0.38926	0.55582	0.52579	0.55964	0.33569	0.54965	0.26894	0.63717	0.34003	0.59548	0.4782	0.79118	0.33465	0.25183	0.64063	0.58964	0.69716	0.25816	0.41099	0.82533	0.36056	0.50452	0.41698	0.39714	0.79229	0.52645	0.51097	0.45464	0.78952	0.8584	0.43022	0.46132	0.9638	0.32631	0.57223	0.06425	0.2667	0.50542	0.67762	0.43809	0.35693	0.33798	0.29987	0.3941	0.40219	0.55643	0.75015	0.22441	0.50134	0.39159	0.22938	0.36764	0.51426	0.50654	0.85032	0.63058	0.46149	0.47146	0.33564	0.56485	0.46539	0.14078	0.07324	0.30388	0.29288	0.49501	0.40592	0.83778	0.13928	0.19752	0.4451	0.46989	0.4846	0.87185	0.35809	0.3188	0.71439	0.98489	0.58144	0.52891	0.9594	0.0	0.91907	0.55059	0.42105	0.47258	0.46907	0.59973	0.46541	0.05056	0.64495	0.2009	0.72621	0.32297	0.67025	0.35255	0.20933	0.42585	0.50996	0.71937	0.40668	0.51541	0.64939	0.18342	0.55987	0.37705	0.53817	0.7045	0.25209	0.11866	0.41678	0.6308	0.46365	0.75401	0.77693	0.26446	0.8501	0.43661	0.12499	0.28972	0.20637	0.7697	0.43539	0.20432	0.68177	0.2425	0.44452	0.79345	0.51379	0.81158	0.54583	0.68148	0.57396	0.65412	0.51051	1.0	0.39498	0.06021	0.76339	0.70296	0.57224	0.70714	0.237	0.14983	0.57232	0.57331	0.46064	0.32973	0.51862	0.33204	0.47776	0.24536	0.51669	0.86255	0.60093	0.45459	0.61283	0.14947	0.45663	0.59836	0.21108	0.5629	0.66378	0.46568	0.54257	0.58741	0.60159	0.70457	0.58504	0.35669	0.55343	0.63295	0.52999	0.34047	0.32727	0.33722	0.62701	0.16549	0.38431	0.44488	0.3821	0.97071	0.75966	0.26666	0.24852	0.35955	0.92607	0.22917	0.50666	0.48701	0.29168	0.42572	0.61482	0.83498	0.68253	0.64898	0.75257	0.75335	0.55223	1.0	0.54598	0.32188	0.25372	0.57242	0.46658	0.52115	0.53589	0.55344	0.0	0.38219	0.61207	0.65196	0.54537	0.28731	0.59257	0.6694	0.40057	0.23799	0.39292	0.48733	0.68592	0.29858	0.50766	0.6384	0.29283	0.60485	0.38547	0.76115	0.57267	0.54339	0.39956	0.52935	0.44308	0.7357	0.65167	0.14275	0.79456	0.26271	0.49498	0.44929	0.76092	0.6652	0.31135	0.55428	0.58178	0.32481	0.38809	0.67443	0.35708	0.72281	0.33492	0.61873	0.78946	0.15624	0.76977	0.8286	0.37772	0.44322	0.32904	0.60703	0.56682	1.0	0.78958	0.64866	0.47233	0.48592	0.41849	0.7262	0.298	0.0	0.84532	0.17264	0.46032	0.5894	0.3862	0.47317	0.51312	0.40507	0.31813	0.58233	0.0877	0.70719	0.67781	0.73421	0.72974	0.69097	0.60816	0.74778	0.70656	0.2963	0.26697	0.71934	0.72342	0.49431	0.37136	0.37331	0.72139	0.4798	0.47888	0.5471	0.37657	0.5035	0.33787	0.45112	0.77999	0.68978	0.96839	0.63509	0.22469	0.58357	0.44742	0.48296	0.85741	0.33559	0.51005	0.46251	0.92037	0.33656	0.0	0.22653	0.03395	0.49565	0.30423	0.63181	0.17648	0.50802	0.39702	0.36415	1.0	0.45516	0.41219	0.48929	0.27951	0.66295	0.28062	0.45199	0.65276	0.55732	0.27183	0.79699	0.39519	0.36704	0.45518	0.26118	0.75254	0.31526	0.52238	0.9854	0.54413	0.66537	0.28055	0.65017	0.0	0.85361	0.56533	0.62192	0.16181	0.65591	0.27739	1.0	0.54814	0.58293	0.30894	0.51212	0.48377	0.40476	0.39643	0.7416	0.49862	0.42292	0.44619	0.52384	0.4717	0.5041	0.4823	0.65056
rooster	0.51963	0.48487	0.77329	0.63868	0.69158	0.62075	0.66797	0.37717	0.70916	0.54873	0.46289	0.39193	0.52217	0.74723	0.50702	0.41497	0.22764	0.59474	0.33062	0.64728	0.34517	0.43044	0.48129	0.30942	0.54358	0.77563	0.33971	0.28477	0.51994	0.64601	0.63591	0.32856	0.53606	0.37396	0.69728	0.277	0.87225	0.24864	0.32447	0.49419	0.53781	0.68846	0.51909	0.60875	0.70753	0.64533	0.52028	0.27199	0.42494	0.12657	0.34438	0.84147	0.55408	0.65856	0.45695	0.53401	0.69989	0.48519	0.33596	0.27602	0.53628	0.70531	0.45742	0.69724	0.3966	0.41617	0.27692	0.46615	0.27126	0.74592	0.67715	0.67345	0.70855	0.64392	0.23508	0.60364	0.27079	0.47127	0.57392	0.55184	0.38301	0.42518	0.41977	0.68052	0.1193	0.48271	0.38022	0.4148	0.66924	0.14614	0.95273	0.13918	0.4407	0.47851	0.12119	0.40494	0.41418	0.63304	0.86053	0.45381	0.59059	0.74095	0.81135	0.50667	0.17107	0.55729	0.34311	0.45635	0.62157	0.37495	0.33641	0.50906	0.66108	0.53143	0.07218	0.7303	0.58665	0.14929	0.5414	0.57876	0.72575	0.64879	0.61657	0.55262	0.4288	0.62273	0.67179	0.76112	0.52268	0.6492	0.62281	0.35134	0.56802	0.70706	0.43944	0.67683	0.36063	0.86859	0.76772	0.61355	0.39027	0.57727	0.38459	0.32352	0.57375	0.47781	1.0	0.17065	0.40198	0.44318	0.19185	0.34948	0.31443	0.41828	0.50164	0.97905	0.4732	0.63452	0.60088	0.61489	0.46695	0.30566	0.77529	0.67914	0.16794	0.3645	0.5701	0.68444	0.51694	0.56279	0.59992	0.46594	0.551	0.64846	0.33517	0.23631	0.41579	0.5408	0.5725	0.60258	0.79388	0.45418	0.22109	0.03859	0.63932	0.63266	0.55114	0.30862	0.68405	0.60378	0.53226	0.57395	0.35118	0.79532	0.2453	0.53331	0.67974	0.3246	0.2405	0.12454	0.57981	0.56949	0.40701	0.70318	0.44608	0.61447	0.77658	0.24938	0.24055	0.42568	0.10642	0.14695	0.94926	0.60243	0.36606	0.43881	0.6009	0.07399	0.68019	0.71472	0.62015	0.63419	0.54411	0.28533	0.09398	0.70537	0.57499	0.33838	0.56264	0.65032	0.36789	0.67848	0.43719	0.62383	0.81243	0.52711	0.7612	0.46111	0.44508	0.30938	0.50925	0.50821	0.43236	0.52771	0.73374	0.58327	0.21429	0.4377	0.51179	0.34954	0.07926	0.0	0.37589	0.44332	0.16013	0.38045	0.53324	0.72357	0.53303	0.68364	0.54826	0.71076	0.14849	0.1565	0.08359	0.49555	0.09004	0.09633	0.58802	0.2175	0.4345	0.63545	0.42164	0.71755	0.538	0.32505	0.47658	0.71755	0.59344	0.82867	0.48018	0.22421	0.58119	0.52382	0.74975	0.5606	0.63432	0.43378	0.81893	0.49927	0.24357	0.50267	0.20495	0.53024	0.73127	0.36735	0.42907	0.0	0.56111	0.70236	0.32958	0.98462	0.50477	0.20441	0.30707	0.31849	0.55993	0.50729	0.36333	0.61282	0.87987	0.58489	0.40239	0.29133	0.26837	0.54723	0.42073	0.45849	0.54886	0.40237	0.34352	0.48612	0.43014	0.34306	0.5784	0.59602	0.57807	0.24605	0.45982	1.0	0.48973	0.40489	0.3431	0.77001	0.7285	0.33511	0.68305	0.66615	0.56542	0.47057	0.93354	0.36545	0.44226	0.64508	0.31777	0.5535	0.45889	0.49923	0.31982	0.48668	0.66891	0.73689	0.26046	0.55253	0.16272	0.37697	0.59872	0.45816	0.70122	0.2692	0.6476	0.89606	0.48477	0.37047	0.49928	0.32817	0.36381	1.0	0.46539	0.55151	0.45398	0.58896	0.20443	0.56916	0.24389	0.1206	0.42193	0.46479	0.60725	0.6982	0.52202	0.58049	0.69637	0.771	0.37871	0.74763	0.48426	0.30823	0.46627	0.54359	0.50814	0.33506	0.44316	0.78876	0.74238	0.60013	0.62812	0.11659	0.29495	0.30965
round_worm	0.58411	0.37574	0.47846	0.81122	0.35149	0.51824	0.40238	0.54136	0.6417	0.30589	0.34784	0.4778	0.93384	0.61574	0.51956	0.5917	0.61263	0.69612	0.47125	0.66655	0.47978	0.18741	0.45382	0.25917	0.42338	0.19013	0.62077	0.50455	0.56379	0.45384	0.63003	0.32892	0.42443	0.64602	0.62054	0.24779	0.59183	0.71694	0.28302	0.4027	0.37872	0.04093	0.40313	0.25465	0.7749	0.47987	0.62995	0.8	0.6107	0.66358	0.28094	0.50483	0.53491	0.75458	0.90073	0.16344	0.62939	0.10269	0.58005	0.47893	0.24362	0.47765	0.53481	0.5816	0.19964	0.39914	0.49355	0.69697	0.23718	0.23134	0.66401	0.16133	0.73444	0.43743	0.15133	0.0	0.81246	0.4554	0.75747	0.68036	0.55773	0.87306	0.57384	0.55645	0.85371	0.36668	0.35482	0.49963	0.5974	0.38754	1.0	0.51025	0.50349	0.47842	0.81971	0.77747	0.45531	0.47531	0.64492	0.29328	0.60784	0.53437	0.31589	0.63011	0.81441	0.14156	0.54204	0.3965	0.44303	0.35102	0.6036	0.80484	0.36926	0.46907	0.1951	0.59661	0.48841	0.63481	0.50544	0.22142	0.47581	0.4984	0.68766	0.3258	0.33343	0.18777	0.71767	0.39501	0.59162	0.49392	0.3399	0.39414	0.47245	0.72577	0.042	0.31327	1.0	0.56166	0.85967	0.24097	0.48422	0.2847	0.82149	0.59573	0.2908	0.69929	0.26801	0.21406	0.38726	0.53067	0.48615	0.38949	0.47842	0.41997	0.38933	0.62099	0.63438	0.62678	0.17113	0.4505	1.0	0.16308	0.55274	0.49146	0.4075	0.6508	0.70608	0.6434	0.22572	0.78598	0.63503	0.35756	0.41462	0.47179	0.52642	0.184	0.21371	0.5783	0.70802	0.63908	1.0	0.40929	0.58009	0.77341	0.47236	0.30843	0.90195	0.28276	0.65632	0.56324	0.73124	0.41005	0.85958	0.19324	0.40555	0.35392	0.33043	0.50375	0.51943	0.26734	0.91875	0.64687	0.46752	0.27855	0.92504	0.48282	0.31775	0.41059	0.35829	0.7092	0.47119	0.58458	0.63477	0.31737	0.0	0.53488	0.51399	0.25479	0.57606	0.46463	0.39669	0.51121	0.49099	0.16669	0.33333	0.56653	0.45552	0.51551	0.71284	0.71689	0.50567	0.69384	0.47454	0.5503	0.21063	0.52979	0.44341	0.77029	0.33482	0.72841	0.51197	0.44621	0.8793	0.46914	0.52241	0.16684	0.5608	0.22238	0.57599	0.59881	0.01997	0.48841	0.35287	0.80056	0.09037	0.21965	0.76508	0.75207	0.6449	0.11811	0.57451	0.62821	0.51874	0.60983	0.39979	0.25223	0.80162	0.46928	0.57363	0.82128	0.80405	0.69127	0.47404	0.62483	0.23615	0.67938	0.47397	0.37009	0.95755	0.54925	0.70705	0.86087	0.56974	0.84552	0.37543	0.73425	0.53002	0.16865	0.14473	0.33687	0.59858	0.70928	0.6046	0.65182	0.315	0.53536	0.19906	0.65184	0.18467	0.33254	0.56495	0.30797	0.48054	0.22722	0.82559	0.6604	0.59884	0.43552	0.52586	0.69049	0.47147	0.42985	0.65729	0.19696	0.61078	0.50468	0.74557	0.42049	0.51062	0.41561	0.56018	0.39945	0.1832	0.44006	0.56884	0.79051	0.38165	0.7442	0.2906	0.11347	0.47925	0.54417	0.82739	0.26003	0.77962	0.35524	0.3566	0.79209	0.29687	0.31204	0.3063	0.61652	0.53996	0.37684	0.61553	0.77906	0.1469	0.7507	0.57939	0.7318	0.29269	0.61497	0.61705	0.42696	0.51392	0.7364	0.41746	0.4232	0.11547	0.23713	0.61271	0.28261	0.66841	0.38716	0.24354	0.24813	0.69654	0.48366	0.35078	0.63987	0.03436	0.43127	0.31451	0.22548	0.71422	0.57082	0.71562	0.06873	0.15627	0.35638	0.30782	0.52279	0.47187	0.46213	0.82152	0.41159	0.39528	0.37544	0.49093	0.42367	0.55037	0.26359	0.63261	0.4379	0.8308	0.6889	0.28605	1.0	0.55226	0.35441
salamander	0.52321	0.33061	0.66358	0.70453	0.69778	0.74461	0.3655	0.40516	0.54784	0.49691	0.59671	0.39218	0.81078	0.50268	0.61718	0.68467	0.86559	0.74482	0.19134	0.2975	0.77103	0.43416	0.41483	0.56948	0.39338	0.65397	0.57074	0.42905	0.82189	0.4754	0.47661	0.42146	0.68567	0.61001	0.63728	0.63958	0.17097	0.56949	0.47177	0.40336	0.75832	0.41784	0.87701	0.66599	0.21437	0.56022	0.45515	0.4297	0.0	0.40596	0.33815	0.47174	0.23152	0.59168	0.49112	0.16397	0.11755	0.87334	0.39794	0.82174	0.72399	0.56389	0.28612	0.73534	0.49133	0.42362	0.25484	0.22724	0.55082	0.50517	0.59356	0.60794	0.57299	0.53214	0.31185	0.65088	0.76742	0.3983	0.70409	0.26952	0.40427	0.38576	0.62004	0.58708	0.38796	0.48557	0.4537	0.58165	0.57844	0.43724	0.48489	0.32817	0.35904	0.56534	0.01513	0.27125	0.4215	0.47418	0.68672	0.45242	0.44476	0.51665	0.7602	0.66459	0.30897	0.7674	0.38391	0.35302	0.61152	0.55849	0.56818	0.84908	0.55564	0.78195	0.37974	0.47539	0.20163	0.57991	0.36297	0.75242	0.47543	0.46859	0.57605	0.60067	0.45623	0.65684	0.9739	0.30149	0.45801	0.52853	0.22776	0.70031	0.34722	0.82435	0.5289	0.30781	0.5354	0.4442	0.63963	0.74439	0.62154	0.43722	0.59937	0.62265	0.51535	0.20998	0.63367	0.52874	0.3443	0.62209	0.51669	0.36631	0.39857	0.27398	0.62947	0.59884	0.25782	0.56849	0.30301	0.30636	0.43603	0.71901	0.65082	0.32536	0.51111	0.48345	0.39046	0.69957	0.53904	0.41542	0.82904	0.66654	0.55378	0.65737	0.34209	0.51475	0.37519	0.57583	0.24509	0.68869	0.50202	0.22044	0.48121	0.69739	0.74449	0.41913	0.62048	0.34703	0.26447	0.52741	0.51414	0.06819	0.32788	0.4409	0.37788	0.48668	0.44643	0.53856	0.37796	0.50656	0.57031	0.51224	0.66023	0.67173	0.48973	0.40872	0.27721	0.30213	0.7295	0.53676	0.56865	0.01093	0.47578	0.34285	0.34432	0.49257	0.51776	0.51046	0.62075	0.3758	0.76184	0.2512	0.54695	0.67438	0.45029	0.32705	0.65447	0.37222	0.69723	0.198	0.22516	0.34884	0.68865	0.35342	0.68579	0.59597	0.69312	0.39066	0.19414	0.46064	0.20399	0.60197	0.45004	0.57377	0.57378	0.60038	0.32768	0.19923	0.65067	0.65211	0.53023	0.54445	0.45564	0.66666	0.45837	0.23498	0.57273	0.49892	0.59441	0.81582	0.38138	0.46467	0.32439	0.57492	0.21653	0.52938	0.3691	0.72684	0.37666	0.60955	0.49621	0.68419	0.4024	0.32344	0.05408	0.65002	0.38488	0.46617	0.45623	0.37333	0.67531	0.46798	0.74854	0.52202	0.44072	0.40148	0.55166	0.58533	0.52413	0.6792	0.54818	0.61374	0.29022	0.45603	0.79755	0.64482	0.32099	0.56109	0.69805	0.41296	0.53845	0.47485	0.92077	0.59809	0.33267	0.40284	0.25281	0.47634	0.4426	0.56477	0.32494	0.60007	0.45934	0.88116	0.69678	0.06949	0.47679	0.46964	0.48453	0.51295	0.4319	0.69231	0.42386	0.55515	0.26239	0.55859	0.38334	0.7569	0.56946	0.58657	0.66854	0.74921	0.41925	0.58777	0.45554	0.65824	0.39848	0.31974	0.41009	0.43781	0.34133	0.59208	0.22069	0.25585	0.50135	0.52128	0.48338	0.38061	0.32075	0.35982	0.24336	0.70527	0.68916	0.52121	0.50375	0.5493	0.67827	0.54605	0.51476	0.60439	0.53449	0.46915	0.71667	0.44492	0.69154	0.383	0.26562	0.29167	0.55063	0.45646	0.47684	0.4889	0.57396	0.27199	0.45707	0.47544	0.67037	0.42261	0.45261	0.62373	0.28654	0.49211	0.6823	0.50256	0.0	0.50413	1.0	0.76113	0.23965	0.51822	0.54653	0.51876	0.40818	0.42616	0.60115	0.5238	0.46966	0.28817	0.67571	0.60167
salmon	0.44865	0.57531	0.37185	0.71557	0.79147	0.30509	0.34753	0.80814	0.67804	0.53549	0.8217	0.35249	0.69117	0.55973	0.44969	0.7657	0.26143	0.59104	0.30968	0.38612	0.31565	0.49033	0.70155	0.32975	0.04947	0.54909	0.32636	0.64981	0.5005	0.35818	0.42651	0.37246	0.44784	0.83475	0.44813	0.46619	0.09162	0.50426	0.08397	0.74014	0.74932	0.37461	0.51514	0.47468	0.40474	0.59695	0.30432	0.70163	0.70494	0.39739	0.19022	0.38415	0.44293	0.5845	0.20081	0.40763	0.3358	0.21334	0.6189	0.84259	0.5057	0.49566	0.39185	0.37176	0.39943	0.39565	0.21591	0.65088	0.49225	0.59629	0.34655	0.38676	0.91019	0.43482	0.37935	0.41582	0.57033	0.63539	0.69294	0.56155	0.55656	0.47872	0.79887	0.49055	0.59647	0.52243	0.6355	0.48042	0.66599	0.12175	0.3754	0.60332	0.58352	0.80843	0.22917	0.53338	0.31838	0.71545	0.55727	0.61846	0.15099	0.70949	0.37463	0.76991	0.65185	1.0	0.45789	0.47609	0.49855	0.16127	0.24085	0.77061	0.70736	0.37795	0.04952	0.69071	0.80286	0.46629	0.56255	0.45321	0.32313	0.4631	0.65117	0.51371	0.37449	0.61753	0.41112	0.29985	0.46199	0.51305	0.62304	0.47798	0.49007	0.34865	0.43489	0.47288	0.66643	0.38884	0.78868	0.32767	0.4529	0.044	0.47495	0.50715	0.21693	0.40683	0.29881	0.12272	0.30636	0.54457	0.3518	0.56322	0.49095	0.64028	0.37001	0.55418	0.56481	0.57871	0.38187	0.66342	0.61024	0.58807	0.27273	0.73971	0.40443	0.61641	0.51072	0.65398	0.59036	0.76452	0.37324	0.66683	0.37036	0.48779	0.82686	0.86515	0.47058	0.81421	0.60208	0.45336	0.32114	0.46958	0.47168	0.2182	0.40854	0.42747	0.13602	0.15754	0.37402	0.65099	0.22745	0.50983	0.09016	0.42126	0.61592	0.58218	0.46434	0.1968	0.25086	0.3713	0.29972	0.59472	0.45422	0.39638	0.46391	0.40411	0.50723	0.27764	0.78866	0.85856	0.60403	0.63557	0.55903	0.23188	0.10163	0.5976	0.44836	0.3833	0.34038	0.593	0.34243	0.37363	0.69226	0.37897	0.07113	0.54145	0.26109	0.34528	0.87591	0.51705	0.56743	0.44865	0.47034	0.30304	0.56546	0.45509	0.62904	0.48303	0.62721	0.34365	0.46102	0.5181	0.69936	0.40093	0.45906	0.31273	0.64139	0.85139	0.49217	0.79677	0.37921	0.38196	0.50662	0.42712	0.33722	0.1379	0.49285	0.66595	0.76517	0.65668	0.65508	0.34654	0.49255	0.71275	0.80771	0.60087	0.36792	0.89274	0.99526	0.78602	0.86097	0.18836	0.5719	0.26771	0.59779	0.39319	0.60006	0.62064	0.30426	0.74477	0.51152	0.41336	0.19069	0.63285	0.69658	0.42299	0.612	0.42805	0.55775	0.22973	0.48199	0.62819	0.22866	0.44606	0.8762	0.21604	0.29396	0.431	0.36717	0.17412	0.28326	0.22959	0.30659	0.42544	0.48636	0.43791	0.5204	0.70878	0.60458	0.50214	0.17967	0.46021	0.89073	0.6485	0.30563	0.66629	0.52597	0.3469	0.49753	0.52551	0.71523	0.61069	0.35517	0.71642	0.4974	0.56455	0.68215	0.43926	0.55372	0.37508	0.83745	0.46482	0.44512	0.65919	0.70086	0.50101	0.5456	0.64377	0.81046	0.41019	0.27188	0.37622	0.7449	0.46281	0.5673	0.47889	0.52388	0.83281	0.57494	0.31809	0.32029	0.54816	0.26424	0.77292	0.55076	0.20296	0.30906	0.3697	0.26904	0.33143	0.54309	0.0	0.73716	0.20482	0.23262	0.36978	0.85533	0.34099	0.5196	0.49879	1.0	0.3068	0.4953	0.90215	0.69997	0.65063	0.49809	0.72021	0.51566	0.31229	0.48269	0.79493	0.64947	0.41675	0.46635	0.44209	0.77592	0.53707	0.49145	0.58291	0.77069	0.44623	0.7136	0.80878	0.30941	0.50204	0.60717	0.33106	0.6436	0.63376
saurian	0.6532	0.20594	0.76724	0.30141	0.56845	0.60316	0.40889	0.8253	0.47482	0.24926	0.60511	0.65888	0.49287	0.40876	0.4625	0.73893	0.35428	0.2347	0.29321	0.53487	0.35174	0.60076	0.39232	0.04466	0.40162	0.58626	0.19238	0.57611	0.50375	0.5199	0.62189	0.3168	0.61803	0.69021	0.50265	0.17275	0.49334	0.35799	0.37475	0.31115	0.72249	0.92177	0.39391	0.63372	0.19623	0.61594	0.37873	0.56289	0.33925	0.44766	0.28156	0.46302	0.66885	0.32067	0.40763	0.41786	0.30671	0.34066	0.49084	0.56815	0.61977	0.75182	0.31339	0.67147	0.61497	0.14682	0.22509	0.66481	0.61976	0.49882	0.70968	0.61881	0.30214	0.9021	0.4215	0.63208	0.51362	0.65086	0.80387	0.16396	0.36405	0.74831	0.79616	0.53807	0.48786	0.49307	0.49124	0.42444	0.57997	0.23576	0.46943	0.51569	0.38816	0.57852	0.64678	0.56352	0.6061	0.40059	0.50079	0.54961	0.55122	0.56674	0.53674	0.43621	0.47725	0.28033	0.34972	0.46467	0.37269	0.42371	0.58913	0.47605	0.42742	0.50294	0.74658	0.0	0.31016	0.29955	0.83022	0.878	0.41837	0.4676	0.28767	0.77036	0.32948	0.56569	0.34457	0.48166	0.49928	0.35997	0.53677	0.43063	0.69876	0.54086	0.58197	0.51785	0.26515	0.58221	0.9498	0.26769	0.35522	0.67579	0.55848	0.53275	0.67302	0.50416	0.53958	0.26166	0.36758	0.61179	0.47065	0.3488	0.35583	0.15722	0.50671	0.73941	0.87077	0.50539	0.4983	0.60678	0.441	0.51594	0.63025	0.58263	0.38516	0.25151	0.41245	0.58203	0.51967	0.03179	0.34117	0.72307	0.71147	0.70351	0.36005	0.32023	0.44038	0.57256	0.50001	0.4836	0.45083	0.30122	0.63613	0.39921	0.41877	0.20132	0.08336	0.39366	0.43575	0.30051	0.67904	0.39411	0.64322	0.46287	0.27365	0.80179	0.80584	0.60909	0.50551	0.56529	0.43058	0.52156	0.93388	0.4526	0.43101	0.74469	0.53633	0.26411	0.37376	0.66228	0.40201	0.56818	0.69772	0.40335	0.33361	0.53387	0.68325	0.57143	0.64544	0.49399	0.30172	0.51401	0.69237	0.59287	0.25795	0.38738	0.35144	0.72162	0.5581	0.71804	0.18136	0.34171	0.54345	0.66128	0.73317	0.47396	0.38176	0.23634	0.53708	0.57208	0.52766	0.55502	0.5384	0.74119	0.56861	0.83823	0.40525	0.57253	0.53113	0.5755	0.49171	0.83165	0.61238	0.73639	0.73127	0.34212	0.38041	0.95044	0.08602	0.73768	0.01112	0.39781	0.41326	0.49698	0.42803	0.38918	0.48338	0.91295	0.60348	0.7727	0.77901	0.57334	0.3619	0.5306	0.28436	0.45433	0.69071	0.61999	0.77006	0.65081	0.35098	0.48691	0.32665	0.43826	0.44066	0.39276	0.51284	0.30016	0.48064	0.58749	0.51343	0.49123	0.0	0.60528	0.83596	0.80729	0.40703	0.27517	0.37223	0.4268	0.59246	0.6519	0.62862	0.26721	0.33717	0.19506	0.64544	0.39461	0.13123	0.73447	0.61545	0.92293	0.63177	0.33691	0.5843	0.42701	0.27651	0.36074	0.5266	0.48157	0.28011	0.52804	0.3755	0.57654	0.49058	0.34728	0.3757	0.3914	0.22233	0.45253	0.64584	0.69254	0.40001	0.4582	0.55162	0.66677	0.67429	0.39692	0.23741	0.48325	0.25867	0.67161	0.62376	0.3778	0.56115	0.58606	0.69869	0.38864	0.61032	0.59796	0.53795	0.45504	0.30728	0.42244	0.43313	0.44509	0.47795	0.89486	0.3818	0.46028	0.4129	0.56508	0.61479	0.65602	0.55832	0.61451	0.62103	0.78657	0.11549	0.50687	0.71771	0.40921	0.45238	0.41264	0.51762	0.55205	0.38335	0.55626	0.83236	0.24884	0.54602	0.60231	0.63011	0.34507	0.52617	0.84802	0.52284	0.4205	0.38053	0.35448	0.78428	0.11055	0.89268	0.71798	0.34227	0.52643	0.32607	0.12844	0.29851	0.60384
sawfish	0.21005	0.62457	0.47146	0.29543	0.34315	0.24777	0.34457	0.49184	0.33895	0.46701	0.69599	0.74678	0.72001	0.45545	0.67198	0.21746	0.48458	0.59607	0.26049	0.29504	0.55085	0.4796	0.31777	0.29127	0.67531	0.79434	0.69112	0.6328	0.19368	0.63466	0.65689	0.43806	0.48823	0.60372	0.51573	0.49023	0.76995	0.56658	0.27703	0.66586	0.64225	0.56271	0.23556	0.52767	0.48965	0.58976	0.60591	0.50252	0.4503	0.38443	0.47777	0.16047	0.17448	0.81767	0.47648	0.35856	0.2922	0.58394	0.24004	0.33109	0.40084	0.68903	0.77403	0.57749	0.42725	0.17328	0.30373	0.36125	0.38991	0.54993	0.66112	0.29536	0.38655	0.51382	0.06225	0.28037	0.63095	0.30246	0.47533	0.4688	0.65665	0.6567	0.55838	0.61801	0.50182	0.32285	0.42849	0.48327	0.65688	0.61498	0.23284	0.45356	1.0	0.26193	0.44352	0.70473	0.2308	0.58115	0.62764	0.13979	0.48967	0.39554	0.38409	0.67307	0.20401	0.48526	0.41595	0.25292	0.35221	0.3844	0.42079	0.34318	0.58192	0.59178	0.74836	0.36106	0.75003	0.50961	0.49945	0.43762	0.4512	0.50586	0.5226	0.68153	0.61481	0.75197	0.46961	0.28732	0.53738	0.32494	0.74815	0.79801	0.72435	0.22431	0.59584	0.6568	0.61681	0.53286	0.6051	0.49653	0.6099	0.40733	0.60184	0.28185	0.43388	0.25251	0.56126	0.86898	0.51083	0.43872	0.56561	0.4906	0.77014	0.56234	0.22387	0.66516	0.61499	0.58784	0.63977	0.63591	0.3068	0.56195	0.39711	0.58243	0.39787	0.53562	0.60309	0.65092	0.52577	0.52497	0.20037	0.40204	0.29332	0.85287	0.29465	0.46582	0.45329	0.45351	0.69674	0.46022	0.61154	0.22142	0.48792	0.27694	0.91371	0.48757	0.258	0.22439	0.90801	0.36659	0.56839	0.05646	0.54938	0.28033	0.6053	0.5088	0.44758	0.61166	0.31345	0.55913	0.72077	0.61974	0.54776	0.46584	0.50393	0.70261	0.5619	0.5945	0.51541	0.68698	0.32129	0.33775	0.48112	0.25325	0.52649	0.19771	0.74524	0.21812	0.39293	0.20922	0.53081	0.45137	0.49843	0.9727	1.0	0.28268	0.43652	0.34558	0.67066	0.4755	0.72739	0.39803	0.52174	0.36659	0.52737	0.25882	0.74839	0.50401	0.54856	0.41446	0.694	0.47349	0.56278	0.71523	0.65837	0.54586	0.43523	0.20845	0.10735	0.42004	0.39697	0.74446	0.61724	0.7278	0.29503	0.53066	0.7879	0.31787	0.58006	0.41879	0.54617	0.57739	0.71712	0.67135	0.77376	0.56573	0.69135	0.2501	0.41998	0.51207	0.47462	0.62917	0.56007	0.57793	0.30848	0.62561	0.24969	0.34444	0.55256	0.52856	0.88369	0.54191	0.43617	0.56344	0.3094	0.32869	0.57672	0.23474	0.38346	0.44149	0.35594	0.41335	0.51808	0.60809	0.60813	0.56198	0.37157	0.44198	0.70374	0.61803	0.73206	0.91029	0.53988	0.4994	0.42782	0.56004	0.5676	0.59859	0.13699	0.43842	0.51686	0.28857	0.52812	0.91425	0.60784	0.55013	0.44785	0.45668	0.64364	0.21119	0.53066	0.52451	0.27435	0.63075	0.38657	0.31299	0.48015	0.57066	0.55033	0.36806	0.79245	0.32239	0.63981	0.77035	0.50359	0.53386	0.53337	0.59672	0.61972	0.71674	0.55782	0.63173	0.25481	0.34605	0.67124	0.72181	0.7421	0.63151	0.69507	0.47316	0.25681	0.20373	0.63919	0.42595	0.6725	0.61854	0.47469	0.50119	0.56348	0.56967	0.67535	0.23752	0.56809	0.45718	0.55284	0.51184	0.54136	0.3641	0.54257	0.73995	0.28589	0.41333	0.67322	0.41244	0.52626	0.48076	0.50953	0.62455	0.72616	0.11833	0.37636	0.49967	0.43378	0.55258	0.2778	0.33642	0.49839	0.45315	0.26759	0.34648	0.68637	0.35468	0.56911	0.44054	0.43485	0.63189	0.74558	0.33798	0.25491	0.39729
scallop	0.4194	0.47877	0.79848	0.7666	0.72385	0.73932	0.39523	0.56472	0.68915	0.20773	0.60431	0.61082	0.85429	0.35646	0.51028	0.57206	0.32083	0.35536	0.27484	0.39908	0.64346	0.49004	0.51401	0.38516	0.42974	0.79582	0.33776	0.26886	0.55288	0.29904	0.75159	0.37006	0.65052	0.64819	0.79123	0.69162	0.58756	0.4062	0.54969	0.45068	0.84602	0.50102	0.51216	0.19685	0.41214	0.51399	0.82995	0.71864	0.77229	0.34921	0.19338	0.51919	0.3428	0.2054	0.51045	0.25119	0.5711	0.24039	0.36843	0.46812	0.53939	0.5975	0.73273	0.74958	0.78931	0.55033	0.26902	0.63938	0.54939	0.54932	0.63569	0.7531	0.2772	0.47033	0.33416	0.46356	0.54313	0.41952	0.47512	0.23447	0.41147	0.62162	0.48662	0.66901	0.41962	0.73795	0.63928	0.66114	0.53198	0.46244	0.24081	0.33176	0.41876	0.6528	0.3325	0.52368	0.30003	0.46437	0.42517	0.4853	0.53519	0.45021	0.56595	0.7262	0.7009	0.78237	0.25881	0.6417	0.34637	0.50057	0.55206	0.46425	0.59042	0.45132	0.77663	0.66362	0.42873	0.4719	0.51684	0.58971	0.5788	0.46569	0.14124	0.49134	0.38406	0.13571	0.93277	0.17091	0.60223	0.42889	0.71472	0.49478	0.72861	0.44469	0.51422	0.56861	0.35148	0.49578	0.78922	0.59497	0.66505	0.50862	0.41326	0.46208	0.37251	0.33929	0.33964	0.45269	0.46159	0.61249	0.06765	0.15411	0.5494	0.59325	0.45336	0.50708	0.45639	0.55551	0.59118	0.38102	0.47458	0.64989	0.38996	0.53378	0.48606	0.22751	0.63756	0.727	0.47887	0.31767	0.45696	0.61302	0.34574	0.51523	0.56528	0.21425	0.36657	0.48345	0.31518	0.33448	0.50412	0.05035	0.61996	0.43092	0.4478	0.4225	0.27769	0.21782	0.50727	0.692	0.38741	0.45774	0.25162	0.38572	0.81851	0.58264	0.76718	0.41349	0.40096	0.62839	0.43513	0.79829	0.77641	0.44933	0.38878	0.57616	0.47243	0.63975	0.56924	0.26985	0.53423	0.20242	0.53684	0.58525	0.58929	0.52262	0.40191	0.53944	0.10843	0.65238	0.21241	0.28442	0.56417	0.62997	0.50882	0.73527	0.176	0.42925	0.78524	0.55368	0.4677	0.31557	0.4875	0.63741	0.82151	0.34658	0.93566	0.55002	0.0	0.57018	0.85141	0.51671	0.62451	0.60747	0.98769	0.22247	0.65788	0.42797	0.62372	0.29772	0.50888	0.67034	0.50775	0.90509	0.8275	0.17933	0.05929	0.66297	0.49935	0.38945	0.17671	0.56554	0.33743	0.24489	0.48298	0.40573	0.5104	0.81734	0.53633	0.85893	0.15336	0.25412	0.7151	0.49841	0.45223	0.30275	0.83981	0.40257	0.61876	0.71701	0.43224	0.5241	0.54752	0.32201	0.55698	0.61111	0.64677	0.57345	0.55394	0.34957	0.53369	0.54992	0.64257	0.29028	0.36377	0.51016	0.48267	0.4808	0.82605	0.23666	0.55496	0.62831	0.69381	0.1317	0.55062	0.17289	0.42603	0.58074	0.08884	0.43445	0.31261	0.7546	0.5513	0.68757	0.58033	0.61649	0.33622	0.38824	0.5805	0.65959	0.43532	0.25016	0.29535	0.69471	0.55857	0.25307	0.59678	0.75591	0.57084	0.38459	0.55911	0.52145	0.28747	0.37588	0.59527	0.6595	0.58004	0.59931	0.64511	0.56805	0.41243	0.62887	0.32679	0.41397	0.3579	0.44721	0.40117	0.41391	0.84566	0.38509	0.20848	0.63153	0.25109	0.40834	0.51622	0.66936	0.24615	0.75154	0.62929	0.43964	0.46904	0.65665	0.5154	0.38044	0.75746	0.42471	0.55771	0.46745	0.25789	0.41178	0.51487	0.40176	0.54225	0.57379	0.06287	0.64286	0.67994	0.33283	0.72513	0.3866	0.57164	0.49492	0.92261	0.68322	0.47708	0.4147	0.55565	0.42431	0.42052	0.14753	0.33921	0.50592	0.49168	0.43551	0.67035	0.50503	0.69949	0.61717	0.29682	0.24523
scorpion	0.44883	0.52406	0.76831	0.51372	0.4815	0.66414	0.71349	0.27526	0.42131	0.54051	0.59626	0.86766	0.70553	0.49727	0.30902	0.99324	0.46057	0.3186	0.56311	0.57019	0.35534	0.49316	0.63439	0.49393	0.24522	0.88641	0.52211	0.40227	0.69644	0.77579	0.42358	0.51768	0.24926	0.58397	0.69678	0.30581	0.72171	0.27232	0.88845	0.66459	0.59496	0.74802	0.19142	0.36848	0.35892	0.66669	0.47944	0.22698	0.52319	0.63349	0.18544	0.57324	0.55469	0.69207	0.83391	0.43719	0.68408	0.34103	0.46111	0.44785	0.44235	0.95117	0.40181	0.34925	0.54701	0.4183	0.35998	0.33623	0.43989	0.45937	0.67168	0.46738	0.3875	0.44822	0.24885	0.67741	0.62907	0.04388	0.59443	0.31205	0.6133	0.62173	0.38018	0.842	0.53464	0.76109	0.50953	0.25026	0.56892	0.47238	0.51955	0.44025	0.13597	0.53562	0.22892	0.18075	0.43703	0.5584	0.72864	0.56918	0.61488	0.71334	0.69111	0.61657	0.52126	0.24934	0.40377	0.67288	0.64783	0.41642	0.27656	0.37344	0.7336	0.40956	0.74636	0.65024	0.36734	0.45659	0.49147	0.63692	0.60169	0.66363	0.6058	0.71445	0.64861	0.21861	0.43775	0.38604	0.58916	0.69989	0.56204	0.30732	0.18415	0.63575	0.17172	0.28897	0.57533	0.84139	0.20968	0.37002	0.38376	0.31531	0.40614	0.45422	0.73688	0.50647	0.47416	0.08269	0.25072	0.58098	0.37993	0.53569	0.43793	0.3799	0.51166	0.56662	0.76708	0.22108	0.45979	0.19021	0.24683	0.3734	0.45793	0.2692	0.63429	0.62767	0.41625	0.64412	0.56736	0.28309	0.22209	0.25666	0.5062	0.5469	0.39459	0.46711	0.42306	0.6998	0.0	0.67695	0.46442	0.3097	0.40358	0.54583	0.60532	0.4792	0.6151	0.14826	0.53632	0.44108	1.0	0.71554	0.31326	0.25667	0.47031	0.73352	0.91793	0.48801	0.23248	0.34639	0.32521	0.73733	0.58149	0.47736	0.07239	0.58338	0.73384	0.13855	0.18418	0.31804	0.6326	0.43604	0.55697	0.81332	0.64604	0.11593	0.49282	0.59621	0.34415	0.49588	0.18566	0.70095	0.61085	0.64239	0.31921	0.47179	0.47355	0.57149	0.5394	0.64237	0.54543	0.84631	0.49016	0.43618	0.47795	0.52649	0.64637	0.68943	0.27877	0.45048	0.37737	0.73254	0.65957	0.26572	0.44047	0.45458	0.76548	0.60428	0.63619	0.55885	0.37423	0.50266	0.56265	0.6917	0.54514	0.33341	0.41364	0.77896	0.26715	0.34838	0.56699	0.60901	0.41924	0.21785	0.27085	0.53416	0.53603	0.38489	0.59308	0.23201	0.5985	0.63184	0.43545	0.6146	0.35863	0.63485	0.85497	0.29092	0.69945	0.71403	0.54699	0.53254	0.2094	0.39886	0.4861	0.47331	0.7324	0.70134	1.0	0.3553	0.53741	0.32895	0.12586	0.6063	0.82028	0.22384	0.60447	0.23007	0.6194	0.30171	0.07138	0.66469	0.67016	0.71225	0.2721	0.37913	0.49778	0.44706	0.41198	0.54023	0.5895	0.56102	0.75887	0.27839	0.23859	0.26849	0.64372	0.3242	0.63167	0.53551	0.57137	0.36364	0.18548	0.7553	0.54869	0.22743	0.4867	0.64326	0.73606	0.70594	0.60031	0.78389	0.33259	0.75497	0.43261	0.77449	0.63839	0.62642	0.37861	0.32513	0.73915	0.48012	0.06497	0.09012	0.38414	0.64993	0.37645	0.34632	0.39388	0.11596	0.7214	0.6437	0.48216	0.55492	0.61587	0.56343	0.43746	0.18063	0.44898	0.66414	0.45187	0.62599	0.52522	0.48357	0.5646	0.50515	0.63262	0.4654	0.71422	0.5235	0.5856	0.49584	0.60558	0.58778	0.52637	0.44558	0.60099	0.6491	0.34157	0.4183	0.46445	0.42733	0.2687	0.53546	0.39299	0.70064	0.57951	0.57288	0.35985	0.60095	0.33785	0.36579	0.55526	0.48852	0.70249	0.61557	0.31249	0.41403	0.42471	0.4224
sea_cow	0.36469	0.31581	0.52907	0.54885	0.69642	0.50943	0.73709	0.48384	0.61502	0.33257	0.86749	0.37665	0.81291	0.56501	0.30169	0.66509	0.43217	0.43615	0.54594	0.54102	0.39586	0.47457	0.456	0.31956	0.39909	0.5285	0.76477	0.33136	0.77122	0.35641	0.42972	0.33767	0.51382	0.68981	0.60692	0.6522	0.434	0.49806	0.50029	0.49089	0.64936	0.13068	0.7606	0.39563	0.26611	0.19622	0.78532	0.43731	0.68602	0.46665	0.35223	0.80187	0.3117	0.36198	0.39156	0.19971	0.55382	0.30477	0.36741	0.52258	0.46382	0.48583	0.86193	0.54194	0.6263	0.64917	0.32181	0.73486	0.23104	0.42439	0.59892	0.40517	0.39937	0.54018	0.78472	0.3995	0.70684	0.78748	0.96624	0.65036	0.23709	0.34902	0.36981	0.44076	0.75236	0.4049	0.59253	0.46263	0.61713	0.47605	0.51178	0.46051	0.45322	0.79033	0.39969	0.77251	0.42274	0.47401	0.48766	0.2709	0.28034	0.48892	0.89001	0.44679	0.47992	0.33541	0.13447	0.42729	0.58204	0.39209	0.32523	0.58195	0.73126	0.72952	0.54795	0.79903	0.65168	0.66188	0.5424	0.40177	0.37474	0.54736	0.30389	0.38243	0.38772	0.53094	0.59162	0.30635	0.35613	0.5661	0.49791	0.69954	0.6512	0.70409	0.38965	0.43579	0.76396	0.64485	0.66082	0.50788	0.32081	0.30718	0.74697	0.46592	0.66169	0.55239	0.62751	0.49813	0.32914	0.47254	0.67332	0.73451	0.44392	0.32895	0.50749	0.58329	0.44628	0.56381	0.52224	0.2557	0.46519	0.36405	0.51308	0.56604	0.72733	0.29651	0.52334	1.0	0.22449	0.56477	0.57575	0.51523	0.49335	0.62017	0.61191	0.79225	0.40805	0.39411	0.58427	0.29679	0.35109	0.10821	0.73984	0.46199	0.50084	0.32395	0.58351	0.43355	0.3988	0.44347	0.3957	0.25893	0.46944	0.12451	0.61235	0.19458	0.4872	0.52215	0.3736	0.21699	0.25533	0.62293	0.29921	0.43787	0.38946	0.65663	0.48895	0.57681	0.61184	0.68425	0.39426	0.17394	0.70837	0.52774	0.12708	0.46747	0.42547	0.54332	0.1509	0.62982	0.3199	0.13867	0.04621	0.59074	0.26252	0.21526	0.55056	0.39787	0.85069	0.17932	0.64251	0.43628	0.26987	0.32722	0.57092	0.47225	0.15962	0.84033	0.17616	0.63549	0.90957	0.40895	0.45661	0.25168	0.59894	0.20242	0.50361	0.39783	0.2912	0.62268	0.08041	0.47019	0.59395	0.60028	0.31463	0.28607	0.42312	0.78116	0.62358	0.33449	0.40309	0.33543	0.47251	0.71859	0.81206	0.22081	0.49882	0.80433	0.96336	0.69039	0.66285	0.19718	0.51272	0.65815	0.31159	0.22949	0.64988	0.34335	0.47652	0.68508	0.68758	0.6444	0.55202	0.65797	0.58096	0.45359	0.64598	0.40979	0.1959	0.51245	0.64408	0.64093	0.66891	0.35219	0.45953	0.64074	0.63324	0.37847	0.48232	0.57378	0.57072	0.53216	0.41113	0.2572	0.68059	0.48239	0.52602	0.60566	0.57061	0.98274	0.38374	0.33254	0.72637	0.45586	0.90077	0.44435	0.40989	0.36581	0.24228	0.51643	0.50104	0.55981	0.45377	0.39899	0.49865	0.82633	0.94812	0.62322	0.58738	0.71879	0.88562	0.50753	0.69214	0.12157	0.64866	0.72604	0.27882	0.51566	0.57522	0.62948	0.54269	0.70408	0.44798	0.50383	0.51814	0.28925	0.62651	0.55803	0.61031	0.21585	0.42885	0.34002	0.75999	0.56159	0.64956	0.57605	0.22104	0.37552	0.10343	0.28826	0.42411	0.33037	0.46232	0.42999	0.69087	0.35465	0.38264	0.09694	0.20987	0.64622	0.65834	0.52882	0.63845	0.79071	0.30089	0.67869	0.70994	0.19494	0.61564	0.25602	0.50219	0.67064	0.68444	0.61671	0.34648	0.53494	0.9135	0.48414	0.76108	0.4424	0.3085	0.78712	0.63668	0.43184	0.63452	0.47777	0.40811	0.28617	0.45932	0.35413
sea_lion	0.24087	0.42927	0.52965	0.42393	0.50369	0.80442	0.67349	1.0	0.49706	0.46676	0.54083	0.70079	0.59024	0.23776	0.44015	0.47489	0.1221	0.27241	0.22831	0.22135	0.26877	0.65016	0.28355	0.44721	0.52373	0.88124	0.3948	0.45709	0.39328	0.44335	0.81648	0.50083	0.72869	0.75708	0.63264	0.47368	0.5233	0.12144	0.5341	0.52127	0.84048	0.53981	0.32124	0.42712	0.12105	0.39991	0.78711	0.63095	0.44843	0.45153	0.42132	0.41892	0.25583	0.51474	0.12145	0.23509	0.37583	0.52924	0.2203	0.75298	0.36412	0.8416	0.70908	0.61237	0.55564	0.32778	0.65535	0.36533	0.61996	0.70444	0.58789	0.45853	0.46006	0.68561	0.84785	0.44619	0.64704	0.70442	0.53102	0.15796	0.50144	0.67564	0.75179	0.42821	0.61861	0.378	0.59935	0.63549	0.65291	0.25879	0.42626	0.56108	0.16507	0.50231	0.37557	0.4011	0.47366	0.5745	0.35684	0.57681	0.52354	0.28261	0.66531	0.53261	0.47902	0.64936	0.6251	0.50998	0.38543	0.37424	0.46261	0.50077	0.55183	0.52905	0.80477	0.26694	0.45623	0.45715	0.59707	0.80734	0.4536	0.48704	0.39121	0.82166	0.34468	0.75206	0.43812	0.17665	0.56452	0.68009	0.81688	0.4868	0.68728	0.83878	0.48547	0.58388	0.3823	0.38436	0.98052	0.52168	0.52108	0.58203	0.57321	0.66384	0.37571	0.53931	0.40154	0.52127	0.49989	0.40107	0.53765	0.34922	0.41138	0.46594	0.26915	0.51891	0.39223	0.45881	0.37019	0.7135	0.35956	0.5396	0.48249	0.37945	0.65276	0.31509	0.68613	0.35307	0.55349	0.27931	0.48771	0.64567	0.541	0.92565	0.33365	0.48843	0.62289	0.54743	0.50258	0.29341	0.46836	0.1513	0.70512	0.52075	0.64194	0.50834	0.0	0.39701	0.36064	0.40743	0.51559	0.71876	0.84493	0.36299	0.21421	0.71372	0.61449	0.76498	0.36255	0.67827	0.58005	0.52695	0.61455	0.5789	0.59045	0.62782	0.58882	0.43256	0.69756	0.40075	0.56832	0.06804	0.69118	0.42155	0.39465	0.46506	0.34049	0.32781	0.60648	0.54403	0.27965	0.49325	0.71833	0.65312	0.32775	0.28183	0.4524	0.34471	0.49313	0.47916	0.51615	0.57126	0.50437	0.27575	0.86384	0.44897	0.23928	0.36183	0.46175	0.62901	0.47527	0.28893	0.41432	0.81924	0.7063	0.37422	0.42784	0.41854	0.55673	0.38429	0.65245	0.67089	0.61025	0.79038	0.31658	0.53746	0.72167	0.63848	0.48954	0.49448	0.30465	0.3395	0.30531	0.49482	0.47036	0.37441	0.64214	0.4898	0.62212	0.8452	0.34521	0.39967	0.46769	0.75159	0.24078	0.52616	0.31247	0.79474	0.66787	0.60518	0.56796	0.4072	0.42913	0.38249	0.40808	0.22393	0.38331	0.31102	0.361	0.54005	0.6488	0.58872	0.35977	0.64378	0.59491	0.51268	0.27033	0.53157	0.39217	0.29378	0.4188	0.89449	0.43344	0.15521	0.27724	0.08394	0.5165	0.38594	0.21063	0.65476	0.58159	0.58719	0.59961	0.75332	0.54732	0.46906	0.38936	0.50789	0.4845	0.33433	0.16242	0.38736	0.38639	0.61703	0.51833	0.33468	0.54285	0.44181	0.36402	0.3982	0.56082	0.76347	0.57039	0.66756	0.42943	0.62587	0.27101	0.42338	0.27236	0.29069	0.43737	0.54904	0.43339	0.1506	0.50115	0.53793	0.54913	0.50697	0.86167	0.3584	0.33261	0.57296	0.43295	0.39721	0.33149	0.51187	0.50547	0.67668	0.80304	0.57616	0.47053	0.4482	0.79301	0.61781	0.9451	0.58938	0.34487	0.69784	0.28226	0.7279	0.42438	0.35874	0.69171	0.4279	0.45331	0.42628	0.59138	0.63677	0.87731	0.58506	0.47824	0.60357	0.84654	0.55158	0.20314	0.62918	0.52891	0.65246	0.54981	0.20363	0.51687	0.20297	0.33189	0.6667	0.80692	0.41284	0.67802	0.46995	0.0	0.63007
sea_snake	0.51938	0.40011	0.92858	0.46143	0.67338	0.44278	0.426	0.75767	0.46569	0.87245	0.37496	0.49623	0.69423	0.60975	0.51151	0.79947	0.23902	0.46127	0.6431	0.58884	0.53492	0.46191	0.50086	0.50333	0.46685	0.66731	0.5866	0.22427	0.43017	0.57248	0.28124	0.53717	0.43895	0.68784	0.68557	0.46116	0.2488	0.45806	0.45394	0.65757	0.51028	0.69792	0.2856	0.55003	0.47788	0.61151	0.34213	0.52509	0.47313	0.44068	0.14436	0.3667	0.70464	0.64842	0.53405	0.25589	0.4255	0.49528	0.11109	0.52842	0.54368	0.68166	0.80575	0.45426	0.54206	0.32061	0.34321	0.44501	0.74486	0.42365	0.79786	0.46575	0.40779	0.04976	0.40216	0.75445	0.81853	0.3806	0.43703	0.53387	0.72474	0.72837	0.31558	0.64014	0.56558	0.62851	0.46571	0.35013	0.56462	0.58751	0.51469	0.63923	0.22154	0.65629	0.08429	0.34289	0.36413	0.43875	0.59208	0.45168	0.46333	0.69843	0.83493	0.54232	0.4674	0.78211	0.36116	0.52385	1.0	0.46329	0.18439	0.64749	0.3277	0.87169	0.66299	0.70814	0.33662	0.55647	0.54622	0.61117	0.51108	0.51694	0.32374	0.62611	0.30313	0.32072	0.29674	0.5157	0.40903	0.69055	0.57064	0.63994	0.62045	0.65607	0.44692	0.0571	0.83946	0.35545	0.47967	0.64732	0.5502	0.38442	0.67685	0.52007	0.62034	0.56651	0.61075	0.5648	0.55802	0.52141	0.31335	0.40282	0.17315	0.36924	0.50747	0.46461	0.71816	0.09066	0.50602	0.39572	0.37933	0.41021	0.42356	0.47383	0.76429	0.23633	0.46245	0.67995	0.50117	0.59369	0.29917	0.58582	0.26942	0.51021	0.42766	0.61186	0.36646	0.29628	0.515	0.43617	0.47632	0.36706	0.67973	0.26101	0.64496	0.37505	0.3592	0.3302	0.21572	0.56381	0.41867	0.54319	0.40825	0.11518	0.58261	0.34946	0.71986	0.35845	0.51938	0.37075	0.38135	0.54102	0.74024	0.77799	0.59557	0.70382	0.37806	0.03953	0.55459	0.48088	0.39388	0.52458	0.47751	0.51338	0.3592	0.09268	0.24799	0.39194	0.55064	0.3901	0.33293	0.23572	0.65998	0.2941	0.55918	0.40989	0.52932	0.30539	0.28451	0.47921	0.41411	0.47292	0.48642	0.67023	0.35973	0.41611	0.81952	0.43252	0.54847	0.13202	0.60336	0.63517	0.74301	0.62156	0.75731	0.22331	0.76338	0.35758	0.627	0.85327	0.2136	0.4184	0.67039	0.73115	0.46804	0.58319	0.63687	0.87432	0.24442	0.53599	0.67427	0.52502	0.75903	0.3009	0.25247	0.70384	0.22119	0.49111	0.73647	0.41836	0.33453	0.61596	0.46435	0.24297	0.42752	0.59642	0.88299	0.42979	0.51495	0.31524	0.57558	0.47342	0.84914	0.52648	0.53418	0.65644	0.7274	0.13442	0.46044	0.12174	0.62862	0.33042	0.66284	0.59473	0.67243	0.58243	0.79001	0.65128	0.71845	0.42477	0.52736	0.63456	0.70361	0.73925	0.11828	0.19429	0.51452	0.45744	0.5081	0.4868	0.53762	0.74824	0.25973	0.49321	0.36966	0.28299	0.52889	0.36162	0.74166	0.39778	0.09554	0.5951	0.35317	0.7413	0.60391	0.48176	0.64901	0.39868	0.66606	0.31716	0.78404	0.65463	0.50623	0.61539	0.63113	0.45765	0.74771	0.40519	0.54261	0.63695	0.47544	0.07759	0.67361	0.0	0.89146	0.6464	0.3846	0.32969	0.49521	0.35251	0.27321	0.36311	0.42083	0.62892	0.42813	0.45166	0.34036	0.47451	0.60628	0.44715	0.10693	0.46028	0.691	0.53851	0.58514	0.56011	0.69063	0.61345	0.65369	0.31764	0.40979	0.58319	0.53858	0.3989	0.64115	0.62136	0.99616	0.50799	0.45345	0.44011	0.40455	0.64014	0.82204	0.508	0.08884	0.50853	0.35814	0.18492	0.29914	0.54507	0.40879	0.44594	0.41208	0.59476	0.55663	0.46965	0.14153	0.0	0.68378	0.27052
seal	0.39871	0.68514	0.31837	0.5451	0.40191	0.32035	0.21575	0.64294	0.57929	0.69736	0.53499	0.31702	0.70202	0.62257	0.49907	0.23192	0.64123	0.25754	0.76725	0.52643	0.69087	0.65727	0.27165	0.06424	0.61274	0.76849	0.30112	0.57629	0.53041	0.54862	0.65703	0.0	0.33093	0.18483	0.47199	0.32212	0.53203	0.68205	0.19575	0.16133	0.79246	0.54872	0.08654	0.73416	0.53309	0.76823	0.6787	0.6223	0.66204	0.87348	0.10789	0.28539	0.48651	0.23451	0.54947	0.49824	0.25567	0.32054	0.35721	0.75438	0.45362	0.85074	0.02563	0.71282	0.25602	0.43277	0.49394	0.80419	0.50149	0.669	0.84543	0.44068	0.67698	0.25487	0.36738	0.26528	0.43767	0.60529	0.3945	0.6332	0.61594	0.66087	0.72979	0.5876	0.73991	0.12937	0.41545	0.21438	0.43988	0.27047	0.47289	0.39994	0.47335	0.44412	0.45018	0.40424	1.0	0.82411	0.67316	0.48864	0.52691	0.42976	0.66402	0.56286	0.61996	0.50888	0.69032	0.56813	0.55718	0.54612	0.3612	0.28108	0.42092	0.61644	0.74486	0.13445	0.55123	0.38393	0.55145	0.61773	0.49434	0.67609	0.40236	0.0	0.27959	0.71657	0.5699	0.09123	0.73019	0.6381	0.59716	0.48012	0.60471	0.45764	0.62484	0.8376	0.45279	0.28577	0.36845	0.44432	0.33304	0.24825	0.79737	0.0	0.8875	0.42202	0.22128	0.10079	0.28136	0.36228	0.63633	0.14209	0.07383	0.23622	0.58259	0.67165	0.59399	0.76902	0.67532	0.8339	0.4842	0.5253	0.41865	0.56018	0.41881	0.7635	0.51614	0.61252	0.39889	0.1886	0.62004	0.63844	0.58664	0.41664	0.71616	0.72363	0.3652	0.57481	0.51247	0.66724	0.43634	0.13934	0.32794	0.54451	0.60479	0.43357	0.59405	0.27605	0.54132	0.30209	0.65892	0.72161	0.46365	0.50858	0.55562	0.54254	0.3894	0.6729	0.44595	0.33931	0.36615	0.3345	0.4777	0.73146	0.42116	0.64579	0.64414	0.36117	0.5907	0.39288	0.33713	0.52097	0.02815	0.46835	0.73965	0.74356	0.39439	0.5311	0.58135	0.39647	0.49572	0.24208	0.75212	0.46424	0.61125	0.84268	0.54955	0.74673	0.94865	0.64738	0.25065	0.55931	0.56626	0.02422	0.45215	0.28377	0.5461	0.7401	0.75862	0.38772	0.33767	0.09983	0.77245	0.24592	0.4509	0.06773	0.05011	0.50151	0.19139	0.70528	1.0	0.54385	0.53908	0.64936	0.53416	0.43654	0.25594	0.83121	0.56303	0.83034	0.69603	0.3047	0.25833	0.40056	0.36616	0.7069	0.56339	0.35296	0.19951	0.66907	0.70428	0.74022	0.77971	0.68548	0.63684	0.77496	0.79132	0.70035	0.84106	0.66002	0.58218	0.22918	0.44421	0.66434	0.61711	0.15925	0.31217	0.3923	0.56832	0.61961	0.82789	0.62458	0.39189	0.59227	0.32201	0.32066	0.25438	0.36438	0.51408	0.22254	0.33397	0.9027	0.29712	0.39777	0.5816	0.49426	0.28616	0.09775	0.48099	0.67787	0.4496	0.41567	0.48426	0.1972	0.25747	0.79242	0.22358	0.91902	0.47231	0.5977	0.56697	0.43485	0.52187	0.38568	0.65651	0.19254	0.56515	0.08481	0.04898	0.64879	0.57922	0.66482	0.48392	0.35481	0.48784	0.43338	0.52386	0.24123	0.72427	0.37144	0.48891	0.83695	0.73556	0.30626	0.43316	0.63437	0.47618	0.69655	0.36535	0.20048	0.39859	0.675	0.20779	0.62391	0.45897	0.41208	0.59031	0.55648	0.38706	1.0	0.41269	0.74525	0.70632	0.7205	0.40594	0.46349	1.0	0.82466	0.29308	0.62733	0.53127	0.50755	0.67532	0.48393	0.74267	0.44545	0.67778	0.43833	0.16181	0.47173	0.44965	0.42464	0.54501	0.55384	0.05838	0.47983	0.60884	0.70396	0.23901	0.38515	0.75457	0.17537	0.59205	0.64946	0.3212	0.43819	0.2546	0.5189	0.12094	0.56038
shark	0.36729	0.44487	0.56391	0.41959	0.67873	0.88118	0.56117	0.78711	0.52777	0.46514	0.57742	0.39169	0.3236	0.17709	0.55083	0.19117	0.43889	0.24498	0.51171	0.24792	0.05361	0.4898	0.54247	0.5636	0.81757	0.51213	0.72729	0.25672	0.46716	0.4475	0.393	0.2423	0.35988	0.60643	0.25729	0.76102	0.78746	0.36853	0.55151	0.54622	0.4779	0.33317	0.60082	0.4763	0.43352	0.32245	0.82543	0.22492	0.54467	0.18325	0.48265	0.514	0.02626	0.40336	0.6799	0.30871	0.48134	0.71192	0.46934	0.53691	0.56531	0.65686	0.39228	0.78565	0.37682	0.23586	0.45717	0.62125	0.43229	0.58302	0.67186	0.75891	0.57064	0.21767	0.60205	0.74475	0.59851	0.58031	0.89048	0.39876	0.43649	0.60699	0.72149	0.72355	0.73131	0.265	0.13134	0.63169	0.5697	0.69829	0.39469	0.26853	0.58005	0.24258	0.3697	0.87071	0.32103	0.64113	0.51393	0.31481	0.46335	0.27964	0.54912	0.45924	0.65512	0.18261	0.7295	0.53459	0.51153	0.75604	0.51334	0.28057	0.65096	0.65801	0.59643	0.47347	0.39342	0.60064	0.35319	0.44262	0.56054	0.28083	0.5368	0.48149	0.61775	0.60929	0.5203	0.34381	0.33899	0.51166	0.71555	0.39091	0.14849	0.33741	0.4797	0.3424	0.50942	0.42659	0.596	0.53032	0.59479	0.73134	0.49544	0.43036	0.65454	0.17945	0.54821	0.51515	0.37559	0.31995	0.4243	0.49899	0.7546	0.15536	0.65346	0.54437	0.54509	0.3614	0.84981	0.5562	0.71889	0.43746	0.50074	0.57697	0.42081	0.3673	0.40305	0.73065	0.3723	0.4483	0.52042	0.75224	0.2149	0.77832	0.61491	0.59559	0.15212	0.55418	0.61622	0.50655	0.65215	0.37017	0.64752	0.40498	0.71475	0.54427	0.60175	0.76464	0.66348	0.49636	0.37558	0.38991	0.50105	0.25993	0.6087	0.35792	0.85032	0.50407	0.16016	0.26123	0.27003	0.55336	0.4209	0.65659	0.65378	0.51699	0.16983	0.53175	0.63387	0.46896	0.78983	0.19348	0.48586	0.69548	0.20341	0.41793	0.22152	0.61563	0.28168	0.53482	0.45177	0.37384	0.32765	0.71467	0.53781	0.36323	0.61471	0.58244	0.57863	0.25988	0.32689	0.82649	0.43318	0.52174	0.85965	0.86153	0.48716	0.41114	0.35477	0.611	0.89987	0.30488	0.44918	0.54105	0.77042	0.18625	0.20373	0.54061	0.71821	0.69649	0.47822	0.48303	0.0	0.49831	0.29987	0.46096	0.31669	0.5723	0.21233	0.66982	0.36067	0.04824	0.58987	0.25146	0.3498	0.62758	0.09788	0.36477	0.69337	0.39249	0.43745	0.3419	0.60847	0.98163	0.47222	0.76269	0.75075	0.56382	0.38465	0.44252	0.83312	0.36988	0.60607	0.48198	0.20805	0.28173	0.57873	0.401	0.25502	0.69529	0.63294	0.52868	0.54977	0.46183	0.29867	0.49907	0.58456	0.36875	0.37526	0.75106	0.45293	0.34747	0.47069	0.50777	0.47631	0.53759	0.54943	0.57346	0.33108	0.57636	0.4349	0.68908	0.73627	0.56135	0.79199	0.76048	0.47408	0.59942	0.52998	0.65686	0.67487	0.54771	0.48616	0.66475	0.57371	0.34703	0.43432	0.61773	0.66897	0.2929	0.6656	0.62608	0.4812	0.27956	0.73611	0.73452	0.57935	0.61954	0.64315	0.55324	0.29808	0.62901	0.42981	0.26779	0.44646	0.71851	0.28281	0.45481	0.71545	0.60509	0.44213	0.62514	0.62246	0.60664	0.90557	0.29412	0.3466	0.45935	0.76142	0.50762	0.46947	0.55478	0.67293	0.46148	0.77854	0.17569	0.20497	0.32934	0.23323	0.75403	0.3771	0.29304	0.3553	0.24166	0.69252	0.65021	0.49757	0.74017	0.31209	0.38514	0.48776	0.76577	0.61855	0.59995	0.50038	0.7441	0.37612	0.69309	0.62224	0.59268	0.43696	0.81042	0.52908	0.85277	0.22307	0.39805	0.61002	0.50251	0.21592	0.12404
sheep	0.73642	0.77836	0.52509	0.4961	0.42598	0.69454	0.31361	0.43659	0.40057	0.35891	0.21122	0.61117	0.58991	0.17765	0.32446	0.32146	0.50756	0.41444	0.37513	0.43312	1.0	0.56816	0.33986	0.43189	0.25227	0.90376	0.44196	0.56656	0.22847	0.16712	0.57064	0.50902	0.51856	0.90145	0.48984	0.27351	0.30552	0.4783	0.0593	0.54592	0.86426	0.71471	0.37455	0.31823	0.52432	0.57221	0.58822	0.87882	0.34886	0.61908	0.28866	0.33465	0.4778	0.32036	0.38059	0.4805	0.48391	0.25605	0.55945	0.32661	0.48576	0.15394	0.71583	0.57763	0.35881	0.19413	0.51539	0.27443	0.74287	0.34815	0.49973	0.63632	0.38595	0.64939	0.48049	0.35216	0.87213	0.84589	0.27243	0.60291	0.29381	0.62177	0.32379	0.47856	0.81186	0.74676	0.65237	0.5415	0.53217	0.59014	0.8744	0.38618	0.50939	0.43524	0.52623	0.60021	0.32109	0.39367	0.50962	0.6357	0.6009	0.26584	0.73777	0.54794	0.27701	0.62043	0.86107	0.51024	0.53287	0.48898	0.9261	0.67434	0.52599	0.57098	0.33409	0.46048	0.55937	0.19289	0.65753	0.46652	0.48468	0.26249	0.41125	0.26445	0.64789	0.61782	0.60864	0.4416	0.53496	1.0	0.54544	0.52265	0.60042	0.70653	0.66343	0.15404	0.23824	0.43592	0.72497	0.37007	0.36	0.57097	0.54056	0.94503	0.68277	0.30846	0.15573	0.47294	0.38443	0.36609	0.6379	0.21707	0.18342	0.53891	0.50468	0.37264	0.68128	0.2175	0.3408	0.41211	0.58252	0.73164	0.56054	0.66268	0.64799	0.55057	0.32464	0.40764	0.5259	0.35397	0.54831	0.51129	0.70219	0.65478	0.37089	0.20948	0.48408	0.38505	0.53162	0.24669	0.43836	0.42475	0.66431	0.59103	0.69659	0.50663	0.25113	0.60916	0.35049	0.65759	0.16176	0.42115	0.36833	0.53609	0.44463	0.44443	0.79359	0.63632	0.62787	0.27778	0.45333	0.69733	0.44182	0.87565	0.70233	0.78622	0.44107	0.47951	0.70363	0.59182	0.34162	0.56929	0.28602	0.37671	0.47024	0.62787	0.63971	0.42495	0.52514	0.8612	0.82648	0.42892	0.42755	0.40046	0.68961	0.77353	0.35194	0.16988	0.50766	0.20028	0.37529	0.32005	0.61088	0.77974	0.47697	0.69477	0.28576	0.414	0.8875	0.59056	0.88313	0.41258	0.34916	0.50453	0.81061	0.45027	0.53495	0.39216	0.41956	0.23636	0.68244	0.70689	0.5619	0.26103	0.62015	0.53183	0.65393	0.35792	0.57351	0.32658	0.34861	0.3788	0.44236	0.42745	1.0	0.03971	0.36149	0.65186	0.42726	0.84457	0.50178	0.72575	0.47175	0.28615	0.3481	0.67164	0.26199	0.56075	0.88127	0.68001	0.37635	0.55311	0.49368	0.64585	0.5458	0.19472	0.46333	0.37618	0.40298	0.12339	0.51375	0.27007	0.58424	0.49261	0.56888	0.83118	0.18847	0.68932	0.54797	0.53411	0.33713	0.47899	0.46066	0.89633	0.34045	0.47531	0.51191	0.28617	0.51188	0.58167	0.58865	0.46959	0.51257	0.50888	0.62116	0.46271	0.90732	0.34614	0.38729	0.23603	0.71657	0.3043	0.48477	0.2398	0.41604	0.46311	0.71152	0.36763	0.66582	0.4416	0.4999	0.34112	0.26188	0.19817	0.50188	0.76184	0.7101	0.4586	0.29366	0.26391	0.59881	0.34719	0.70373	0.50197	0.73967	0.35036	0.61618	0.45376	0.2618	0.78794	0.45451	0.17838	0.38203	0.23481	0.57138	0.57589	0.68117	0.44345	0.48709	0.81236	0.77175	0.73353	0.90209	0.58118	0.35393	0.56216	0.0	0.58449	0.47702	0.61413	0.0	0.6041	0.45845	0.47247	0.65025	0.54817	0.71024	0.18992	0.68007	0.33749	0.40267	0.44719	0.66168	0.24007	0.61235	0.47643	0.42118	0.76612	0.20932	0.23879	0.55245	0.34858	0.42668	0.62838	0.55408	0.67343	0.60953	0.41255	0.58931	0.51077
shell	0.16736	0.53833	0.56354	0.605	0.62991	0.71929	0.53572	0.33843	0.76505	0.42901	0.71994	0.75463	0.69145	0.73862	0.32074	0.60609	0.67272	0.6257	0.36518	0.42812	0.44122	0.27114	0.2477	0.52943	0.33068	0.65379	0.29967	0.59174	0.55994	0.86398	0.41636	0.25211	0.35489	0.49342	0.57693	0.24996	0.33748	0.45571	0.34841	0.69523	0.5005	0.72081	0.53526	0.30985	0.41037	0.24169	0.26087	0.68091	1.0	0.6227	0.3349	0.13064	0.30701	0.70484	0.43946	0.6063	0.6794	0.19809	0.63146	0.70709	0.44712	0.77332	0.4647	0.62921	0.73328	0.49357	0.69546	0.44453	0.0	0.822	0.53191	0.44686	0.36105	0.63913	0.22627	0.41389	0.67995	0.61955	0.53734	0.43069	0.60227	0.56217	0.35441	0.34321	0.25102	0.38552	0.5566	0.21471	0.67708	0.36065	0.09361	0.63646	0.81396	0.6581	0.50731	0.42357	0.31425	0.67068	0.56237	0.23375	0.16965	0.66767	0.38256	0.57161	0.84754	0.5257	0.12128	0.49134	0.3337	0.2235	0.50078	0.56978	0.58835	0.58329	0.41086	0.40502	0.49564	0.84714	0.34734	0.40506	0.64247	0.39194	0.6252	0.62263	0.21313	0.19227	0.61886	0.67843	0.61445	0.43584	0.74104	0.46446	0.01389	0.48649	0.27159	0.26539	0.51589	0.53682	0.53022	0.47815	0.37446	0.35237	0.61964	0.00708	0.64546	0.53618	0.23733	0.66811	0.55495	0.51456	0.51303	0.57923	0.51009	0.72485	0.30902	0.70041	0.72857	0.38188	0.85037	0.41834	0.43124	0.21045	0.72511	0.54114	0.30004	0.62735	0.59309	0.65393	0.46262	0.29404	0.52116	0.39119	0.24063	0.40533	0.61959	0.4232	0.40601	0.61722	0.48236	0.61445	0.65645	0.44605	0.4774	0.64223	0.52031	0.30136	0.43509	0.22752	0.40041	0.82123	0.6419	0.27954	0.43153	0.13702	0.21861	0.81804	0.57688	0.48939	0.31482	0.82317	0.63307	0.56231	0.58628	0.51939	0.46709	0.69387	0.79376	0.56318	0.43855	0.61563	0.7584	0.6387	0.5577	0.74391	0.79277	0.20215	0.71813	0.59618	0.56479	0.35596	0.37065	0.59739	0.66985	0.75547	0.44837	0.74896	0.47808	0.41247	0.49749	0.73618	0.60192	0.8247	0.53006	0.53116	0.87457	0.44542	0.71096	0.6474	0.38347	0.45712	0.63792	0.3871	0.7768	0.37307	0.49347	0.74873	0.63225	0.20082	0.53514	0.62744	0.41605	0.47113	0.64534	0.60534	0.70899	0.37319	0.44095	0.72717	0.68795	0.19994	0.60995	0.43532	0.43524	0.49561	0.36843	0.53924	0.41888	0.6398	0.63629	0.55245	0.44632	0.26275	0.59917	0.57079	0.57916	0.5384	0.52758	0.31087	0.3923	0.21139	0.46269	0.40301	0.66239	0.44514	0.29358	0.35815	0.71762	0.44024	0.32862	0.33679	0.06206	0.50067	0.4436	0.58468	0.44377	0.32274	0.50961	0.53949	0.47163	0.43232	0.41583	0.59304	0.61976	0.65986	0.48793	0.62404	0.51373	0.58002	0.52532	0.65365	0.64989	0.58402	0.19732	0.61341	0.50525	0.69391	0.27913	0.21085	0.63269	0.60294	0.49996	0.36926	0.18812	0.63818	0.31276	0.53766	0.28295	0.61422	0.5085	0.40129	0.37878	0.29004	0.50269	0.85261	0.29836	0.36114	0.80933	0.57677	0.37778	0.38458	0.81121	0.41376	0.31252	0.19226	0.3462	0.43815	0.45586	0.30672	0.55342	0.23399	0.39101	0.16763	0.71594	0.32123	0.48718	0.28808	0.63127	0.39133	0.67677	0.40351	0.51564	0.17249	0.47654	0.18593	0.35354	0.55194	0.81121	0.26172	0.50644	0.44381	0.38738	0.52655	1.0	0.57566	0.31466	0.34016	0.51342	0.35721	0.60715	0.5073	0.71334	0.6851	0.55496	0.66006	0.57149	0.60743	0.554	0.41763	0.48926	0.50484	0.67134	0.68048	0.49828	0.50726	0.62112	0.53643	0.34669	0.3949	0.24041	0.56637
shrimp	0.55802	0.43769	0.45356	0.34083	0.58327	0.61854	0.66448	0.24714	0.58448	0.80647	0.45366	0.39178	0.62741	0.32053	0.51893	0.46372	0.35936	0.12296	0.51734	0.45868	0.57811	0.84674	0.35222	0.6175	0.90874	0.65066	0.83246	0.25393	0.48763	0.65706	0.59616	0.28274	0.45635	0.70052	0.69859	0.7245	0.75181	0.64352	0.55222	0.65011	0.76818	0.75622	0.63977	0.7929	0.83419	0.46166	0.62892	0.75746	0.42203	0.6771	0.27532	0.77676	0.45953	0.9249	0.492	0.52746	0.63979	0.60751	0.41592	0.57326	0.68377	0.81939	0.18842	0.43841	0.49018	0.40702	0.40273	0.30972	0.53917	0.69776	0.81146	0.35915	0.6701	0.50898	0.27649	0.23031	0.80312	0.48915	0.34219	0.39468	0.56753	0.6357	0.11364	0.54015	0.33482	0.52065	0.28496	0.47112	0.4984	0.56524	0.23047	0.23968	0.19349	0.68796	0.4232	0.47062	0.70096	0.57157	0.68539	0.55816	0.79937	0.43471	1.0	0.6552	0.33438	0.60415	0.65171	0.53363	0.72176	0.49878	0.36786	0.36865	0.3562	0.17016	0.61177	0.81758	0.51906	0.27879	0.63461	0.44877	0.56558	0.12486	0.32816	0.75863	0.68639	0.43204	0.58656	0.24918	0.37867	0.64249	0.56504	0.26548	0.22556	0.43551	0.70017	0.40287	0.32585	0.26026	0.40687	0.78836	0.60759	0.33094	0.51843	0.57484	0.85833	0.12878	0.46078	0.34636	0.3533	0.43447	0.0	0.20018	0.3333	0.53783	0.59279	0.61437	0.34159	0.60989	0.68542	0.54736	0.57798	0.63673	0.45938	0.59625	1.0	0.32945	0.67489	0.68182	0.12351	0.59203	0.4386	0.60683	0.53093	0.47275	0.14846	0.53287	0.21625	0.4827	0.60248	0.36755	0.64937	0.50554	0.60933	0.28642	0.73863	0.67937	0.42559	0.32582	0.41854	0.47671	0.53062	0.30121	0.54433	0.49596	0.22451	0.46825	0.4343	0.58873	0.39379	0.54918	0.29298	0.6288	0.28695	0.69872	0.42792	0.50956	0.49839	0.27653	0.28801	0.46456	0.79413	0.1294	0.42152	0.45847	0.50654	0.22239	0.37127	0.64248	0.69225	0.45389	0.42599	0.17888	0.33755	0.46284	0.48211	0.33396	0.50241	0.22162	0.37709	0.46713	0.2455	0.33271	0.72532	0.52723	0.34584	0.33639	0.74771	0.57795	0.45571	0.2366	0.35184	0.54719	0.40469	0.54471	0.34632	0.50749	0.27522	0.26602	0.50556	0.73562	0.42314	0.25422	0.35049	0.6452	0.46064	0.56877	0.50651	0.38359	0.34313	0.53708	0.48464	0.55113	0.39892	0.56507	0.35277	0.38271	0.36032	0.27587	0.46901	0.3527	0.40963	0.73666	0.4703	0.23804	0.42231	0.80306	0.39962	0.69726	0.58118	0.80737	0.3145	0.42904	0.77742	0.31474	0.17451	0.58881	0.40061	0.24775	0.62304	0.59245	0.42582	0.52336	0.90584	0.56885	0.70088	0.79968	0.25269	0.33277	0.52202	0.47846	0.5798	0.69883	0.36043	0.64433	0.26217	0.59729	0.30069	0.59792	0.52972	0.51152	0.3187	0.29152	0.28199	0.3964	0.24072	0.17317	0.57436	0.41664	0.77608	0.75748	0.09146	0.42082	0.53743	0.75821	0.48016	0.5399	0.58114	0.43677	0.56061	0.55025	0.66729	0.4695	0.3946	0.78167	0.29021	0.43257	0.45866	0.33955	0.43975	0.30481	0.47469	0.24395	0.41036	0.07533	0.80483	0.659	0.62668	0.64306	0.43097	0.39801	0.40751	0.56186	0.64533	0.54392	0.46042	0.6565	0.6365	0.77821	0.45177	0.65738	0.67334	0.42552	0.64156	0.65906	0.49464	0.38185	0.31778	0.72916	0.5955	0.68675	0.18036	0.47281	0.6332	0.32324	0.50869	0.4477	0.7336	0.43123	0.51155	0.66556	0.12397	0.57313	0.86022	0.47766	0.50794	0.21875	0.78565	0.65655	0.34891	0.43162	0.87701	0.63758	0.53744	0.72322	0.64389	0.67447	0.56762	0.30295	0.29395	0.42336
sidewinder	0.81285	0.36358	0.80274	0.79043	0.53385	0.55592	0.62867	0.38453	0.64023	0.49897	0.35479	0.25446	0.66452	0.48689	0.5857	0.6665	0.08379	0.64579	0.46099	0.69612	0.40098	0.6542	0.45589	0.57271	0.57031	0.85683	0.35481	0.38021	0.48255	0.68142	0.44131	0.49803	0.18261	0.46138	0.41126	0.48057	0.14678	0.58343	0.59227	0.52192	0.49898	0.70287	0.81462	0.46887	0.34555	0.47516	0.48786	0.40793	0.71623	0.02895	0.32084	0.55421	0.58168	0.53299	0.62039	0.41751	0.38787	0.57296	0.60853	0.79216	0.62195	0.61704	0.0	0.54992	0.41711	0.09396	0.4262	0.25323	0.49492	0.65462	0.39119	0.53209	0.28169	0.58894	0.21449	0.4728	0.59647	0.39809	0.26397	0.53442	0.47467	0.66371	0.65512	0.26993	0.32438	0.70733	0.36644	0.56102	0.8317	0.12799	0.43048	1.0	0.64423	0.64727	0.05074	0.25301	0.39542	0.57959	0.66256	0.47026	0.62591	0.58518	0.83691	0.59626	0.52062	0.45333	0.28446	0.23761	0.75031	0.61679	0.36547	0.36968	0.63689	0.5234	0.28538	0.75856	0.16908	0.40802	0.6994	0.87977	0.79609	0.54526	0.45096	0.97841	0.61532	0.50321	0.87748	0.38109	0.45611	0.82204	0.25888	0.53473	0.21104	0.50613	0.23435	0.27708	0.70035	0.40608	0.22829	0.45812	0.40588	0.54349	0.51725	0.99407	0.40636	0.36158	0.65886	0.40759	0.55281	0.57413	0.68612	0.42856	0.37796	0.46846	0.68352	0.6088	0.34765	0.35165	0.59506	0.43971	0.38537	0.63703	0.81128	0.29089	0.38552	0.28378	0.46114	0.74426	0.58672	0.46018	0.58175	0.64946	0.5912	0.42341	0.22988	0.70856	0.50905	0.61999	0.45798	0.50547	0.64658	0.312	0.36381	0.41072	0.47614	0.45242	0.46445	0.21992	0.27116	0.44469	0.38186	0.32227	0.21243	0.33013	0.28536	0.35361	0.27372	0.44996	0.39569	0.44059	0.37584	0.73123	0.78092	0.64029	0.57118	0.56472	0.36999	0.15626	0.61488	0.5269	0.71269	0.31746	0.6195	0.32641	0.73204	0.53411	0.35222	0.37218	0.68778	0.68094	0.46019	0.63171	0.73815	0.66167	0.41501	0.45124	0.72158	0.55932	0.59977	0.38103	0.35497	0.6808	0.48924	0.15669	0.37192	0.65188	0.51561	0.49127	0.59817	0.5313	0.41862	0.53584	0.4295	0.39089	0.45383	0.99746	0.48444	0.09464	0.55867	0.7167	0.39319	0.49868	0.46931	0.78617	0.34021	0.39148	0.66953	0.77673	0.39858	0.52459	0.82361	0.62966	0.56775	0.73766	0.39243	0.64705	0.64421	0.48183	0.48255	0.32487	0.66026	0.70185	0.22459	0.52301	0.50809	0.40172	0.60472	0.29428	0.45666	0.59605	0.32074	0.45945	0.59678	0.61738	0.32591	0.8721	0.4694	0.68945	0.68049	0.47387	0.76675	0.44572	0.36835	0.64664	0.74064	0.69717	0.42262	0.46645	0.66853	0.53129	0.25689	0.65395	0.22605	0.65671	0.34082	0.38604	0.60715	0.36066	0.41838	0.52631	0.60238	0.41867	0.40324	0.40853	0.25807	0.58874	0.59913	0.50081	0.33679	0.58748	0.5164	0.6336	0.19718	0.65829	0.41212	0.4943	0.51464	0.41456	0.40766	0.51807	0.27796	0.42374	0.10693	0.73886	0.2907	0.6123	0.56826	0.59171	0.42959	0.47398	0.7303	0.49548	0.48224	0.43249	0.29985	0.48278	0.36376	0.69119	0.61534	0.43505	0.55322	0.49558	0.28833	0.75174	0.46619	0.8615	0.6372	0.61061	0.70438	0.67545	0.55669	0.45883	0.28897	0.46635	0.42897	0.36454	0.50852	0.58593	0.85191	0.4736	0.35566	0.3853	0.53622	0.47072	0.15578	0.58473	0.35746	0.80371	0.319	0.74207	0.30945	0.45801	0.50363	0.41729	0.33446	0.72487	0.50375	0.31014	0.24371	0.57378	0.69928	0.13402	0.42344	0.37274	0.67635	0.51163	0.17556	0.08092	0.35347	0.15141
silkworm	0.45669	0.5681	0.65042	0.93207	0.66897	0.42122	0.48037	0.47461	0.66843	0.66283	0.65074	0.68799	0.40846	0.69737	0.64645	0.25224	0.58133	0.57084	0.2709	0.19727	0.37868	0.77913	0.28948	0.30673	0.50347	0.60146	0.27932	0.51861	0.4535	0.27125	0.39117	0.49854	0.66172	0.39967	0.66408	0.75823	0.43916	0.53796	0.23878	0.33922	0.63551	0.32045	0.6457	0.05075	0.58779	0.68147	0.70365	0.63536	0.40143	0.50219	0.22626	0.54734	0.50415	0.80887	0.41176	0.48495	0.15522	0.6198	0.22356	0.34803	0.64813	0.41595	0.56426	0.6919	0.38832	0.44019	0.44073	0.38351	0.28931	0.26035	0.63867	0.30725	0.48229	0.58517	0.13262	0.39433	0.91943	0.62373	0.20291	0.57023	0.33994	0.59458	0.55058	0.44553	0.14317	0.5702	0.74107	0.50801	0.5344	0.57207	0.69393	0.21052	0.74764	0.64348	0.76233	0.52481	0.37122	0.58385	0.68388	0.52005	0.45247	0.34349	0.45361	0.45588	0.33379	0.43339	0.44341	0.43947	0.47739	0.32888	0.74958	0.24766	0.16147	0.5117	0.45761	0.39124	0.62746	0.3536	0.39545	0.4598	0.73181	0.39889	0.49865	0.46617	0.52628	0.8174	0.79376	0.58798	0.74545	0.49362	0.3102	0.59758	0.50294	0.27812	0.2058	0.6365	0.60574	0.50342	0.74544	0.52933	0.25842	0.39448	0.64036	0.50939	0.68359	0.34897	0.4193	0.47307	0.71897	0.61977	0.62519	0.82633	0.08918	0.45978	0.4086	0.32446	0.4926	0.45972	0.49624	0.31746	0.6321	0.57405	0.28258	0.3987	0.28768	0.23833	0.55438	0.48309	0.48733	0.59006	0.19119	0.13581	0.56676	0.68035	0.58079	0.68509	0.2376	0.48181	0.3208	0.34717	0.68393	0.49936	0.72268	0.58723	0.82435	0.28307	0.36579	0.75023	0.433	0.39191	0.28975	0.54498	0.33892	0.37095	0.40111	0.39216	0.63316	0.79413	0.29339	0.50534	0.512	0.46381	0.74362	1.0	0.82461	0.71674	0.38772	0.62777	0.68812	0.7766	0.70031	0.40376	0.45473	0.71575	0.44053	0.48856	0.48835	0.79791	0.49485	0.32462	0.80907	0.43176	0.23367	0.62654	0.42317	0.25178	0.40587	0.36646	0.32159	0.40376	0.56668	0.32888	0.63538	0.39419	0.11044	0.27139	0.429	0.65229	0.73899	0.37156	0.57996	0.64427	0.68257	0.33548	0.69113	0.91686	0.54309	0.24032	0.27975	0.69211	0.44938	0.51684	0.36428	0.40448	0.65498	0.71016	0.32405	0.49351	0.24571	0.54478	0.67108	0.30594	0.33309	0.422	0.72977	0.43713	0.70737	0.23776	0.36079	0.65638	0.79077	0.82529	0.64593	0.46232	0.64491	0.63668	0.49226	0.32832	0.52567	0.24073	0.65392	0.8661	0.89969	0.6181	0.63136	0.29525	0.62065	0.29227	0.49844	0.60175	0.42329	0.4434	0.56083	0.80045	0.66337	0.56217	0.19183	0.44929	1.0	0.48448	0.55186	0.55025	0.46473	0.6374	0.29568	0.47769	0.82964	0.42977	0.34145	0.40877	0.19566	0.39114	0.61984	0.66433	0.71633	0.51306	0.49471	0.29799	0.71931	0.15733	0.32386	0.45348	0.59189	0.50604	0.5562	0.33064	0.54738	0.47751	0.58024	0.55237	0.63703	0.29557	0.62078	0.40234	0.45077	0.49019	0.52896	0.59916	0.66997	0.43646	0.45538	0.56763	0.53561	0.44136	0.6288	0.30426	0.78049	0.51609	0.07427	0.56808	0.44292	0.60131	0.52229	0.67451	0.39369	0.57744	0.59069	0.24748	0.77844	0.58842	0.0	0.35894	0.56462	0.36961	0.10253	0.57089	0.35218	0.35469	0.27482	0.6936	0.4424	0.39197	0.58944	0.58574	0.41216	0.46703	0.50614	0.41181	0.67551	0.31822	0.21509	0.50844	0.55841	0.52636	0.29744	0.55348	0.58645	0.19783	0.1068	0.60634	0.59673	0.23094	0.62633	0.70908	0.72156	0.77173	0.51387	0.45421	0.46959	0.10207
skunk	0.49866	0.44567	0.46572	0.50599	0.50038	0.69145	0.95024	0.45597	0.55227	0.58386	0.62293	0.58782	0.60411	0.58434	0.40557	0.53632	0.2611	0.55087	0.21337	0.3735	0.40735	0.52523	0.23724	0.45472	0.41324	0.59448	0.53551	0.59218	0.39275	0.76931	0.61951	0.44159	0.70771	0.57313	0.56093	0.41233	0.46519	0.48852	0.45244	0.38497	0.549	0.55006	0.60894	0.61651	0.48982	0.5777	0.37978	0.4607	0.58162	0.12868	0.55784	0.4225	0.4724	0.97396	0.44418	0.34738	0.23022	0.62276	0.5914	0.79878	0.68	0.77759	0.31432	0.40018	0.76734	0.34004	0.58488	0.39084	0.3077	0.58003	0.65305	0.62333	0.41141	0.67212	0.34613	0.7809	0.28547	0.29133	0.59406	0.34718	0.58666	0.38278	0.26344	0.28322	0.48382	0.22332	0.43544	0.27666	0.72245	0.52027	0.37238	0.5145	0.40698	0.60374	0.23425	0.25196	0.40283	0.71138	0.70888	0.37658	0.71879	0.68849	0.63032	0.4832	0.80247	0.44897	0.54145	0.33098	0.54266	1.0	0.6646	0.37539	0.51803	0.56832	0.43998	0.55273	0.31277	0.67069	0.51038	0.59537	0.44621	0.52084	0.21393	0.70184	0.50325	0.78075	0.45731	0.2687	0.51751	0.5925	0.64741	0.37614	0.66675	0.48199	0.56314	0.69666	0.44961	0.4237	0.66211	0.72069	0.54922	0.37344	0.62771	0.40431	0.27406	0.33645	0.42565	0.57475	0.34428	0.33307	0.31453	0.29883	0.6448	0.45478	0.24005	0.49895	0.69579	0.68345	0.92348	0.65447	0.12934	0.7924	0.72638	0.49536	0.08113	0.31385	0.82856	0.71768	0.5105	0.51365	0.36881	0.37456	0.21408	0.50471	0.68424	0.37344	0.43012	0.498	0.52087	0.46084	0.63917	0.13674	0.50562	0.44044	0.43407	0.54616	0.43839	0.18703	0.7561	0.68199	0.56723	0.16642	0.37655	0.37681	0.73747	0.4304	0.39836	0.42217	0.10589	0.45799	0.23573	0.53306	0.80151	0.60072	0.31839	0.39197	0.67116	0.32829	0.46792	0.48341	0.56173	0.17662	0.59329	0.44913	0.72107	0.4348	0.52976	0.41363	0.47115	0.3569	0.32871	0.56685	0.39891	0.4207	0.0	0.56339	0.64751	0.50888	0.85701	0.42723	0.20713	0.47809	0.49774	0.27653	1.0	0.49574	0.82376	0.44614	0.4108	0.26292	0.80709	0.27096	0.38323	0.67975	0.56557	0.10547	0.74159	0.39516	0.34827	0.50653	0.55713	0.49687	0.37493	0.55726	0.47294	0.25289	0.39139	0.50477	0.69348	0.52526	0.89304	0.55671	0.45463	0.17271	0.3282	0.50852	0.20321	0.65418	0.55314	0.44769	0.4284	0.48029	0.33623	0.39872	0.6076	0.23659	0.28998	0.75766	0.0	0.62816	0.96086	0.22529	0.49779	0.50359	0.30821	0.40456	0.66193	0.44629	0.57021	0.51676	0.44638	0.75981	0.54448	0.30777	0.60619	0.36886	0.6699	0.48952	0.64193	0.65261	0.39567	0.87576	0.63486	0.65707	0.45927	0.47075	0.52911	0.43811	0.58112	0.5893	0.21548	0.52545	0.53242	0.77055	0.31942	0.50991	0.48964	0.07002	0.23229	0.69038	0.30961	0.5818	0.55036	0.78862	0.39909	0.51134	0.56369	0.37042	0.42244	0.50779	0.48473	0.61542	0.63277	0.81058	0.72162	0.44967	0.70305	0.33407	0.66829	0.58751	0.26255	0.50602	0.84243	0.56617	0.42005	0.51565	0.69383	0.41697	0.6008	0.59538	0.25093	0.41268	0.35912	0.34015	0.47394	0.23779	0.33172	0.64617	0.37435	0.94453	0.24499	0.55901	0.88056	0.51994	0.58849	0.16263	0.52166	0.37303	0.42101	0.43713	0.30148	0.67778	0.40645	0.39974	0.52635	0.74242	0.64132	0.53603	0.62721	0.44516	0.3666	0.79132	0.76959	0.49568	0.44791	0.54589	0.80998	0.47597	0.39384	0.48015	0.52903	0.66121	0.45636	0.6302	0.75116	0.66133	0.63779	0.44126	0.27897	0.00062
sloth	0.22577	0.47815	0.73295	0.53922	0.51066	0.44228	0.74949	0.62219	0.4723	0.34647	0.87481	0.34382	0.77784	0.51571	0.3641	0.29092	0.45862	0.49993	0.29556	0.20541	0.27348	0.46645	0.50097	0.33598	0.8582	0.44633	0.22066	0.62575	0.4198	0.64722	0.50547	0.39538	0.52102	0.70839	0.7034	0.58196	0.31576	0.39051	0.45155	0.41832	0.57766	0.64552	0.56121	0.49346	0.16431	0.41665	0.38344	0.39255	0.3638	0.39478	0.10902	0.47201	0.24728	0.49204	0.41342	0.34665	0.67215	0.53847	0.33789	0.83665	0.35865	0.74454	0.57002	0.39135	0.71103	0.4506	0.1401	0.64781	0.40072	0.55386	0.63958	0.82182	0.42227	0.59174	0.45378	0.63911	0.39133	0.29496	0.93797	0.0	0.61941	0.64863	0.67207	0.33636	0.39315	0.36598	0.36499	0.39995	0.48596	0.55421	0.09596	0.39062	0.76705	0.78063	0.41333	0.29983	0.56828	0.47333	0.5611	0.31889	0.48483	0.45637	0.65138	0.45152	0.71971	0.44344	0.43656	0.36053	0.40827	0.68389	0.80457	0.47493	0.71606	0.77929	0.93059	0.60276	0.19746	0.45834	0.22789	0.69837	0.36278	0.62471	0.54925	0.68297	0.40412	0.73814	0.78504	0.17415	0.42946	0.23723	0.79447	0.63454	0.64297	0.24445	0.65365	0.21733	0.74739	0.44616	0.61207	0.46418	0.59123	0.60818	0.40959	0.36463	0.72455	0.35377	0.6403	0.81035	0.4982	0.75113	0.57832	0.45697	0.57205	0.35099	0.58725	0.634	0.52108	0.45935	0.51805	0.41506	0.58369	0.28509	0.54277	0.28124	0.88582	0.68039	0.52618	0.5483	0.44875	0.58802	0.64638	0.50782	0.1164	0.64771	0.38607	0.56869	0.42982	0.5468	0.57152	0.31862	0.41476	0.09269	0.52688	0.40052	0.61499	0.36045	0.42765	0.18062	0.64469	0.55518	0.39319	0.14591	0.4758	0.43612	0.37363	0.55413	0.54466	0.64966	0.33616	0.48497	0.56675	0.56204	0.44818	0.62677	0.55236	0.49175	0.55802	0.55459	0.70326	0.43887	0.71495	0.31623	0.60885	0.71434	0.49787	0.36345	0.51067	0.72445	0.27393	0.54912	0.31632	0.41536	0.44584	0.72589	0.26299	0.55799	0.55858	0.45689	0.54355	0.6425	0.58508	0.68598	0.32531	0.85906	0.89502	0.33944	0.5154	0.41486	0.34599	0.40105	0.73498	0.28396	0.57873	0.2663	0.61818	0.52469	0.3144	0.45727	0.53749	0.63814	0.49109	0.7199	0.43274	0.7096	0.59645	0.47207	0.45403	0.54566	0.53993	0.46338	0.31113	0.22391	0.36817	0.22578	0.55593	0.42358	0.60885	0.4287	0.63257	0.65889	0.57067	0.21081	0.5985	0.51372	0.30112	0.39744	0.77011	0.53104	0.52555	0.54708	0.55131	0.45494	0.55481	0.38192	0.59964	0.28915	0.73923	0.76277	0.4302	0.17762	0.31459	0.74727	0.5743	0.61836	0.43705	0.52229	0.33372	0.41988	0.88632	0.48409	0.3523	0.75403	0.56584	0.57087	0.34964	0.35241	0.33594	0.41429	0.53794	0.57348	0.70406	0.93335	0.59227	0.74614	0.75475	0.62107	0.57381	0.31968	0.2065	0.47463	0.40825	0.17749	0.15517	0.86282	0.29753	0.46781	0.27126	0.49685	0.49399	0.2512	0.59641	0.60999	0.51547	0.54585	0.71786	0.60949	0.46638	0.51133	0.70717	0.40931	0.38344	0.40276	0.44246	0.3115	0.25557	0.44064	0.62131	0.31612	0.87644	0.31841	0.11176	0.68824	0.48214	0.49881	0.82172	0.49264	0.14221	0.7063	0.63906	0.21513	0.43482	0.48189	0.50652	0.50366	0.82149	0.49619	0.26739	0.35598	0.49897	0.57536	0.46393	0.44566	0.5759	0.43248	0.32536	0.48039	0.6356	0.5249	0.72854	0.46664	0.46942	0.53929	0.64391	0.73504	0.40122	0.63715	0.59548	0.72312	0.68271	0.52707	0.37664	0.72596	0.50302	0.4745	0.42734	0.50308	0.53813	0.30359	0.5026	0.29612
slug	0.39894	0.46322	0.65537	0.58489	0.74285	0.12433	0.43641	0.44086	0.79229	0.59184	0.47926	0.13781	0.68557	0.55886	0.536	0.88912	0.45796	0.45778	0.36814	0.38357	0.61837	0.69161	0.45252	0.60895	0.15188	0.65052	0.40958	0.3549	0.5641	0.40958	0.46653	0.65739	0.75733	0.51856	0.66498	0.75995	0.00404	0.65918	0.03558	0.51341	0.75885	0.33561	0.48963	0.41444	0.35243	0.52119	0.64524	0.67967	0.43433	0.38209	0.33837	0.28193	0.29444	0.5894	0.50061	0.30429	0.82319	0.34908	0.57904	0.68429	0.53299	0.0	0.73832	0.41188	0.70503	0.35884	0.37541	0.68847	0.49224	0.6551	0.62764	0.37593	0.2943	0.70037	0.18209	0.30706	0.60764	0.53886	0.52717	0.78031	0.37758	0.7002	0.42094	0.63395	0.42067	0.27029	0.69306	0.54468	0.73512	0.47806	0.66261	0.70819	0.50865	0.65014	0.19395	0.57586	0.22196	0.23038	0.43947	0.39079	0.42743	0.42401	0.49907	0.49183	0.48839	0.81864	0.52985	0.59647	0.71582	0.41385	0.50746	0.58153	0.56608	0.45685	0.56046	0.59191	0.60273	0.19471	0.51812	0.50326	0.5754	0.35759	0.40314	0.78155	0.44814	0.71431	0.41872	0.33775	0.5296	0.72131	0.47546	0.58585	0.31737	0.67447	0.49199	0.47578	0.6953	0.54465	0.78025	0.3203	0.84162	0.30764	0.65449	0.75077	0.62728	0.69766	0.34842	0.54603	0.67008	0.42242	0.79197	0.4692	0.07404	0.57507	0.5667	0.12053	0.26993	0.69017	0.36723	0.30552	0.67898	0.7067	0.34802	0.92877	0.46051	0.2331	0.65971	0.50225	0.34911	0.57443	0.49701	0.48105	0.04982	0.42757	0.79816	0.52456	0.16207	0.5674	0.42899	0.42016	0.29392	0.68908	0.65985	0.57618	0.39047	0.44802	0.57185	0.48246	0.71265	0.76576	0.43739	0.57906	0.2341	0.20307	0.52413	0.55549	0.37345	0.53391	0.62644	0.32043	0.55793	0.31781	0.63764	0.45985	0.827	0.59125	0.21452	0.40755	0.72647	0.50986	0.3289	0.34405	0.39016	0.2936	0.20668	0.56667	0.17029	0.77526	0.0	0.54345	0.53793	0.28272	0.42087	0.4344	0.61293	0.66459	0.57329	0.33174	0.77081	0.37248	0.55885	0.69456	0.28342	0.17399	0.59354	0.363	0.56668	0.55373	0.84755	0.60357	0.62186	0.45868	0.63352	0.27487	0.66658	0.55795	0.26649	0.27302	0.0	0.27545	0.30299	0.76675	0.34794	0.49499	0.30673	0.22119	0.43114	0.57968	0.29603	0.55099	0.43271	0.19456	0.5254	0.7853	0.1842	0.71724	0.24555	0.8011	0.56842	0.64681	0.44481	0.46643	0.39675	0.48342	0.57301	0.64227	0.37199	0.52608	0.15495	0.66651	0.47907	0.67259	0.57858	0.41543	0.47632	0.20673	0.79471	0.4686	0.4726	0.51646	0.76557	0.58001	0.86454	0.77627	0.563	0.49901	0.61139	0.60378	0.19507	0.19503	0.71348	0.58994	0.47128	0.44991	0.7177	0.41337	0.35627	0.59726	0.53675	0.52712	0.43808	0.35798	0.71088	0.73149	0.31424	0.52753	0.58026	0.36497	0.3823	0.70946	0.37775	0.36025	0.52719	0.38462	0.47533	0.81411	0.45747	0.38058	0.45916	0.4872	0.5812	0.57462	0.08109	0.50825	0.43584	0.78595	0.36826	0.21123	0.49411	0.40009	0.02816	0.5557	0.60211	0.46217	0.72314	0.76059	0.56337	0.51945	0.49633	0.40362	0.51239	0.36829	0.74018	0.74896	0.65542	0.84132	0.6839	0.37253	0.40825	0.69762	0.47417	0.20461	0.66419	0.28262	0.38719	0.32857	0.70438	0.18064	0.7421	0.6187	0.6244	0.45524	0.42069	0.30302	0.22986	0.58616	0.50899	0.16305	0.50723	0.52921	0.0959	0.53447	0.94559	0.67522	0.51366	0.80616	0.4946	0.70592	0.4945	0.38674	0.12663	0.42803	0.63561	0.5245	0.68643	0.51499	0.35361	0.69659	0.56577	0.57698
snail	0.07988	0.17357	0.72878	0.09039	0.34968	0.5039	0.59329	0.4627	0.49921	0.54619	0.69536	0.54628	0.58048	0.18907	0.36041	0.44832	0.58877	0.54069	0.3654	0.33847	0.16222	0.55663	0.56069	0.34275	0.50974	0.72534	0.68655	0.75565	0.31799	0.49153	0.7473	0.46189	0.60836	0.52649	0.69244	0.47139	0.29505	0.25984	0.44225	0.68545	0.73798	0.67154	0.46283	0.73142	0.45971	0.30823	0.65973	0.43492	0.69252	0.2342	0.28775	0.61566	0.35067	0.58069	0.32151	0.3109	0.42428	0.58575	0.31685	0.36866	0.48858	0.45722	0.94531	0.55769	0.62323	0.69187	0.54716	0.34076	0.49556	0.72369	0.38208	0.46271	0.16133	0.65075	0.30687	0.46992	0.55917	0.80061	0.44359	0.48013	0.42196	0.64506	0.48439	0.66666	0.50245	0.26372	0.52968	0.62581	0.75454	0.48203	0.41176	0.66077	0.52973	0.62643	0.48446	0.15778	0.57978	0.44434	0.30106	0.24456	0.0	0.50562	0.67252	0.42318	0.75383	0.50149	0.46605	0.49708	0.33	0.29515	0.31882	0.69587	0.71823	0.68967	0.65061	0.20203	0.62705	0.39501	0.48996	0.51407	0.3694	0.23989	0.33637	0.4484	0.57964	0.16606	0.21815	0.2532	0.46882	0.49731	0.65721	0.68275	0.54158	0.65432	0.45629	0.40095	0.42835	0.37132	0.83816	0.33887	0.55823	0.30763	0.22392	0.64816	0.39769	0.73079	0.22291	0.48038	0.5835	0.43589	0.67159	0.47127	0.20504	0.34698	0.52747	0.78047	0.65804	0.56798	0.55496	0.48074	0.2434	0.51472	0.59545	0.55777	0.93806	0.82466	0.51482	0.60897	0.61726	0.56729	0.4362	0.2893	0.50763	0.7353	0.45631	0.33884	0.54597	0.70315	0.57858	0.25998	0.51523	0.21261	0.60314	0.41148	0.67599	0.53641	0.304	0.46371	0.61869	0.62403	0.41099	0.34857	0.21886	0.12817	0.29963	0.23714	0.41489	0.7293	0.41305	0.73135	0.30122	0.56157	0.62872	0.80541	0.52053	0.31013	0.67727	0.21996	0.51695	0.46344	0.7427	0.75191	0.56879	0.77474	0.46772	0.33338	0.49095	0.45913	0.33201	0.60607	0.42967	0.3012	0.53765	0.85922	0.16571	0.14049	0.44295	0.45886	0.84895	0.38351	0.39566	0.55968	0.58143	0.31269	0.44221	0.39373	0.50916	0.47003	0.5732	0.98842	0.87207	0.27162	0.66164	0.72658	0.52451	0.35808	0.66102	0.53225	0.4895	0.41316	0.50166	0.44306	0.48507	0.75326	0.41816	0.20204	0.58944	0.40841	0.24127	0.6398	0.0327	0.74185	0.34104	0.65453	0.60691	0.37531	0.50175	0.62568	1.0	0.7065	0.40819	0.32014	0.45889	0.54668	0.42234	0.78804	0.5356	0.72022	0.58828	0.26489	1.0	0.65086	0.3912	0.32142	0.5603	0.35186	0.49144	0.45148	0.4061	0.46383	0.25604	0.48312	0.42815	0.52619	0.49002	0.55065	0.60625	0.4637	0.47435	0.36121	0.68438	0.53788	0.32569	0.57948	0.42601	0.37561	0.39104	0.60529	0.29303	0.74266	0.34846	0.68507	0.59129	0.68732	0.65726	0.51054	0.55652	0.4332	0.26022	0.21561	0.41997	0.30557	0.41249	0.58454	0.53479	0.3059	0.62063	0.4433	0.73476	0.33203	0.7252	0.69761	0.3484	0.47258	0.71716	0.64349	0.74226	0.38345	0.64492	0.05165	0.53188	0.52662	0.40244	0.50894	0.55901	0.61892	0.52522	0.72271	0.63309	0.26145	0.38968	0.43552	0.40786	0.40116	0.63828	0.40014	0.11619	0.52833	0.31561	0.72961	0.66622	0.54334	0.66564	0.52393	0.46351	0.73122	0.09537	0.30332	0.22086	0.61287	0.58019	0.54045	0.95495	0.5534	0.64583	0.43322	0.82638	0.82031	0.33232	0.46199	0.51036	0.6998	0.5755	0.54505	0.42387	0.65553	0.84703	0.63744	0.45447	0.40558	0.36743	0.46456	0.49793	0.53273	0.58193	0.60987	0.72499	0.46668	0.24319	0.54507
snake	0.3726	0.85368	0.35759	0.69559	0.67066	0.51947	0.49487	0.46398	0.60739	0.49472	0.60542	0.56692	0.51787	0.46233	0.62305	0.64033	0.86122	0.88366	0.23211	0.3763	0.29257	0.3738	0.23698	0.5412	0.47357	0.487	0.6	0.63109	0.59725	0.56279	0.32929	0.27778	0.57715	0.39514	0.43809	0.7145	0.53717	0.78755	0.66814	0.44367	0.55019	0.48608	0.36716	0.52446	0.35448	0.65714	0.8044	0.5014	0.41615	0.20337	0.24703	0.24292	0.22733	0.61469	0.5728	0.36934	0.36196	0.5485	0.51581	0.66049	0.58089	0.36454	0.4325	0.3025	0.36924	0.4292	0.27222	0.52884	0.29662	0.47867	1.0	0.15864	0.4954	0.26266	0.28012	0.55096	0.88178	0.26645	0.34416	0.56441	0.38995	0.44069	0.55527	0.69848	0.52329	0.4564	0.4988	0.58727	0.79724	0.48723	0.69201	0.50043	0.64067	0.84175	0.50341	0.6638	0.13691	0.10494	0.58848	0.80155	0.25685	0.31393	0.10216	0.51433	0.28621	0.39719	0.57706	0.40065	0.82948	0.53478	0.50258	0.72073	0.31127	0.61949	0.37825	0.38666	0.7625	0.3417	0.2413	0.56156	0.14587	0.28024	0.20893	0.3032	0.42395	0.64079	0.57315	0.74876	0.73089	0.42803	0.31565	0.64234	0.21288	0.57262	0.36162	0.62905	0.84261	0.53865	0.90212	0.6195	0.46996	0.75864	0.60267	0.56227	0.47709	0.43416	0.44722	0.43629	0.56431	0.29183	0.40619	0.60392	0.3631	0.16346	0.30773	0.24162	0.23055	0.36624	0.29813	0.3988	0.59434	0.33302	0.19609	0.47479	0.28143	0.64829	0.72761	0.50495	0.52733	0.52487	0.57292	0.28522	0.33162	0.63679	0.63964	0.50726	0.04749	0.53208	0.37282	0.61882	0.35391	0.73546	0.65894	0.63385	0.48145	0.13335	0.35799	0.27789	0.29796	0.35812	0.53504	0.15373	0.44998	0.60285	0.3378	0.43254	0.48868	0.58333	0.65054	0.45739	0.48316	0.40864	0.69801	0.46343	0.65155	0.73485	0.22283	0.71675	0.58012	0.82058	0.49977	0.34644	0.74615	0.45391	0.48268	0.40547	0.51417	0.51878	0.57572	0.11124	0.93875	0.46281	0.45015	0.71444	0.57991	0.26856	0.65054	0.30203	0.59187	0.33371	0.86624	0.47049	0.6222	0.10092	0.48987	0.40802	0.45277	0.73838	0.94741	0.66052	0.34229	0.68238	0.79865	0.37417	0.53441	0.92989	0.50015	0.19886	0.21249	0.91363	0.56172	0.35849	0.32519	0.50182	0.76643	0.49007	0.10047	0.43399	0.03352	0.37707	0.81075	0.27019	0.55313	0.60635	0.33266	0.81491	0.48306	0.66246	0.74417	0.7491	0.68485	0.65039	0.48472	0.51386	0.36017	0.89709	0.58317	0.53056	0.80786	0.39871	0.29146	0.52103	0.65015	0.68837	0.34975	0.61703	0.63227	0.37919	0.50064	0.65515	0.60967	0.33527	0.54727	0.46606	0.56502	0.49412	0.43437	0.79378	0.68556	0.41001	0.79875	0.6649	0.40281	0.60131	0.69035	0.40925	0.54169	0.18221	0.36186	0.39169	0.0373	0.40673	0.73136	0.54849	0.29605	0.73101	0.77501	0.49102	0.8716	0.6153	0.56528	0.51015	0.62452	0.27333	0.60352	0.81053	0.62399	0.33136	0.62691	0.58806	0.53875	0.45864	0.35165	0.48249	0.37915	0.54214	0.59963	0.54278	0.6506	0.48576	0.48408	0.56163	0.68667	0.43015	0.56487	0.40438	0.1969	0.57606	0.17315	0.60552	0.50074	0.83542	0.5353	0.73743	0.60618	0.63983	0.41837	0.066	0.59554	0.29092	0.42252	0.35298	0.56188	0.59646	0.50294	0.19919	0.62645	0.19386	0.51761	0.51166	0.38029	0.37572	0.75721	0.41534	0.7617	0.67452	0.67726	0.15593	0.17446	0.4463	0.30967	0.2326	0.40265	0.5126	0.47892	0.70041	0.51029	0.35518	0.20273	0.53636	0.29148	0.16181	0.45792	0.68782	0.50194	0.55251	0.5776	0.49899	0.49986	0.4935
sparrow	0.37784	0.16439	0.38214	0.33409	0.59873	1.0	0.86413	0.66775	0.37204	0.50328	0.44496	0.76993	0.91679	0.31386	0.59387	0.40656	0.41133	0.22299	0.43316	0.25657	0.54076	0.54432	0.50345	0.47635	0.12793	0.8908	0.34103	0.0	0.33667	0.35408	0.50243	0.47614	0.54904	0.66606	0.62268	0.59452	0.48434	0.49502	0.41994	0.38287	0.84437	0.73335	0.4063	0.36653	0.49888	0.40438	0.52386	0.58331	0.22965	0.53798	0.21526	0.2638	0.34748	0.27607	0.35838	0.41267	0.60448	0.41568	0.43287	0.59541	0.72297	0.58046	0.57899	0.38965	0.59113	0.54103	0.56316	0.47004	0.80919	0.61637	0.7342	0.68046	0.46418	0.60611	0.68334	0.44962	0.62845	0.95564	0.23562	0.45355	0.21141	0.59688	0.56294	0.56799	0.32125	0.70595	0.48249	0.3935	0.59566	0.38166	0.48445	0.30169	0.53066	0.55468	0.26496	0.3226	0.3762	0.35261	0.58256	0.47485	0.62069	0.56269	0.68335	0.26723	0.51573	0.54735	0.45922	0.63757	0.68516	0.61945	0.63978	0.78769	0.89518	0.21519	0.74037	0.37548	0.4338	0.39364	0.5824	0.611	0.50425	0.44412	0.28171	0.70044	0.45672	0.71002	0.62793	0.11858	0.47932	0.75759	0.42878	0.69936	0.2711	0.43043	0.61188	0.14485	0.3529	0.50045	0.766	0.36181	0.6312	0.80109	0.6484	0.50211	0.53768	0.36895	0.16472	0.6163	0.50951	0.5165	0.53121	0.51258	0.54635	0.57919	0.37488	0.42008	0.53847	0.34529	0.45597	0.3815	0.51705	0.62375	0.39772	0.42827	0.45419	0.37699	0.4601	0.61561	0.48199	0.47775	0.53492	0.68027	0.49448	0.91025	0.48187	0.24218	0.30971	0.49211	0.63862	0.319	0.36273	0.1916	0.93347	0.5248	0.62942	0.43868	0.14175	0.76674	0.49357	0.58432	0.31737	0.28755	0.3544	0.387	0.4088	0.50659	0.77633	1.0	0.34337	0.47707	0.25905	0.74925	0.63603	0.99069	0.52608	0.71044	0.63125	0.45365	0.74811	0.33506	0.67421	0.38595	0.37545	0.37222	0.35001	0.28617	0.50302	0.71478	0.36444	0.41624	0.51043	0.33549	0.44124	0.68155	0.55522	0.72974	0.3672	0.27188	0.55213	0.58692	0.27235	0.31675	0.60124	0.77833	0.63325	0.60465	0.31514	0.52452	0.61919	0.76521	0.75705	0.33747	0.37422	0.59265	0.80057	0.42189	0.46433	0.23251	0.506	0.80109	0.34234	0.58193	0.64971	0.87159	0.832	0.63221	0.5935	0.33278	0.19111	0.36012	0.0	0.34423	0.54951	0.45261	0.62499	0.24435	0.48963	0.63393	0.47769	0.5821	0.338	0.545	0.476	0.48587	0.48002	0.46512	0.29254	0.79593	0.54477	0.70267	0.49309	0.40406	0.59458	0.48205	0.78987	0.27411	0.36347	0.56289	0.33745	0.33787	0.41817	0.46883	0.53654	0.50849	0.80335	0.39181	0.19877	0.58937	0.68635	0.48734	0.48915	0.61363	0.43548	0.40954	0.38672	0.39374	0.5109	0.30014	0.11392	0.7388	0.27553	0.44053	0.73056	0.66831	0.7746	0.40953	0.45189	0.28281	0.60679	0.33643	0.64291	0.63714	0.22218	0.39072	0.38988	0.16326	0.63362	0.50217	0.66533	0.68057	0.32247	0.70158	0.38484	0.25653	0.50299	0.72791	0.57427	0.25163	0.36744	0.39572	0.38129	0.40138	0.367	0.44241	0.6205	0.41987	0.56986	0.51289	0.47141	0.61364	0.48042	0.37691	0.77089	0.57666	0.62529	0.55042	0.3842	0.6348	0.4317	0.77125	0.76783	0.42817	0.66186	0.55604	0.51925	0.41246	0.13607	0.51609	0.39337	0.69633	0.03897	0.31932	0.51515	0.54045	0.45472	0.36377	0.67305	0.46809	0.59372	0.48688	0.3916	0.2952	0.78164	0.38008	0.50699	0.76163	0.42624	0.57608	0.40494	0.42027	0.61147	0.28897	0.55735	0.46706	0.49364	0.60013	0.59269	0.33082	0.36077	0.31579
sperm_whale	0.39524	0.49657	0.75285	0.55645	0.58069	0.68426	0.8707	0.51514	0.63205	0.57931	0.73483	0.56067	0.86116	0.45164	0.38044	0.45302	0.44229	0.3722	0.61589	0.46327	0.13839	0.40046	0.5598	0.30274	0.38568	0.60007	0.4772	0.26501	0.61476	0.62655	0.27414	0.30921	0.66791	0.59658	0.56534	0.37393	0.59259	0.52592	0.42731	0.4578	0.58808	0.51798	0.51314	0.30028	0.0	0.0	0.53365	0.34817	0.5237	0.50005	0.41985	0.5704	0.29758	0.48592	0.65106	0.49832	0.71735	0.4909	0.424	0.67099	0.64568	0.92498	0.37796	0.85822	0.69778	0.52051	0.58919	0.62763	0.55052	0.66245	0.61479	0.52449	0.50747	0.81508	0.57146	0.31007	0.4891	0.52538	0.67809	0.67503	0.39927	0.34362	0.48882	0.46482	0.34048	0.17248	0.68695	0.63534	0.60419	0.43107	0.35312	0.45165	0.37197	0.58417	0.26634	0.69199	0.20998	0.53168	0.35421	0.32786	0.4696	0.6418	0.57493	0.3616	0.53822	0.44101	0.13413	0.57762	0.42436	0.5547	0.442	0.65187	0.69571	0.66227	0.78146	0.45401	0.41708	0.93094	0.49924	0.48958	0.28217	0.28127	0.60266	0.79689	0.13417	0.63541	0.43669	0.52746	0.42895	0.47337	0.75458	0.48294	0.25653	0.56343	0.71634	0.42129	0.32049	0.30931	0.50145	0.55843	0.72193	0.16667	0.72935	0.40635	0.47696	0.42306	0.46396	0.66203	0.49791	0.27297	0.46718	0.53879	0.70201	0.27871	0.66503	0.74694	0.5637	0.31883	0.5529	0.88612	0.40823	0.47715	0.67024	0.45277	0.45964	0.46705	0.74512	0.78438	0.56828	0.30962	0.60656	0.47304	0.3033	0.67541	0.52178	0.36413	0.45516	0.35758	0.65399	0.4912	0.5846	0.05045	0.72403	0.48969	0.51485	0.41257	0.28669	0.20079	0.38967	0.63076	0.6168	0.11324	0.3142	0.37639	0.28761	0.48707	0.30567	0.2902	0.39611	0.49615	0.52092	0.71532	0.32606	0.46651	0.61074	0.83732	0.74718	0.68786	0.52223	0.26651	0.67716	0.19601	0.59054	0.41261	0.7884	0.2391	0.44217	0.40585	0.4066	0.49975	0.09451	0.19512	0.68192	0.51257	0.36217	0.60679	0.51582	0.46306	0.58873	0.52663	0.51059	0.6103	0.50891	0.53537	0.85442	0.3473	0.51727	0.58376	0.1746	0.34178	0.78322	0.29442	0.72469	0.55362	0.56219	0.49481	0.63528	0.2807	0.45787	0.46967	0.26948	0.59916	0.49379	0.73122	0.20698	0.39297	0.42769	0.8219	0.28883	0.44781	0.5651	0.39461	0.54254	0.12889	0.37399	0.55925	0.25494	0.7177	0.84295	0.76564	0.37807	0.38343	0.69235	0.43215	0.31223	0.28811	0.63188	0.66047	0.30694	0.58556	0.40589	0.29117	0.75515	0.46125	0.4417	0.30144	0.72384	0.71274	0.36531	0.49643	0.27902	0.46019	0.36025	0.35957	0.56116	0.66919	0.52046	0.34872	0.77845	0.47479	0.30575	0.70863	0.51013	0.19931	0.66647	0.40636	0.32347	0.55265	0.58813	0.54688	0.56685	0.66609	0.67893	0.53696	0.49602	0.6714	0.39723	0.27997	0.26907	0.5937	0.45108	0.39004	0.10724	0.52479	0.4747	0.48167	0.62533	0.59264	0.33794	0.28473	0.81138	0.73236	0.58783	0.71354	0.67355	0.45736	0.28734	0.60952	0.46797	0.41135	0.78283	0.65762	0.63477	0.65739	0.55238	0.57183	0.32056	0.37741	0.66323	0.58482	0.38928	0.32659	0.73642	0.55208	0.64197	0.33125	0.21024	0.64831	0.60853	0.48307	0.32325	0.50051	0.74017	0.4432	0.42226	0.51328	0.69196	0.30417	0.38806	0.6064	0.36899	0.38951	0.66939	0.56565	0.45181	0.56643	0.6728	0.46148	0.60843	0.22913	0.57619	0.77095	0.86747	0.7754	0.40699	0.48181	0.72655	0.61357	0.50468	0.15108	0.46663	0.54798	0.25102	0.41261	0.41723	0.3892	0.4509	0.28756	0.44484	0.4153
spider	0.18864	0.11849	0.47315	0.43874	0.72501	0.50006	0.65058	0.49859	0.55564	0.53606	0.5137	0.68914	0.7908	0.68664	0.26405	0.33168	0.56939	0.53226	0.27854	0.41712	0.37761	0.54013	0.63872	0.43697	0.75758	0.40883	0.69148	0.57276	0.43999	0.47422	0.57851	0.52812	0.67004	0.53559	0.67005	0.48263	0.48598	0.38412	0.03054	0.48839	0.64921	0.65315	0.37264	0.72141	0.57766	0.34562	0.8445	0.789	0.80273	0.67253	0.38333	0.66814	0.13917	0.23332	0.60608	0.285	0.69777	0.43418	0.54836	0.52035	0.54311	0.71912	0.64078	0.66403	0.48587	0.63258	0.417	0.55451	0.59031	0.74667	0.38015	0.26834	0.34982	0.27571	0.39352	0.40657	0.72534	0.49674	0.28496	0.83677	0.52025	0.51281	0.31967	0.51457	0.69833	0.57887	0.4827	0.43015	0.87586	0.74264	0.52429	0.28573	0.4944	0.5983	0.61868	0.23649	0.36439	0.71064	0.61605	0.36683	0.41934	0.40855	0.9432	0.27953	0.57409	0.15212	0.64928	0.54049	0.57841	0.52785	0.45315	0.57591	0.39586	0.29296	0.72512	0.46069	0.65561	0.48519	0.38298	0.42523	0.56359	0.23671	0.526	0.46073	0.55924	0.0	0.66753	0.43892	0.7593	0.63157	0.55844	0.47908	0.31756	0.43279	0.76471	0.3844	0.43328	0.27777	0.6172	0.55916	0.23519	0.15642	0.69696	0.1831	0.67149	0.42092	0.44621	0.33516	0.39275	0.44802	0.58034	0.40804	0.47184	0.22726	0.2606	0.35869	0.2491	0.80565	0.75567	0.4187	0.46707	0.0753	0.36622	0.38848	0.76259	0.34387	0.25609	0.63975	0.25005	0.3508	0.50172	0.73195	0.64156	0.58124	0.63244	0.77976	0.25048	0.71092	0.44704	0.41076	0.6004	0.43231	0.53262	0.68788	0.29463	0.48192	0.2523	0.63604	0.78128	0.27574	0.34817	0.44385	0.53447	0.32534	0.5455	0.08024	0.82124	0.79393	0.28605	0.24092	0.55095	0.24531	0.43748	0.9267	0.63245	0.74848	0.52412	0.09547	0.49021	0.41218	0.70463	0.47938	0.43735	0.55982	0.28754	0.41266	0.27679	0.57137	0.51242	0.33952	0.76363	0.23151	0.46528	0.47178	0.60378	0.34285	0.45367	0.341	0.47268	0.38273	0.57558	0.68081	0.82888	0.43224	0.73151	0.43788	0.26584	0.72236	0.78902	0.64264	0.69184	0.7436	0.57734	0.0	0.71066	0.57255	0.16799	0.63399	0.71118	0.33927	0.0453	0.61111	0.53818	0.44493	0.40457	0.51122	0.51197	0.40892	0.33334	0.56316	0.19829	0.21767	0.42383	0.33699	0.71202	0.76258	0.41336	0.23669	0.62365	0.43152	0.72444	0.5061	0.50366	0.48478	0.53197	0.66305	0.41865	0.51585	0.70779	0.6247	0.40778	0.60535	0.33159	0.38961	0.35995	0.50889	0.43568	0.44322	0.57427	0.30678	0.73247	0.31997	0.63658	0.50935	0.52875	0.21025	0.38932	0.3929	0.71939	0.4273	0.70177	0.62258	0.16003	0.71803	0.51599	0.44178	0.5048	0.59563	0.24939	0.39972	0.15329	0.25749	0.651	0.60994	0.5496	0.65863	0.56114	0.23026	0.57717	0.42369	0.46159	0.40155	0.8296	0.66366	0.50238	0.0	0.54859	0.45817	0.38887	0.23376	0.80047	0.13752	0.58572	0.44918	0.65349	0.65345	0.19738	0.37847	0.53687	0.4249	0.19933	0.49968	0.54122	0.57223	0.98976	0.53051	0.53588	0.42524	0.70515	0.14846	0.71576	0.71754	0.53693	0.74817	0.56296	0.49187	0.69987	1.0	0.7843	0.58565	0.432	0.37188	0.77778	0.643	0.61174	0.4816	0.38195	0.54564	0.38485	0.68515	0.49862	0.6077	0.86012	0.62197	0.69948	0.22938	0.6918	0.307	0.22702	0.33925	0.38526	0.59469	0.69931	0.51217	0.13582	0.4147	0.45882	0.48998	0.33986	0.42268	0.71713	0.32225	0.56587	0.84926	0.47026	0.29295	0.54139	0.7703	0.27227	0.34666
squid	0.46095	0.592	0.19301	0.86436	0.674	0.42408	0.91783	0.2724	0.71248	0.65824	0.71	0.51594	0.6946	0.35661	0.22637	0.42289	0.35659	0.42833	0.30856	0.32749	0.64637	0.43517	0.59762	0.34121	0.58388	0.52669	0.64865	0.40031	0.34117	0.43015	0.49582	0.36685	0.69253	0.82769	0.9838	0.15045	0.50432	0.39606	0.1526	0.63828	0.44772	0.73565	0.33187	0.68014	0.56462	0.49718	0.66853	0.44356	0.3391	0.46301	0.35892	0.40717	0.62711	0.75176	0.62387	0.42993	0.75471	0.28051	0.57073	0.80102	0.4842	0.50651	0.97742	0.5144	0.61342	0.43043	0.39871	0.58704	0.68883	0.52644	0.34416	0.45572	0.18815	0.99061	0.4536	0.53805	0.81211	0.67069	0.61866	0.56039	0.44719	0.41798	0.53989	0.57824	0.44392	0.28546	0.70184	0.28774	0.51334	0.6749	0.43328	0.53221	0.53393	0.67649	0.63389	0.31289	0.36544	0.82276	0.62407	0.30277	0.29871	0.62992	0.53975	0.38132	0.94718	0.72633	0.25515	0.61052	0.31693	0.4546	0.6641	0.43847	0.38417	0.36434	0.5098	0.30862	1.0	0.32059	0.31459	0.72773	0.20667	0.77436	0.31805	0.37189	0.40303	0.78165	0.50156	0.57942	0.62105	0.50024	0.67696	0.3519	0.41293	0.65614	0.48489	0.30056	0.45294	0.47793	0.72329	0.68532	0.35307	0.26021	0.49299	0.59966	0.81714	0.22128	0.77235	0.48343	0.30147	0.45934	0.42192	0.62321	0.44636	0.32643	0.59898	0.45324	0.60401	0.33984	0.61328	0.47296	0.38202	0.22208	0.38725	0.46118	0.48511	0.40375	0.40183	0.45054	0.62983	0.53306	0.61032	0.70899	0.2678	0.50708	0.75595	0.38049	0.52454	0.38649	0.41368	0.46411	0.41174	0.42068	0.50581	0.21607	0.28581	0.18268	0.44534	0.2832	0.49945	0.72915	0.59849	0.40102	0.38061	0.24669	0.17635	0.0	0.50124	0.67388	0.30237	0.65869	0.56756	0.75571	0.36808	0.83766	0.24739	0.76066	0.80727	0.80235	0.87267	0.55892	0.37056	0.3863	0.58034	0.90961	0.65775	0.43578	0.84512	0.20731	0.3365	0.48398	0.52578	0.28012	0.36389	0.70539	0.28903	0.74346	0.35005	0.51939	0.46867	0.58891	0.51315	0.6509	0.41434	0.5857	0.51499	0.31621	0.63541	0.46779	0.51114	0.40471	0.71857	0.42234	0.61863	0.39004	0.57998	0.37333	0.42046	0.26131	0.56515	0.60741	0.48232	0.3364	0.56221	0.61024	0.33922	0.76619	0.67177	0.49889	0.75371	0.33599	0.41146	0.39094	0.38061	0.24115	0.55021	0.58534	0.40535	0.89788	0.63171	0.48293	0.7004	0.49036	0.39852	0.15771	0.42987	0.50104	0.65542	0.74966	0.44896	0.70204	0.10267	0.64067	0.43129	0.54733	0.51049	0.27738	0.58128	0.50605	0.45549	0.24542	0.41968	0.32264	0.54768	0.47773	0.66182	0.63505	0.39281	0.35698	0.8245	0.32825	0.63429	0.58783	0.66261	0.68185	0.48244	0.35328	0.3763	0.52024	0.32949	0.59224	0.84338	0.55227	0.45913	0.70992	0.76936	0.56562	0.56166	0.4101	0.34971	0.20669	0.61953	0.18991	0.40185	0.63947	0.38474	0.25669	0.44725	0.66156	0.51398	0.0	0.74162	0.58383	0.43418	0.65843	0.65626	0.53036	0.63626	0.77804	0.59704	0.21617	0.53636	0.31798	0.45046	0.33722	0.12193	0.48835	0.63301	0.0	0.53424	0.2197	0.21346	0.34564	0.51978	0.39093	0.65537	0.62115	0.47912	0.34805	0.33134	0.33688	0.47701	0.35746	0.34449	0.49627	0.4684	0.56054	0.23782	0.3757	0.54884	0.58311	0.40816	0.60511	0.56415	0.6374	0.56308	0.28582	0.67266	0.34212	0.12683	0.29873	0.26291	0.27168	0.50136	0.30224	0.44153	0.45161	0.8235	0.62451	0.88972	0.74238	0.487	0.3684	0.50588	0.45027	0.58974	0.68981	0.52116	0.61153	0.52423	0.82268
squirrel	0.44321	0.5502	0.21161	0.85366	0.50632	0.57196	0.6062	0.50612	0.58375	0.74735	0.54885	0.31163	0.60884	0.53471	0.23934	0.37949	0.51898	0.4665	0.29911	0.30719	0.67937	0.37994	0.47834	0.42115	0.41708	0.37271	0.604	0.7123	0.42053	0.47398	0.38965	0.56828	0.69206	0.67694	0.63268	0.19921	0.57543	0.35791	0.39266	0.50154	0.5801	0.72899	0.55432	0.61868	0.46384	0.17202	0.55293	0.49672	0.09483	0.36562	0.43697	0.594	0.17588	0.4764	0.40445	0.44171	0.70051	0.57677	0.68876	0.72497	0.57341	0.58123	0.59096	0.64487	0.53862	0.57571	0.39417	0.51487	0.53177	0.70162	0.39445	0.73346	0.02305	0.73521	0.47518	0.88438	0.51761	0.50561	0.58098	0.52647	0.39809	0.13151	0.51463	0.76603	0.43162	0.37994	0.52694	0.45456	0.59122	0.7351	0.52404	0.24507	0.49216	0.46449	0.43009	0.56794	0.37273	0.7517	0.35587	0.32324	0.31516	0.60563	0.70373	0.32176	0.28479	0.54931	0.44619	0.80585	0.38264	0.35631	0.50781	0.52384	0.91926	0.58193	0.73899	0.04062	0.7031	0.50026	0.50935	0.35313	0.4519	0.73128	0.67086	0.65531	0.24656	0.83395	0.35003	0.3905	0.53353	0.55055	0.53706	0.54833	0.6037	0.8605	0.5128	0.14567	0.52057	0.27498	0.65122	0.73029	0.58259	0.59286	0.57271	0.66021	0.50136	0.22543	0.67981	0.43893	0.55918	0.58642	0.31939	0.41226	0.31474	0.38773	0.40915	0.53381	0.75239	0.77911	0.7927	0.48426	0.24145	0.23417	0.67517	0.47116	0.67614	0.29581	0.39028	0.60988	0.56	0.44275	0.5831	0.61798	0.61336	0.69311	0.39846	0.18108	1.0	0.55838	0.64233	0.41075	0.51869	0.23593	0.5631	0.44209	0.69365	0.66681	0.26997	0.43803	0.60028	0.36812	0.55423	0.67616	0.0	0.36894	0.32758	0.56213	0.48521	0.55901	0.42291	0.4732	0.32508	0.32474	0.20004	0.681	0.3436	0.50937	0.76705	0.59844	0.6837	0.44346	0.69691	0.33386	0.42193	0.68209	0.72942	0.57898	0.5974	0.60063	0.59791	0.65245	0.55835	0.30398	0.5197	0.6335	0.17967	0.54341	0.73442	0.54053	0.59307	0.26783	0.65163	0.49818	0.76334	0.63894	0.45304	0.54641	0.3037	0.24857	0.17622	0.73055	0.74781	0.19594	0.35122	0.73342	0.68286	0.42394	0.4552	0.26121	0.67104	0.51976	0.28722	0.51071	0.65571	0.72781	0.42677	0.62879	0.84627	0.27651	0.18163	0.47527	0.59831	0.25926	0.44402	0.14482	0.48802	0.68181	0.31444	0.96646	0.43199	0.44929	0.38704	0.44457	0.21843	0.64438	0.50055	0.3663	0.58988	0.65946	0.48863	0.59798	0.45191	0.36246	0.68357	0.45986	0.47158	0.24428	0.5608	0.30678	0.56052	0.57082	0.37551	0.71345	0.517	0.50752	0.52074	0.25449	0.56919	0.43678	0.00277	0.37864	0.19352	0.34156	0.62735	0.44858	0.54453	0.28827	0.37489	0.66026	0.22967	0.73439	0.86373	0.56359	0.55911	0.72121	0.67412	0.48694	0.50901	0.11078	0.29186	0.38311	0.65007	0.48309	0.47441	0.47783	0.23561	0.20224	0.52879	0.39782	0.58712	0.28152	0.75583	0.51318	0.23419	0.96269	0.37477	0.74151	0.48349	0.34435	0.47014	0.28267	0.27606	0.50914	0.34814	0.77415	0.59186	0.6181	0.48783	0.37858	0.49295	0.31744	0.33082	0.45623	0.38553	0.4535	0.79469	0.33217	0.52136	0.36397	0.54944	0.59438	0.44389	0.32871	0.67605	0.60067	0.80286	0.50205	0.55465	0.45525	0.39079	0.59268	0.21539	0.53399	0.73752	0.48068	0.89437	0.37792	0.64208	0.56657	0.37929	0.46479	0.26179	0.27217	0.49967	0.51415	0.28892	0.62344	0.95279	0.80228	0.5032	0.55821	0.64175	0.26511	0.59163	0.30793	0.54809	0.48741	0.53775	0.36148	0.3502	0.81009
starfish	0.3517	0.70873	0.09975	0.38058	0.53663	0.72001	0.34168	0.51347	0.70478	0.53977	0.5452	0.33878	0.31822	0.5701	0.39782	0.71385	0.69537	0.70953	0.32777	0.40404	0.79538	0.22448	0.72074	0.88207	0.592	0.20058	0.37481	0.5145	0.90862	0.29011	0.29578	0.52907	0.73783	0.57713	0.49941	0.57121	0.40514	0.4944	0.20187	0.78828	0.69861	0.63635	0.53499	0.62473	0.51849	0.73667	0.26536	0.13945	0.40313	0.66146	0.25946	0.36976	0.55505	0.77787	0.55618	0.60914	0.58414	0.45406	0.5433	0.53822	0.69262	0.32834	0.83432	0.79807	0.69562	0.47155	0.45272	0.56352	0.789	0.5687	0.69918	0.4567	0.34046	0.49364	0.29781	0.93191	0.75325	0.35407	0.74991	0.14889	0.4992	0.0	0.39345	0.51009	0.75235	0.40804	0.53692	0.22031	0.50497	0.63884	0.49737	0.44039	0.32782	0.23205	0.58976	0.13102	0.65882	0.47024	0.45771	0.19757	0.5193	0.57704	0.71722	0.55528	0.64571	0.4146	0.62859	0.80535	0.38841	0.3467	0.31471	0.37753	0.67215	0.31018	0.5573	0.54126	0.55	0.17325	0.31026	0.51274	0.63629	0.62115	0.47534	0.61129	0.68694	0.7868	0.71651	0.3583	0.58916	0.45625	0.44558	0.05945	0.58392	0.84393	0.71645	0.57968	0.76548	0.30361	0.61074	0.58092	0.46658	0.76684	0.5114	0.55725	0.49983	0.38359	0.50297	0.4584	0.74709	0.11037	0.19344	0.67528	0.36034	0.06745	0.53075	0.45833	0.84181	0.72911	0.8123	0.62275	0.47505	0.18097	0.40874	0.0	0.61121	0.08935	0.35418	0.67841	0.50831	0.53707	0.22778	0.7809	0.61792	0.32329	0.17063	0.3069	0.77289	0.5307	0.54084	0.98612	0.59075	0.28891	0.54503	0.17395	0.29961	0.52139	0.30579	0.34001	0.78958	0.46626	0.33777	0.73532	0.33279	0.53755	0.60855	0.35635	0.29884	0.62792	0.57387	0.53086	0.51399	0.45781	0.43302	0.90504	0.81163	0.67178	0.78899	0.39914	0.84381	0.37957	0.20331	0.14183	0.33922	0.78331	0.62253	0.65151	0.58991	0.84135	0.28839	0.54475	0.66331	0.47079	0.56266	0.42014	0.07946	0.63589	0.2839	0.30679	0.42442	0.43267	0.44038	0.52209	0.76749	0.57525	0.56532	0.31763	0.6804	0.17441	0.26624	0.69498	0.29711	0.20005	0.36002	0.30523	0.54335	0.01333	0.48028	0.63967	0.65898	0.8283	0.52359	0.59802	0.45728	0.57342	0.58008	0.48466	0.70872	0.46584	0.8063	0.60028	0.26607	0.27107	0.55237	0.19951	0.03524	0.62523	0.25995	0.756	0.49362	0.45647	0.17887	0.61382	0.29544	0.30815	0.17825	0.45673	0.79197	0.32748	0.52545	0.71985	0.40851	0.37793	0.50746	0.81919	0.50605	0.41434	0.6767	0.26357	0.6127	0.74871	0.40889	0.35152	0.52414	0.21049	0.35603	0.53819	0.76571	0.31478	0.53078	0.37465	0.21486	0.53918	0.51984	0.57121	0.04783	0.50286	0.41395	0.54504	0.41855	0.63822	0.5021	0.42028	0.43019	0.54954	0.6442	0.67942	0.50719	0.49804	0.41082	0.69636	0.34766	0.11965	0.50771	0.40891	0.42729	0.24986	0.51849	0.71292	0.63432	0.43116	0.73625	0.67613	0.3082	0.5716	0.39032	0.68895	0.61668	0.6474	0.38547	0.21753	0.63097	0.35188	0.46976	0.68579	0.55807	0.64071	0.79374	0.45663	0.24095	0.38948	0.46356	0.63585	0.64514	0.59634	0.8873	0.35838	0.49831	0.67725	0.60225	0.31552	0.62129	0.53145	0.28197	0.31432	0.76499	0.23867	0.51657	0.8103	0.30944	0.44769	0.31313	0.60243	0.55815	0.97145	0.8611	0.37552	0.39628	0.22223	0.36765	0.75591	0.31104	0.4319	0.71426	0.47328	0.45158	0.46148	0.70927	0.48855	0.30873	0.38251	0.69229	0.53303	0.57587	0.62626	0.37674	0.6003	0.35275	0.2731	0.30636	0.4981
stingray	0.51187	0.53916	0.67118	0.94143	0.56363	0.2701	0.41651	0.37574	0.64369	0.34611	0.58074	0.56726	0.70301	0.40837	0.74204	0.53463	0.6246	0.37892	0.523	0.3224	0.38559	0.46843	0.50456	0.06283	0.37626	0.5681	0.52278	0.50249	0.72606	0.76835	0.85801	0.47345	0.39924	0.51456	0.76363	0.43809	0.58853	0.39169	0.45606	0.59526	0.51907	0.23094	0.71164	0.55355	0.63809	0.39278	0.33224	0.63812	0.74862	0.60004	0.40639	0.67354	0.52678	0.64098	0.49077	0.67234	0.68605	0.27956	0.55381	0.70628	0.6586	0.36625	0.57201	0.53915	0.54012	0.27948	0.22866	0.38179	0.58224	0.59131	0.54921	0.36915	0.60346	0.87109	0.40941	0.40544	0.60908	0.71413	0.59701	0.70565	0.57045	0.69246	0.43042	0.18188	0.35627	0.33631	0.48358	0.36993	0.65991	0.2293	0.39707	0.45848	0.44789	0.66137	0.52619	0.46248	0.13679	0.61395	0.57772	0.0	0.41661	0.57064	0.63314	0.62492	0.5164	0.29773	0.40794	0.34483	0.36808	0.36957	0.70783	0.62287	0.46021	0.6744	0.32488	0.45472	0.37768	0.19385	0.2519	0.56889	0.63194	0.24582	0.59367	0.39266	0.16825	0.5186	0.62172	0.05376	0.76633	0.92647	0.69627	0.42374	0.18724	0.69458	0.15886	0.54075	0.70407	0.4479	0.75456	0.60325	0.52281	0.62217	0.62393	0.28642	0.39772	0.41507	0.73978	0.31492	0.63603	0.11316	0.8751	0.50738	0.15352	0.63389	0.21486	0.62873	0.77582	0.64495	0.49151	0.23571	0.76706	0.45473	0.61005	0.14529	0.18762	0.66976	0.94509	0.43313	0.44724	0.39451	0.14702	0.11827	0.33472	0.68023	0.79837	0.32488	0.34238	0.27986	0.44903	0.46823	0.55649	0.35217	0.27798	0.65325	0.57964	0.1961	0.61427	0.27763	0.56666	0.82404	0.41221	0.3798	0.40321	0.4392	0.42486	0.7252	0.43178	0.55259	0.64714	0.66227	0.44952	0.41865	0.37218	0.67004	0.8891	0.58355	0.42157	0.48198	0.79094	0.68252	0.85198	0.35939	0.39911	0.50565	0.72264	0.48565	0.3741	0.26155	0.36082	0.24753	0.5362	0.31201	0.45537	0.42784	0.63186	0.43472	0.51073	0.47564	0.73755	0.7665	0.90962	0.31597	0.49408	0.82656	0.35245	0.55845	0.17982	0.50853	0.58298	0.45505	0.40024	0.54001	0.71642	0.36406	0.48849	0.82221	0.40186	0.19661	0.50531	0.30069	0.80228	0.60208	0.46693	0.79501	0.2203	0.53535	0.45179	0.5374	0.42095	0.23855	0.78695	0.27903	0.44771	0.40926	0.2417	0.8521	0.57961	0.64894	0.73017	0.67443	0.20491	0.0	0.55337	0.24802	0.63947	0.66095	0.44303	0.95696	0.76396	0.23287	0.42261	0.52264	0.84177	0.39122	0.61608	0.49728	0.46229	0.26521	0.59941	0.39717	0.40517	0.51914	0.7087	0.95646	0.46471	0.77392	0.5569	0.60945	0.16645	0.35083	0.48302	0.37326	0.64007	0.56929	0.79156	0.27344	0.63719	0.16735	0.27277	0.56418	0.73845	0.59814	0.58067	0.65372	0.65356	0.32454	0.42172	0.36138	0.62971	0.92015	0.46523	0.15083	0.38115	0.38048	0.31291	0.58668	0.68247	0.0	0.462	0.44941	0.6124	0.0	0.55451	0.35179	0.59771	0.73691	0.60317	0.46348	0.44194	0.69924	0.5328	0.63688	0.63787	0.33634	0.78601	0.62941	0.0	0.59424	0.34187	0.42599	0.40114	0.12797	0.32082	0.68641	0.62128	0.4451	0.66335	0.39965	0.35474	0.00766	0.38017	0.48354	0.71873	0.44267	0.63107	0.59271	0.50077	0.47347	0.51719	0.46791	0.53196	0.45109	0.57545	0.41447	0.52073	0.45695	0.90341	0.38353	0.42338	0.45108	0.40986	0.30748	0.62807	0.53068	0.37808	0.35141	0.33058	0.53237	0.39544	0.26757	0.45339	0.56314	0.59119	0.73105	0.60043	0.55394	0.42107	0.16336	0.51326	0.36913
stork	0.24632	0.29197	0.21473	0.40223	0.66108	0.32892	0.63703	0.45468	0.61498	0.531	0.48945	0.48075	0.81791	0.55204	0.88535	0.90741	0.6688	0.79269	0.51615	0.53239	0.35978	0.49609	0.35111	0.55061	0.2821	0.83509	0.68485	0.35651	0.61648	0.58804	0.53196	0.30671	0.46435	0.46862	0.55206	0.60805	0.30257	0.69682	0.73385	0.59346	0.75372	0.65165	0.36922	0.31818	0.1335	0.4412	0.85044	0.51005	0.69619	0.54254	0.4846	0.18159	0.12404	0.70509	0.68491	0.3835	0.3966	0.34833	0.58193	0.46614	0.51537	0.57779	0.68313	0.55029	0.73511	0.3888	0.44173	0.48871	0.40521	0.55761	0.74681	0.36481	0.5888	0.30836	0.45215	0.64772	0.66161	0.49544	0.70886	0.12061	0.62287	0.36664	0.74043	0.46559	0.47381	0.32212	0.34309	0.40076	0.70615	0.54392	0.31002	0.62316	0.5253	0.42154	0.32157	0.65638	0.19875	0.62808	0.43935	0.21733	0.42206	0.49598	0.32963	0.40059	0.52165	0.31616	0.30494	0.5141	0.66535	0.47202	0.48435	0.57088	0.56868	0.63561	0.68244	0.51199	0.37441	0.5728	0.34007	0.16556	0.22446	0.38828	0.54643	0.43647	0.73794	0.5812	0.32038	0.26619	0.51304	0.16367	0.3686	0.69072	0.5759	0.63488	0.40849	0.36094	0.72877	0.41627	0.45669	0.49109	0.50517	0.36194	0.37553	0.63328	0.47628	0.45777	0.68153	0.77978	0.50024	0.59712	0.3937	0.62827	0.36848	0.55703	0.55084	0.52187	0.33202	0.58024	0.56713	0.41644	0.36245	0.59238	0.29298	0.56798	0.1469	0.04169	0.5444	0.71362	0.53353	0.55112	0.61743	0.39022	0.30187	0.79415	0.66697	0.77079	0.36137	0.35169	0.51058	0.3509	0.20562	0.61392	0.632	0.50452	0.61849	0.37373	0.37469	0.22205	0.58405	0.42203	0.47492	0.27584	0.31512	0.34565	0.31213	0.43124	0.64643	0.31031	0.55774	0.30948	0.45101	0.35635	0.21713	0.51159	0.45352	0.58701	0.27364	0.309	0.42708	0.91234	0.60019	0.27484	0.58714	0.23217	0.26783	0.4486	0.38236	0.61464	0.23987	0.57639	0.33532	0.22216	0.4821	0.79677	0.56119	0.22016	0.48822	0.36245	0.7323	0.35264	0.71551	0.36224	0.50388	0.05273	0.47921	0.56336	0.66667	0.61671	0.45748	0.51564	0.63618	0.48347	0.6407	0.44639	0.35726	1.0	0.3674	0.29915	0.60364	0.46816	0.28601	0.39582	0.48122	0.79533	0.45819	0.46624	0.55711	0.44306	0.88146	0.39049	0.62489	0.34055	0.53613	0.42939	0.28419	0.64803	0.44238	0.78626	0.67057	0.6708	0.76243	0.71438	0.78157	0.3557	0.43047	0.50545	0.51909	0.18233	0.63596	0.5834	0.97082	0.62315	0.32835	0.46365	0.40667	0.27846	0.6126	0.43175	0.37653	0.55206	0.5117	0.43401	0.62578	0.19972	0.42174	0.64095	0.58832	0.54847	0.42359	0.61937	0.5739	0.50633	0.32481	0.58724	0.56863	0.50194	0.1637	0.51075	0.40026	0.54748	0.50766	0.55897	0.84333	0.52518	0.67924	0.49563	0.52981	0.55812	0.5594	0.37001	0.6653	0.3581	0.55313	0.47633	0.45251	0.45275	0.41118	0.59291	0.62269	0.42258	0.37435	0.45373	0.56162	0.56608	0.59734	0.53232	0.36739	1.0	0.70755	0.42877	0.54513	0.71582	0.61388	0.59623	0.48533	0.62156	0.53628	0.55437	0.54882	0.40201	0.49176	0.49082	0.66389	0.39673	0.75036	0.3589	0.29404	0.49531	0.29025	0.41382	0.47087	0.00141	0.49459	0.6812	0.88086	0.5389	0.49169	0.11902	0.53817	0.89681	0.77444	0.42629	0.57303	0.76064	0.56767	0.64688	0.83047	0.59083	0.58438	0.37911	0.31247	0.46853	0.64529	0.62875	0.49942	0.79565	0.49326	0.60871	0.61944	0.29967	0.30295	0.56052	0.22234	0.10803	0.42386	0.46988	0.6003	0.34025	0.49231	0.55183
swallow	0.38553	0.68252	0.51302	0.74714	0.65953	0.52782	0.92181	0.71778	0.3882	0.38997	0.66777	0.42453	0.95813	0.26462	0.5472	0.91329	0.50021	0.71397	0.55981	0.27657	0.58154	0.58505	0.56423	0.15232	0.19815	0.51596	0.3903	0.72009	0.0	0.34459	0.91312	0.39313	0.73179	0.63115	0.67998	0.46063	0.26828	0.59246	0.33259	0.3322	0.68283	0.71295	0.33578	0.46556	0.43701	0.49966	0.61494	0.64957	0.44584	0.45345	0.06122	0.3161	0.17233	0.51712	0.63502	0.22881	0.35092	0.18743	0.47546	0.50671	0.50562	0.56653	0.61235	0.47369	0.7976	0.27501	0.26895	0.59883	0.8034	0.60554	0.43942	0.31417	0.23469	0.44013	0.43963	0.58687	0.7623	0.54714	0.26524	0.21977	0.40273	0.53705	0.59938	0.56115	0.69066	0.45161	0.66043	0.50749	0.57184	0.5038	0.51356	0.56706	0.62565	0.47251	0.48737	0.70472	0.40358	0.45816	0.556	0.64505	0.04747	0.61158	0.47367	0.30043	0.25049	0.8153	0.36746	0.57438	0.41349	0.39561	0.78413	0.61705	0.38582	0.6145	0.76486	0.55947	0.49631	0.32759	0.50923	0.60527	0.70094	0.31842	0.58532	0.48171	0.27269	0.16063	0.58206	0.40229	0.43861	0.46126	0.56933	0.48123	0.60691	0.29515	0.44515	0.35342	0.53175	0.47198	0.69384	0.37406	0.7085	0.46789	0.48337	0.20102	0.42104	0.52063	0.33587	0.64917	0.58078	0.6693	0.51571	0.51754	0.47451	0.51636	0.47206	0.58401	0.57842	0.17512	0.54728	0.52632	0.72	0.28858	0.4784	0.48294	0.36958	0.28954	0.48832	0.30311	0.46881	0.37724	0.2441	0.54417	0.34755	0.66708	0.67645	0.66401	0.22405	0.72953	0.47225	0.43727	0.40824	0.2472	0.40012	0.51235	0.31714	0.4721	0.32515	0.44887	0.76498	0.42768	0.47019	0.36493	0.53262	0.22383	0.50704	0.48928	0.65518	0.62352	0.48876	0.40344	0.44436	0.46391	0.96234	0.60037	0.41568	0.50752	0.57262	0.58143	0.51826	0.71047	0.32406	0.81086	0.58121	0.31372	0.42377	0.60831	0.67656	0.42697	0.28992	0.75595	0.31257	0.2469	0.37076	0.31853	0.30717	0.59001	0.45699	0.41625	0.37819	0.68605	0.68144	0.49498	0.69653	0.4817	0.60242	0.33015	0.45189	0.51435	0.78143	0.477	0.87659	0.86686	0.60922	0.62759	0.66826	0.93985	0.36804	0.27316	0.59572	0.5056	0.34014	0.58735	0.57962	0.54725	0.69538	0.50063	0.61546	0.4705	0.30606	0.48077	0.07121	0.28012	0.61882	0.54749	0.56321	0.50746	0.67449	0.63051	0.63788	0.45053	0.72488	0.52088	0.40443	0.536	0.38715	0.40466	0.75525	0.74897	0.43103	0.57476	0.70662	0.61635	0.29996	0.26773	0.29035	0.4742	0.56473	0.37252	0.60156	0.29425	0.39131	0.46731	0.51539	0.41808	0.58951	0.56724	0.18297	0.50767	0.39828	0.35326	0.33684	0.60353	0.51647	0.48346	0.57437	0.15237	0.60546	0.08163	0.42568	0.71291	0.50145	0.88157	0.65151	0.77989	0.55571	0.45668	0.68816	0.31041	0.43824	0.40562	0.42443	0.571	0.32748	0.52363	0.4915	0.72327	0.68233	0.50619	0.76134	0.13251	0.66077	0.51865	0.45017	0.27029	0.50608	0.5262	0.44053	0.47657	0.33673	0.42796	0.65123	0.61966	0.61143	0.33617	0.64033	0.49584	0.66026	0.37952	0.88679	0.02287	0.46028	0.41017	0.48364	0.35388	0.74715	0.51365	0.52899	0.82476	0.29848	0.46128	0.3395	0.37004	0.55685	0.62466	0.59145	0.78073	0.35427	0.30841	0.61382	0.59235	0.42408	0.53004	0.71537	0.25685	0.36406	0.47018	0.80972	0.52052	0.75707	0.53288	0.12754	0.72147	0.50963	0.26556	0.55647	0.30056	0.64018	0.82175	0.39461	0.4712	0.56071	0.27843	0.46338	0.532	0.38465	0.68779	0.46869	0.4254	0.29615	0.46584
swallowtail	0.4516	0.32156	0.41066	0.29014	0.45835	0.67555	0.49335	0.68986	0.20555	0.58182	0.39684	0.42706	0.28629	0.4902	0.38408	0.35002	0.6173	0.38656	0.3584	0.25218	0.39067	0.40249	0.39792	0.5653	0.62034	0.61616	0.39328	0.69717	0.42388	0.51049	0.80228	0.50695	0.48669	0.59234	0.67004	0.62123	0.17578	0.17465	0.45031	0.69243	0.74506	0.7083	0.59205	0.66726	0.51558	0.57713	0.43555	0.682	0.66237	0.64724	0.35301	0.32732	0.18951	0.35087	0.48588	0.45309	0.47251	0.77195	0.34057	0.56817	0.55748	0.91136	0.45964	0.82566	0.61186	0.59791	0.32994	0.5434	0.21867	0.55349	0.3137	0.46096	0.59311	0.56784	0.74613	0.31939	0.44994	0.47149	0.57576	0.7088	0.63118	0.7355	0.51363	0.72942	0.48509	0.4599	0.39092	0.40682	0.99194	0.31915	0.51751	0.53825	0.39445	0.80776	0.17397	0.33492	0.45755	0.75622	0.55409	0.29057	0.499	0.5864	0.71089	0.58621	0.68483	0.40755	0.43223	0.55946	0.61159	0.63443	0.97166	0.60053	0.3884	0.5085	0.31467	0.38872	0.48944	0.64626	0.58759	0.57885	0.5004	0.47405	0.31429	0.49379	0.67496	0.31585	0.47518	0.69192	0.28811	0.61918	0.62272	0.46115	0.60952	0.58131	0.53401	0.59149	0.36841	0.33481	0.19977	0.66801	0.55402	0.39871	0.72629	0.2372	0.57941	0.42973	0.51757	0.51747	0.27517	0.54721	0.49091	0.42462	0.85303	0.4728	0.42882	0.46203	0.65082	0.39289	0.72435	0.68389	0.31953	0.26078	0.75513	0.63721	0.72864	0.071	0.41508	0.55859	0.44833	0.66401	0.58908	0.65108	0.29416	0.65296	0.41439	0.70125	0.44502	0.71061	0.61542	0.36516	0.74592	0.15512	0.53998	0.46436	0.76936	0.38774	0.42049	0.24437	0.73823	0.24079	0.13259	0.30409	0.67131	0.32843	0.82774	0.39143	0.48331	0.56743	0.30634	0.47242	0.43866	0.35282	0.49369	0.66016	0.51325	0.52108	0.61549	0.55599	0.62572	0.57612	0.78554	0.55831	0.42373	0.66618	0.57322	0.53424	0.39983	0.4874	0.32423	0.45095	0.63646	0.13432	0.68592	0.45576	0.32695	0.41027	0.24372	0.48174	0.61717	0.44894	0.46785	0.34246	0.56415	0.65116	0.34247	0.63878	0.77295	0.52825	0.57105	0.30581	0.43488	0.33109	0.57674	0.25714	0.6259	0.35787	0.44069	0.5161	0.68851	0.56784	0.11459	0.65849	0.60919	0.56415	0.72829	0.36386	0.33946	0.33995	0.32178	0.4851	0.61832	0.60067	0.14744	0.52292	0.33114	0.48569	0.34599	0.17112	0.57766	0.53914	0.59537	0.44909	0.68851	0.17207	0.60744	0.6927	0.48938	0.35684	0.53159	0.88986	0.48035	0.53074	0.37929	0.6904	0.47332	0.26254	0.72145	0.0	0.80094	0.23148	0.47949	0.17464	0.5183	0.56598	0.25305	0.56257	1.0	0.40339	0.46033	0.61184	0.67382	0.65147	0.37041	0.15235	0.09777	0.43121	0.49321	0.31332	0.42543	0.66286	0.51563	0.36896	0.47472	0.52174	0.45157	0.48568	0.26337	0.35095	0.64587	0.6758	0.48474	0.62142	0.43739	0.06815	0.43205	0.81285	0.47143	0.37823	0.24588	0.18321	0.66418	1.0	0.47328	0.57721	0.52853	0.39114	0.34875	0.8138	0.75184	0.54757	0.33248	0.53951	0.56906	0.02	0.67193	0.69394	0.64331	0.25991	0.81098	0.64577	0.35228	0.59679	0.61623	0.3972	0.41068	0.29598	0.37754	0.99589	0.21216	0.57865	0.33225	0.42987	0.60534	0.7835	0.54025	0.54097	0.10748	0.58006	0.6289	0.91737	0.34843	0.42018	0.57553	0.59206	0.56675	0.32528	0.34634	0.16372	0.61844	0.57548	0.1784	0.65272	0.48097	0.36762	0.12113	0.49193	0.68285	0.65117	0.35151	0.54648	0.53753	0.52951	0.74257	0.42742	0.69841	0.37961	0.65364	0.38597	0.22476	0.2934
swan	0.25294	0.22386	0.37411	0.34689	0.66754	0.4402	0.62629	0.56265	0.25041	0.58791	0.52409	0.41771	0.66487	0.16513	0.64624	0.5204	0.70061	0.62692	0.18676	0.39178	0.52867	0.38084	0.64236	0.14299	0.64449	0.49392	0.70371	0.68513	0.40645	0.31406	0.30536	0.404	0.49222	0.41486	0.3655	0.68409	0.3812	0.48405	0.34446	0.64618	0.61855	0.3481	0.73018	0.53326	0.26129	0.47924	0.69013	0.44821	0.82657	0.66351	0.4424	0.58168	0.05921	0.51873	0.36662	0.26138	0.14625	0.47797	0.2141	0.17363	0.39424	0.66284	0.38936	0.73181	0.34847	0.55922	0.27083	0.33019	0.44511	0.52667	0.59326	0.41876	0.51699	0.41092	0.56217	0.7656	0.73379	0.30666	0.36269	0.30699	0.65523	0.61034	0.49232	0.52003	0.34377	0.5939	0.47516	0.20617	0.43332	0.93248	0.53974	0.52605	0.29982	0.4391	0.40581	0.69035	0.39354	0.59175	0.79026	0.58895	0.66829	0.45999	0.53976	0.71573	0.47831	0.18105	0.64319	0.75736	0.75498	0.29408	0.68659	0.51817	0.6624	0.47595	0.51739	0.73425	0.54995	0.62751	0.47523	0.4802	0.26566	0.30172	0.4613	0.63554	0.7194	0.3701	0.65872	0.01625	0.53725	0.42632	0.36853	0.44729	0.63985	0.48527	0.57413	0.85153	0.71186	0.21808	0.63321	0.49882	0.33507	0.75469	0.71747	0.18841	0.45332	0.54754	0.11537	0.41138	0.3515	0.37268	0.32928	0.65958	0.58032	0.40168	0.50263	0.26948	0.22719	0.80164	0.73149	0.47004	0.4717	0.42652	0.43433	0.69661	0.48556	0.71291	0.50185	0.46288	0.20197	0.47759	0.44103	0.84997	0.69784	0.58472	0.35685	0.86318	0.32619	0.44445	0.56006	0.59343	0.63277	0.46645	0.94389	0.47397	0.20128	0.44784	0.42594	0.49252	0.66653	0.32739	0.08725	0.59083	0.37972	0.19806	0.7671	0.48644	0.68613	0.35732	0.22176	0.57942	0.52127	0.18066	0.36313	0.80822	0.11029	0.64141	0.37518	0.1301	0.38088	0.42865	0.60319	0.38141	0.18274	0.66267	0.23388	0.56594	0.43791	0.73746	0.38339	0.30493	0.5705	0.07218	0.63971	0.87478	0.1635	0.23341	0.51527	0.58525	0.64472	0.45444	0.48268	0.49402	0.65697	0.31371	0.42026	0.54631	0.74094	0.69048	0.55237	0.55754	0.48873	0.34051	0.56993	0.41713	0.56442	0.07509	0.43124	0.6025	0.49339	0.46775	0.17645	0.49381	0.42625	0.41168	0.37395	0.33336	0.45185	0.17448	0.31695	0.50961	0.56007	0.34696	0.43885	0.59957	0.90492	0.75859	0.49249	0.3094	0.59371	0.03499	0.64709	0.47173	0.78299	0.38785	0.69004	0.3105	0.60646	0.475	0.59927	0.52415	0.67814	0.76558	0.59626	0.64595	0.29178	0.42697	0.5962	0.34628	0.46214	0.44879	0.5629	0.50516	0.54467	0.4999	0.59979	0.2449	0.77812	0.48671	0.66988	0.73541	0.58773	0.42331	0.64812	0.32883	0.53078	0.5081	0.76849	0.4874	0.48379	0.49667	0.00363	0.54855	0.44287	0.27725	0.55471	0.3547	0.35775	0.52468	0.59363	0.30125	0.60793	0.61838	0.74278	0.26287	0.65131	0.61392	0.44676	0.60389	0.81452	0.30446	0.86769	0.29821	0.62306	0.41759	0.24948	0.39522	0.28984	0.64863	0.82048	0.64055	0.33993	0.68771	0.80154	0.49843	0.87374	0.61486	0.35744	0.61314	0.54138	0.49608	0.52748	0.72003	0.54229	0.45341	0.8922	0.43941	0.40999	0.50521	0.50687	0.87647	0.44396	0.51673	0.69894	0.72471	0.48134	0.61459	0.29935	0.33794	0.33095	0.98454	0.43944	0.51459	0.69736	0.71394	0.47212	0.54065	0.48911	0.5144	0.50322	0.6473	0.22778	0.69754	0.41195	0.51276	0.40232	0.32623	0.64566	0.66255	0.43158	0.49468	0.38824	0.60817	0.60613	0.66494	0.45024	0.21045	0.38048	0.81886	0.39778	0.51331
swift	0.34327	0.6224	0.39855	0.41161	0.57134	0.63405	0.63035	0.49432	0.31743	0.37874	0.59322	0.19625	0.49645	0.18804	0.3042	0.48796	0.69934	0.48193	0.51379	0.67279	0.26458	0.49589	0.62211	0.67852	0.65721	0.70938	0.44642	0.34352	0.51757	0.48139	0.43812	0.58474	0.23443	0.30033	0.46776	0.44973	0.63702	0.75373	0.21518	0.5094	0.77236	0.52236	0.54525	0.77658	0.64188	0.8124	0.41454	0.63418	0.45257	0.70364	0.3198	0.19883	0.24326	0.47052	0.63049	0.45934	0.88813	0.44832	0.9565	0.18409	0.68272	0.67666	0.4078	0.44271	0.70327	0.07031	0.58671	0.31514	0.45856	0.68205	0.50411	0.53937	0.54015	0.55781	0.42213	0.27626	0.6713	0.14941	0.58194	0.33976	0.38665	0.61607	0.07024	0.2455	0.6171	0.65089	0.71057	0.40385	0.29816	0.47299	0.43063	0.54984	0.23931	0.46874	0.4755	0.60356	0.55365	0.66253	0.57324	0.70581	0.50787	0.49995	0.63308	0.42879	0.81828	0.21228	0.44044	0.34046	0.37751	0.62856	0.86605	0.55304	0.51948	0.71052	0.33308	0.50744	0.43954	0.80908	0.2672	0.51665	0.85845	0.69063	0.50284	0.62721	1.0	0.5915	0.36709	0.44027	0.52189	0.52994	0.51525	0.5103	0.27171	0.40114	0.30638	0.76896	0.26908	0.56952	0.0	0.53796	0.90647	0.6804	0.30045	0.50707	0.58122	0.57702	0.40785	0.36048	0.54425	0.18609	0.52544	0.70618	0.49207	0.28578	0.96977	0.41072	0.4924	0.54822	0.46233	0.29835	0.49	0.58764	0.16447	0.20693	0.27069	0.66936	0.72423	0.53009	0.56885	0.30123	0.14633	0.54822	0.77916	0.42154	0.42021	0.72647	0.55627	0.46394	0.72238	0.40242	0.38071	0.57833	0.34498	0.50932	0.2293	0.71928	0.62064	0.07719	0.57093	0.5802	0.74174	0.54565	0.50428	0.3218	0.29553	0.79695	0.85323	0.71026	0.43851	0.23378	0.57997	0.37536	0.28132	0.81537	0.63089	0.51972	0.98601	0.59567	0.4443	0.35837	0.07125	0.48919	0.46875	0.5973	0.58047	0.44715	0.72496	0.66058	0.70834	0.57142	0.11635	0.20428	0.60188	0.48234	0.16632	0.65889	0.45422	0.67092	0.79649	0.43915	0.44719	0.71756	0.6447	0.66273	0.68235	0.39699	0.15344	0.26104	0.82983	0.25187	0.33343	0.05826	0.44525	0.35178	0.63666	0.69662	0.58619	0.47194	0.65214	0.87256	0.25281	0.22846	0.62741	0.41474	0.39676	0.35824	0.46959	0.50832	0.3219	0.42319	0.60985	0.4693	0.6834	0.77297	0.45498	0.63645	0.4718	0.44705	0.57137	0.31972	0.30467	0.93541	0.7222	0.62192	0.19122	0.622	0.37272	0.46355	0.83458	0.81282	0.09271	0.32489	0.65307	0.74782	0.57577	0.55903	0.68608	0.39107	0.99619	0.55529	0.17223	0.92081	0.15565	0.26829	0.66183	0.91537	0.35013	0.3589	0.5449	0.76345	0.79476	0.23479	0.70563	0.75794	0.48981	0.82138	1.0	0.32664	0.71375	0.27123	0.35565	0.61326	0.47378	0.33463	0.02068	0.35678	0.75432	1.0	0.43638	0.57624	0.62818	0.49784	0.49422	0.45108	0.60366	0.40287	0.36333	0.51943	0.49726	0.48995	0.38764	0.41609	0.21193	0.60807	0.36016	0.53572	0.2771	0.2561	0.57358	0.38156	0.73736	0.26215	0.1514	0.28068	0.2049	0.39565	0.49112	0.64315	0.64114	0.22864	0.54878	0.29705	0.42209	0.48124	0.08285	0.32117	0.5251	0.5413	0.48878	0.17673	0.61194	0.94383	0.59233	0.44339	0.51114	0.08168	0.3429	0.56791	0.61599	0.46008	0.27884	0.45469	0.10357	0.73709	0.66786	0.07097	0.16659	0.44484	0.23577	0.37062	0.53208	0.506	0.46209	0.72475	0.4378	0.86284	0.3827	0.1448	0.55249	0.54374	0.51859	0.6888	0.49931	0.52908	0.16245	0.79361	0.52663	0.42705	0.54664	0.542
tapir	0.43531	0.40944	0.22306	0.39023	0.40974	0.74292	0.70798	0.75961	0.20865	0.63871	0.48811	0.47983	0.43401	0.32443	0.50895	0.5929	0.85505	0.43625	0.68378	0.56003	0.55026	0.56141	0.70001	0.49528	0.46162	0.96247	0.58856	0.63546	0.66948	0.57592	0.3497	0.49723	0.3316	0.47313	0.47934	0.51764	0.54004	0.48942	0.48416	0.47914	0.46461	0.72603	0.59921	0.59811	0.31025	0.47865	0.60791	0.31183	0.58513	0.56527	0.47194	0.66932	0.27343	0.76067	0.39569	0.50707	0.49482	0.60331	0.19412	0.5345	0.63319	0.77478	0.20624	0.4392	0.33176	0.25759	0.47046	0.70297	0.45723	0.33759	0.69499	0.34286	0.74171	0.16931	0.43077	0.60847	0.50047	0.44661	0.17318	0.3359	0.45665	0.64078	0.67228	0.53368	0.25672	0.56911	0.38666	0.44097	0.6838	0.70749	0.31754	0.36268	0.13392	0.60768	0.6065	0.45059	0.45592	0.65895	0.88046	0.49713	0.71999	0.3899	0.44733	0.46727	0.37817	0.42868	0.62783	0.73475	0.8223	0.66475	0.49468	0.3838	0.57873	0.01794	0.53365	0.76707	0.64817	0.76517	0.0	0.42612	0.40669	0.02875	0.48117	0.70121	0.4691	0.76102	0.53228	0.33668	0.6103	0.51505	0.5464	0.22575	0.23439	0.1949	0.39763	0.73912	0.74621	0.28818	0.67004	0.12366	0.35578	0.8903	0.7363	0.79141	0.55771	0.2669	0.46889	0.43583	0.73854	0.51183	0.20658	0.55357	0.59323	0.37148	0.32122	0.58158	0.75934	0.6254	0.70746	0.32152	0.7245	0.5111	0.40218	0.38663	0.49767	0.05653	0.37445	0.47929	0.40733	0.30707	0.59284	0.7097	0.2587	0.89698	0.44641	0.59872	0.48243	0.52331	0.58097	0.47756	0.89482	0.57494	0.79689	0.61245	0.50155	0.61042	0.45959	0.84086	0.79021	0.23582	0.27361	0.5024	0.22479	0.25232	0.51503	0.50738	0.66945	0.44376	0.56113	1.0	0.53559	0.2721	0.27913	0.60026	0.10528	0.58471	0.37577	0.36188	0.72507	0.47299	0.44428	0.33942	0.44197	0.70017	0.40734	0.17313	0.58278	1.0	0.8215	0.31543	0.42756	0.10889	0.46645	0.60205	0.29653	0.40491	0.43592	0.47877	0.63793	0.32029	0.32736	0.46545	0.7032	0.48045	0.4349	0.47551	0.28859	0.81198	0.8375	0.80697	0.56836	0.52491	0.73196	0.382	0.51326	0.24463	0.18828	0.75208	0.24128	0.51292	0.41818	0.30801	0.437	0.33857	0.29558	0.6591	0.42352	0.46439	0.55876	0.23902	0.55558	0.48229	0.56466	0.25796	0.56622	0.63254	0.58967	0.50795	0.72503	0.34586	0.40423	0.35325	0.48161	0.25171	0.68473	0.39646	0.26908	0.38818	0.80134	0.73774	0.47898	0.51439	0.41006	0.42282	0.63117	0.36483	0.41822	0.37256	0.33872	0.23478	0.33033	0.35968	0.55662	0.45085	0.50932	0.1952	0.62309	0.43372	0.47748	0.74929	0.22216	0.57801	0.43551	0.29823	0.66365	0.622	0.21286	0.71163	0.76395	0.4994	0.4982	0.51262	0.51681	0.59363	0.54511	0.66485	0.74559	0.41519	0.40878	0.45479	0.45189	0.50334	0.52691	0.45778	0.39152	0.28686	0.13245	0.54443	0.31759	0.6182	0.5726	0.28072	0.59605	0.52381	0.42552	0.44179	0.35019	0.71537	0.33326	0.59189	0.45096	0.65165	0.76627	0.56225	0.53262	0.65534	0.58678	0.63329	0.58153	0.53984	0.35621	0.36702	0.75513	0.66668	0.92629	0.28795	0.41867	0.17761	0.5874	0.75145	0.4592	0.65145	0.79489	0.49049	0.48953	0.39024	0.4548	0.56101	0.30124	0.93365	0.23441	0.61128	0.38273	0.78463	0.53516	0.41616	0.42781	0.6428	0.36908	0.63425	0.4317	0.23456	0.40211	0.56243	0.3393	0.30386	0.25555	0.9329	0.53352	0.23994	0.5003	0.51917	0.47458	0.7636	0.43979	0.30767	0.32916	0.6372	0.30713	0.30581
termite	0.25014	0.53533	0.51812	0.47473	0.37145	0.53232	0.67448	0.31701	0.38683	0.54263	0.51463	0.2411	0.06749	0.30187	0.39594	0.59735	0.36592	0.32673	0.47555	0.54082	0.5192	0.60728	0.25741	0.63717	0.48072	0.96219	0.5541	0.85595	0.45961	0.58189	0.7031	0.27089	0.93011	0.75454	0.60273	0.47085	0.81261	0.43927	0.60861	0.6836	0.57973	0.66576	0.31956	0.41247	0.15907	0.43529	0.14914	0.74837	0.65809	0.36023	0.30729	0.47705	0.2269	0.4222	0.64709	0.40839	0.37936	0.42528	0.39792	0.26606	0.48591	0.66133	0.6921	0.57205	0.62618	0.42637	0.24126	0.62023	0.51473	0.84726	0.71908	0.86718	0.45573	0.71052	0.24323	0.50442	0.58716	0.58992	0.55482	0.4231	0.36072	0.55387	0.43903	0.57092	0.28133	0.27916	0.55393	0.31089	0.67235	0.48097	0.06345	0.70928	0.4633	0.60482	0.83171	0.49635	0.38091	0.27351	0.25738	0.70596	0.52471	0.60544	0.52173	0.2511	0.58674	0.75536	0.83523	0.47521	0.29272	0.48031	0.21199	0.21159	0.51681	0.38379	0.5236	0.38415	0.50718	0.29721	0.57049	0.55583	0.29663	0.55273	0.30964	0.39755	0.28397	0.57818	0.40845	0.35984	0.47325	0.5244	0.76284	0.49364	0.39697	0.66927	0.43602	0.40578	0.34054	0.35282	0.47141	0.41233	0.45407	0.51917	0.44414	0.52309	0.65664	0.64927	0.51462	0.24318	0.47269	0.16687	0.27962	0.68279	0.41536	0.34391	0.42391	0.64773	0.6057	0.48832	0.63791	0.68016	0.39416	0.25994	0.69271	0.41351	0.49915	0.38566	0.22865	0.61016	0.44106	0.5089	0.29559	0.68766	0.50245	0.59009	0.32631	0.40456	0.60049	0.88947	0.5277	0.60534	0.4745	0.30566	0.34933	0.23557	0.54634	0.36043	0.18633	0.25564	0.65428	0.1584	0.54753	0.2007	0.70693	0.54106	0.21375	0.42078	0.71936	0.53356	0.52787	0.58478	0.25235	0.5524	0.66536	0.41642	0.54233	0.89851	0.99078	0.55316	0.31834	0.48044	0.46785	0.86261	0.90766	0.46336	0.39233	0.17589	0.60198	0.40186	0.89838	0.56773	0.40411	0.68585	0.687	0.67937	0.25309	0.03653	0.34304	0.59098	0.62757	0.51698	0.32892	1.0	0.65401	0.67451	0.62997	0.63001	0.36046	0.26969	0.25163	0.60367	0.5502	0.57322	0.34579	0.74937	0.55857	0.14837	0.27424	0.38621	0.55568	0.50915	0.54016	0.74223	0.24844	0.4148	0.7916	0.40063	0.48896	0.41719	0.48704	0.4745	0.30592	0.79108	0.55452	0.70635	0.61406	0.44011	0.40844	0.70964	0.44954	0.75737	0.25741	0.50605	0.6155	0.65985	0.32748	0.62473	0.73155	0.22777	0.5406	0.65638	0.33403	0.69031	0.31095	0.52299	0.11898	0.37892	0.38412	0.65496	0.62282	0.40208	0.35703	0.49313	0.17754	0.54579	0.59553	0.57982	0.57692	0.51315	0.40202	0.38836	0.71874	0.95394	0.32956	0.6206	0.44415	0.28959	0.46341	0.37773	0.56277	0.75011	0.74175	0.66019	0.66217	0.49397	0.21654	0.65561	0.52712	0.30525	0.59269	0.50644	0.32777	0.50065	0.50168	0.56366	0.63313	0.31416	0.47965	0.72326	0.62251	0.45694	0.50892	0.73559	0.49466	0.77588	0.53994	0.75368	0.50042	0.6264	0.56997	0.14479	0.44352	0.64236	0.43985	0.37844	0.30997	0.81856	0.5583	0.45682	0.56316	0.7167	0.67212	0.46764	0.24437	0.32448	0.54996	0.65738	0.26021	0.48663	0.72872	0.6065	0.42544	0.50483	0.68178	0.6954	0.55274	0.63451	0.37662	0.40176	0.4084	0.63398	0.47827	0.63283	0.65514	0.47703	0.53418	0.4833	0.52373	0.57589	0.8635	0.1573	0.53525	0.45341	0.38317	0.2793	0.45731	0.54112	0.45095	0.47279	0.29869	0.34259	0.57185	0.42359	0.49715	0.52834	0.42384	0.68204	0.76916	0.38123	0.11504	0.40475
tarantula	0.18762	0.31601	1.0	0.51825	0.56214	0.50919	0.64467	0.44174	0.39443	0.48705	0.53041	0.23985	0.67308	0.56441	0.30834	0.32219	0.75401	0.42115	0.30589	0.41823	0.09942	0.59563	0.51289	0.42336	0.49791	0.71156	0.65084	0.55975	0.46307	0.66883	0.3481	0.28355	0.53477	0.48842	0.58686	0.52775	0.42566	0.45425	0.54696	0.40064	0.68421	0.56759	0.75299	0.36133	0.23268	0.27049	0.40933	0.27651	0.59559	0.3565	0.32659	0.33005	0.2341	0.4771	0.73149	0.0	0.61623	0.33658	0.43588	0.70542	0.63665	0.65502	0.57176	0.56134	0.74525	0.33423	0.20555	0.44369	0.20549	0.46062	0.56589	0.80331	0.30372	0.49139	0.3358	0.37282	0.49191	0.41571	0.90363	0.27623	0.26235	0.62704	0.6631	0.47665	0.20853	0.44633	0.40438	0.58923	0.74335	0.28854	0.19101	0.41934	0.54077	0.6292	0.44596	0.51766	0.43276	0.43155	0.5612	0.42783	0.49067	0.47605	0.82163	0.56736	0.39563	0.46971	0.19679	0.35156	0.56266	0.78687	0.54947	0.53291	0.61376	0.437	1.0	0.62591	0.2461	0.64764	0.57648	0.42712	0.36605	0.4718	0.60252	0.70158	0.30007	0.52077	0.61302	0.35052	0.3991	0.34987	0.78947	0.4819	0.19421	0.43681	0.43985	0.26124	0.42339	0.45826	0.67844	0.41066	0.70158	0.16791	0.40668	0.53084	0.61814	0.45893	0.49518	0.70017	0.74284	0.37547	0.62321	0.54454	0.49291	0.42684	0.77101	0.84784	0.4525	0.66446	0.56504	0.73309	0.46805	0.56923	0.79091	0.41081	0.56954	0.55776	0.43776	0.81315	0.47554	0.57688	0.43028	0.65753	0.28323	0.42332	0.45988	0.5097	0.51875	0.66452	0.45788	0.19455	0.65511	0.0789	0.66171	0.42867	0.75378	0.47384	0.51105	0.13379	0.40927	0.49846	0.36505	0.35254	0.38154	0.50658	0.26174	0.4404	0.53273	0.45052	0.30181	0.4869	0.40396	0.55459	0.28995	0.60129	0.59096	0.68372	0.56722	0.58822	0.65121	0.49741	0.54658	0.31412	0.62718	0.47274	0.40911	0.17695	0.55712	0.50761	0.4789	0.58536	0.14383	0.3799	0.32222	0.91739	0.03746	0.65577	0.65051	0.61813	0.65409	0.5525	0.43595	0.8735	0.4053	0.86954	0.76565	0.46011	0.65087	0.30905	0.24445	0.44336	0.69937	0.47372	0.53241	0.46455	0.67325	0.33433	0.48257	0.42928	0.60489	0.56266	0.2352	0.84922	0.21713	0.57157	0.43742	0.64078	0.29359	0.47162	0.2904	0.47316	0.33641	0.3452	0.33657	0.25016	0.38172	0.54861	0.54424	0.56442	0.83941	0.85527	0.48135	0.20208	0.55239	0.55033	0.18294	0.5206	0.66981	0.659	0.41598	0.72437	0.39553	0.46635	0.73643	0.64791	0.53613	0.20867	0.67554	0.73829	0.55068	0.52586	0.32514	0.35989	0.27817	0.45047	0.43603	0.44838	0.52006	0.40703	0.75476	0.54285	0.07117	0.62913	0.76871	0.48822	0.25376	0.36796	0.31609	0.36742	0.49773	0.67934	0.62861	0.67395	0.60774	0.55951	0.53614	0.56617	0.44333	0.50102	0.16927	0.74753	0.60814	0.19095	0.36977	0.76266	0.19781	0.40985	0.27286	0.64177	0.68697	0.52096	0.54102	0.57541	0.62423	0.59062	0.69544	0.73371	0.55759	0.49171	0.70509	0.58074	0.63064	0.48851	0.36127	0.54265	0.5252	0.64793	0.80126	0.51848	0.77757	0.67104	0.35375	0.44768	0.74177	0.50203	0.8559	0.59745	0.14462	0.75829	0.74406	0.25977	0.55794	0.28496	0.66509	0.66405	0.52282	0.46192	0.57892	0.38364	0.46729	0.51374	0.22359	0.47164	0.57817	0.40589	0.41185	0.65531	0.86465	0.64516	0.56915	0.52813	0.5471	0.70048	0.58703	0.4069	0.5057	0.37332	0.57788	0.72432	0.51876	0.40815	0.13196	0.61512	0.55836	0.30718	0.3311	0.57127	0.7413	0.42176	0.34361	0.36932
tiger	0.5715	0.805	0.70363	0.35006	0.61237	0.15679	0.30357	0.54901	0.58505	0.53686	0.47227	0.85355	0.86332	0.78291	0.43127	0.811	0.38927	0.82132	0.3699	0.35898	0.68717	0.43896	0.453	0.4975	0.32779	0.55718	0.38663	0.34856	0.58698	0.53262	0.44659	0.5542	0.72753	0.61213	0.46367	0.72456	0.83474	0.60582	0.79764	0.49975	0.58891	0.61436	0.79711	0.27894	0.87772	0.74878	0.55819	0.76826	0.35093	0.0	0.32409	0.22486	0.74516	0.6394	0.3269	0.32814	0.60103	0.52862	0.38464	0.17921	0.67507	0.50787	0.54578	0.70197	0.58611	0.20878	0.64821	0.31439	0.85088	0.58228	0.41948	0.62981	0.54689	0.22409	0.32021	0.40401	0.8911	0.47898	0.47092	0.5277	0.40893	0.47989	0.57844	0.60756	0.55166	0.56949	0.72677	0.38318	0.64016	0.31439	0.4528	0.69865	0.14251	0.74441	0.32113	0.77418	0.33887	0.51792	0.33761	0.47317	0.65988	0.45712	0.15596	0.46719	0.38208	0.87613	0.80971	0.16623	0.76261	0.47419	0.4913	0.49479	0.46347	0.86929	0.64368	0.63158	0.33264	0.11005	0.39484	0.57755	0.74799	0.29982	0.46826	0.54688	0.64936	0.81249	0.44716	0.145	0.69371	0.58448	0.05331	0.32869	0.365	0.6879	0.23946	0.3947	0.51899	0.28378	0.70768	0.27629	0.64722	0.34035	0.68635	0.58474	0.59024	0.17161	0.20741	0.7092	0.54969	0.54342	0.25438	0.86821	0.4459	0.13431	0.32638	0.59238	0.25982	0.48216	0.30516	0.26707	0.47872	0.37917	0.63937	0.36637	0.63595	0.61331	0.6583	0.41267	0.46391	0.40488	0.40517	0.45043	0.60037	0.35417	0.77854	0.38742	0.39597	0.42876	0.52766	0.53791	0.34259	0.7184	0.62335	0.54764	0.72523	0.59617	0.63615	0.27502	0.50573	0.71311	0.27072	0.15295	0.4663	0.21187	0.69425	0.592	0.47435	0.64695	0.79404	0.30323	0.33317	0.59324	1.0	0.65492	0.35905	0.48132	0.25462	0.12304	0.52899	0.90126	0.58068	0.43092	0.44232	0.01033	0.27844	0.56443	0.15717	0.63846	0.36302	0.44574	0.69404	0.31713	0.72703	0.39885	0.41547	0.22836	0.64864	0.369	0.52199	0.36076	0.44607	0.54488	0.40748	0.60514	0.53496	0.26751	0.4049	0.45183	0.86332	0.14867	0.26322	0.59162	0.60694	0.43148	0.68634	0.69993	0.64503	0.34387	0.51772	0.27729	0.74712	0.66095	0.33614	0.53606	0.64113	0.3242	0.24887	0.54731	0.17195	0.9644	0.59108	0.50176	0.57433	0.56193	0.03121	0.80141	0.34487	0.72206	0.59126	0.36136	0.3187	0.65333	0.40532	0.56111	0.0756	0.40579	0.69802	0.87871	0.49716	0.46882	0.35613	0.58554	0.87357	0.25194	0.59429	0.94659	0.61226	0.27551	0.46568	0.20085	0.76031	0.24895	0.42455	0.58208	0.53341	0.81869	0.22151	0.83253	0.54313	0.38591	0.58405	0.68321	0.96318	0.47533	0.62636	0.45443	0.28427	0.24345	0.65063	0.29245	0.43508	0.52502	0.75181	0.57586	0.38461	0.23583	0.60292	0.4434	0.58664	0.92111	0.70148	0.5708	0.6984	0.25908	0.57988	0.81665	0.40207	0.46135	0.57121	0.52462	0.43334	0.67741	0.35549	0.62392	0.40696	0.95265	0.37633	0.32078	0.23817	0.73081	0.22457	0.48376	0.64396	0.14481	0.42301	0.7299	0.2723	0.46479	0.29929	0.51	0.40022	0.55592	0.38551	0.28946	0.09201	0.65532	0.63003	0.25286	0.60127	0.37173	0.55379	0.3229	0.58234	0.33256	0.2445	0.33382	0.56339	0.56497	0.83965	0.72065	0.51741	0.57886	0.2026	0.21125	0.54622	0.79747	0.51637	0.49053	0.46248	0.56361	0.417	0.36204	0.6331	0.41092	0.30964	0.35845	0.30284	0.46268	0.2966	0.2236	0.48837	0.17404	0.57148	0.33245	0.60274	0.6841	0.16761	0.32862	0.68225	0.48173
tit	0.64073	0.65177	0.47346	0.6225	0.70629	0.5424	0.38387	0.52335	0.77357	0.32854	0.53942	0.61699	0.46409	0.57625	0.70109	0.8313	0.15873	0.45877	0.27316	0.26147	0.30963	0.35271	0.17378	0.41176	0.69937	0.50028	0.23673	0.35916	0.62861	0.68465	0.64966	0.44074	0.66593	0.66244	0.66663	0.33678	0.38864	0.73073	0.84271	0.45708	0.62963	0.60394	0.77138	0.87009	0.49986	0.44556	0.68374	0.54847	0.3407	0.32225	0.23654	0.58368	0.70399	0.59836	0.50914	0.27673	0.62187	0.62701	0.30505	0.45179	0.68655	0.92672	0.64253	0.6336	0.42291	0.29988	0.58117	0.25588	0.62938	0.50681	0.49585	0.56124	0.46234	0.43816	0.44709	0.34387	0.90692	0.51375	0.86859	0.14758	0.54294	0.54291	0.28794	0.52191	0.46031	0.69706	0.47516	0.6471	0.6347	0.37485	0.20445	0.59145	0.32701	0.50838	0.37408	0.36912	0.4384	0.6601	0.61457	0.152	0.55847	0.32703	0.47141	0.83084	0.58105	0.69437	0.50918	0.39362	0.40938	0.35546	0.65621	0.60556	0.6351	0.29955	0.35056	0.42404	0.3263	0.55965	0.539	0.6577	0.42451	0.51172	0.67777	0.45712	0.42232	0.49537	0.54817	0.51449	0.63709	0.5325	0.52726	0.37796	0.62597	0.21151	0.26638	0.32874	0.31506	0.35191	0.60943	0.63033	0.76906	0.06622	0.53231	0.48503	0.75865	0.4894	0.53855	0.62321	0.23456	0.52841	0.44288	0.50756	0.43292	0.39978	0.461	0.60643	0.44889	0.61819	0.43134	0.6151	0.52077	0.68787	0.35887	0.23864	0.63079	0.51182	0.79947	0.55959	0.50832	0.13613	0.33621	0.41987	0.54803	0.47123	0.60076	0.38614	0.5995	0.61468	0.35459	0.42728	0.40777	0.21803	0.16989	0.17786	0.79429	0.47044	0.48534	0.26179	0.43961	0.66512	0.56815	0.50295	0.52286	0.36127	0.6423	0.3305	0.45349	0.46027	0.42081	0.4326	0.20324	0.70843	0.59818	0.72721	0.0	0.55768	0.43	0.42151	0.57152	0.52804	0.79357	0.10897	0.56388	0.44494	0.62691	0.52309	0.51373	0.50991	0.50092	0.41978	0.42382	0.75084	0.66933	0.2964	0.36781	0.36615	0.67986	0.1779	0.62037	0.41995	0.46212	0.70301	0.47633	0.55501	0.49062	0.56798	0.74204	0.47125	0.18385	0.50832	0.17282	0.33361	0.5165	0.72851	0.72415	0.2442	0.45032	0.45348	0.55155	0.69992	0.84741	0.37724	0.1043	0.62957	0.37024	0.61953	0.72384	0.85702	0.80723	0.89473	0.48647	0.50354	0.52902	0.51925	0.29433	0.46891	0.37626	0.35868	0.76399	0.40101	0.38349	0.76128	0.41861	0.54368	0.30183	0.44511	0.44243	0.46335	0.56798	0.32039	0.43688	0.0	0.68282	0.64109	0.60496	0.85872	0.60676	0.52136	0.2934	0.77397	0.4719	0.26356	0.77185	0.58524	0.27274	0.55413	0.30433	0.61152	0.81873	0.58077	0.5279	0.68289	0.43359	0.8082	0.38031	0.54929	0.28688	0.63253	0.53422	0.46588	0.41346	0.6829	0.85236	0.51569	0.41988	0.39444	0.46866	0.2803	0.29734	0.89994	0.43052	0.53298	0.41767	0.59259	0.14051	0.66646	0.67661	0.30054	0.29449	0.49215	0.41165	0.62829	0.37364	0.44983	0.60279	0.64893	0.37676	0.55097	0.28754	0.72277	0.63259	0.58079	0.53157	0.07149	0.4144	0.49806	0.28179	0.32928	0.41814	0.64269	0.37072	0.58517	0.0	0.36547	0.34881	0.36516	0.44195	0.65787	0.67123	0.78507	0.43662	0.40296	0.53355	0.08479	0.37803	0.18774	0.57285	0.36535	0.77502	0.58881	0.36371	0.20574	0.47312	0.72315	0.26029	0.5679	0.63486	0.27357	0.59489	0.41809	0.43919	1.0	0.95875	0.77475	0.22308	0.48885	0.53587	0.63708	0.78706	0.32534	0.60777	0.16406	0.4137	0.71107	0.51842	0.54865	0.77629	0.34656	0.6051	0.21552
toad	0.47947	0.35732	0.47886	0.54545	0.5641	0.41623	0.19447	0.24928	0.57854	0.67018	0.73549	0.47583	0.81467	0.54449	0.42483	0.98303	0.25198	0.75178	0.45537	0.56272	0.39417	0.39584	0.30735	0.42227	0.67523	0.68575	0.72856	0.65693	0.5522	0.61381	0.17791	0.15953	0.37443	0.47408	0.61509	0.37859	0.43109	0.44181	0.64467	0.39287	0.56196	0.71054	0.45083	0.45554	0.77344	0.86392	0.03703	0.57416	0.36401	0.40415	0.51265	1.0	0.49033	0.64183	0.52806	0.48649	0.82605	0.34213	0.7474	0.95503	0.47793	0.75989	0.3798	0.50228	0.44463	0.55413	0.42646	0.47593	0.73998	0.5221	0.78214	0.44014	0.4434	0.58087	0.42345	0.40726	0.61857	0.56266	0.87286	0.68864	0.21039	0.47992	0.43394	0.55648	0.33786	0.56691	0.45695	0.00413	0.49884	0.12267	0.39243	0.48637	0.815	0.58292	0.81237	0.74835	0.41477	0.47993	0.3525	0.3367	0.62381	0.50226	0.71324	0.44505	0.59151	0.23402	0.49082	0.42189	0.30119	0.5896	0.28906	0.14249	0.44721	0.08609	0.40997	0.63347	0.61423	0.74311	0.67204	0.52637	0.54928	0.6558	0.69032	0.72783	0.62985	0.81613	0.78781	0.60821	0.52435	0.64323	0.82277	0.46584	0.37549	0.29543	0.3751	0.54803	0.56576	0.57924	0.41269	0.39876	0.69194	0.3913	0.58025	0.73091	0.36556	0.31438	0.27259	0.06869	0.30784	0.39559	0.23708	0.47456	0.24876	0.48137	0.45966	0.71178	0.59202	0.40275	0.75205	0.05475	0.31541	0.44979	0.87536	0.39642	0.49071	0.29937	0.26731	0.63399	0.34822	0.21489	0.66204	0.49078	0.53319	0.34687	0.36312	0.47894	0.42932	0.78298	0.57383	0.37146	0.68429	0.41611	0.59333	0.28913	0.63939	0.20209	0.48223	0.0996	0.4627	0.69552	0.6375	0.71702	0.42382	0.17469	0.43489	0.55336	0.55948	0.81257	0.27269	0.29128	0.28607	0.6239	0.51164	0.73368	0.82198	0.77442	0.69786	0.14806	0.43276	0.50456	0.44815	0.53422	0.45097	0.77546	0.64574	0.44414	0.54994	0.57292	0.84204	0.42811	0.39826	0.63539	0.35183	0.50709	0.5231	0.73686	0.35087	0.67346	0.40305	0.47382	0.0	0.85232	0.4517	0.5687	0.11577	0.36725	0.85455	0.71374	0.66454	0.25762	0.37852	0.47396	0.5541	0.6184	0.23268	0.19436	0.52823	0.16251	0.45581	0.91846	0.1789	0.62739	0.33359	0.45451	0.67361	0.67092	0.52476	0.73007	0.28244	0.7264	0.61667	1.0	0.3789	0.35724	0.31524	0.46223	0.19546	0.82422	0.0	0.57641	0.20444	0.64441	0.52966	0.44458	0.86361	0.47087	0.32368	0.43548	0.69733	0.78433	0.00485	0.51154	0.47057	0.39481	0.5816	0.50824	0.47901	0.52921	0.78611	0.31874	0.24953	0.371	0.6555	0.45653	0.60694	0.98486	0.4185	0.49305	0.2948	0.39969	0.46642	0.7493	0.70077	0.68358	0.12503	0.43532	0.38627	0.431	0.46646	0.28602	0.81885	0.39509	0.37077	0.23569	0.07503	0.39878	0.37406	0.54818	0.37111	0.78508	0.46169	0.44796	0.50847	0.35868	0.63275	0.15785	0.61313	0.44545	0.47669	0.35618	0.83991	0.67558	0.21069	0.30233	0.01705	0.21157	0.89363	0.63748	0.374	0.43741	0.45085	0.6122	0.40246	0.56538	0.46399	0.33484	0.77966	0.37827	0.55374	0.30501	0.62155	0.43199	0.51447	0.63039	0.41174	0.60514	0.86124	0.59328	0.39755	0.55118	0.37234	0.47798	0.54207	0.5035	0.39352	0.68351	0.62285	0.49739	0.45878	0.5279	0.45314	0.27776	0.3287	1.0	0.12682	0.34779	0.46398	0.42148	0.4017	0.41964	0.4993	0.49022	0.7779	0.67019	0.68504	0.80862	0.74588	0.17941	0.32783	0.44921	0.26786	0.89709	0.44387	0.50786	0.78526	0.37747	0.14955	0.30222	0.45002	0.74774
tortoise	0.70227	1.0	0.58274	0.86766	0.73509	0.62043	0.59237	0.5982	0.6453	0.09776	0.47239	0.54965	0.39135	0.77117	0.73276	0.49684	0.06502	0.70278	0.45304	0.33463	0.49941	0.73033	0.5609	0.48977	0.60214	0.48655	0.40794	0.33567	0.51603	0.71563	0.68772	0.56827	0.72588	1.0	0.63764	0.70244	0.71638	0.59536	0.60317	0.16804	0.6246	0.41471	0.70953	0.85078	0.31478	0.78785	0.44288	0.36554	0.49375	0.3106	0.4058	0.3925	0.45266	0.33802	0.60758	0.56101	0.37127	0.64617	0.08871	0.46685	0.64325	0.89221	0.42095	0.20019	0.32752	0.19482	0.30414	0.36695	0.75665	0.99804	0.43551	0.58619	0.77971	0.50049	0.13914	0.702	0.49285	0.30149	0.93302	0.27837	0.42861	0.4834	0.5663	0.67287	0.43093	0.38769	0.40474	0.51424	0.5261	0.49701	0.45964	0.31387	0.40114	0.75643	0.39663	0.60534	0.53605	0.44572	0.4705	0.71429	0.87478	0.19632	0.58176	0.61358	0.68438	0.96881	0.52112	0.44116	0.65082	0.63485	0.64005	0.54094	0.39986	0.34122	0.44898	0.70463	0.57772	0.52505	0.42925	0.67052	0.58279	0.5542	0.38452	0.22597	0.33062	0.4044	0.52009	0.37597	0.56714	0.7541	0.36204	0.47633	0.71971	0.63777	0.50803	0.55195	0.47768	0.38157	0.85824	0.80301	0.31404	0.43635	0.56619	0.31819	0.31879	0.20434	0.44532	0.5804	0.6639	0.49518	0.41658	0.49824	0.45555	0.21276	0.61063	0.41704	0.59646	0.50059	0.46716	0.67895	0.61388	0.59958	0.80631	0.15575	0.24866	0.21538	0.47323	0.39259	0.38324	0.12135	0.42461	0.32719	0.39368	0.6601	0.60221	0.08732	0.50501	0.66879	0.24926	0.77785	0.43837	0.32384	0.61548	0.36741	0.39024	0.1927	0.77405	0.4363	0.66032	0.50093	0.42289	0.13544	0.46121	0.35281	0.73677	0.42951	0.31256	0.49819	0.68346	0.59072	0.38087	0.54603	0.81564	0.79504	0.30125	0.5876	0.40337	0.58669	0.38915	0.49548	0.43981	0.23673	0.46308	0.17284	0.30768	0.55338	0.31969	0.69	0.6816	0.48385	0.5512	0.47963	0.41253	0.24282	0.46503	0.50323	0.54113	0.61541	0.50453	0.51167	0.71945	0.47927	0.52174	0.63682	0.64548	0.52728	0.33184	0.46198	0.58334	0.27836	0.47556	0.28031	0.72034	0.71323	0.58827	0.28936	0.5823	0.30899	0.31286	0.6494	0.75276	0.56294	0.31868	0.42432	0.41985	0.41829	0.12581	0.63857	0.5175	0.55559	0.84612	0.32144	0.47238	0.55215	0.3648	0.38528	0.17359	0.67627	0.28051	0.58502	0.34411	0.80158	0.64017	0.55359	0.70926	0.38598	0.49422	0.50161	0.46536	0.50243	0.49284	0.41441	0.50695	0.12012	0.70048	0.73049	0.4817	0.51177	0.44741	0.38226	0.62703	0.62133	0.47356	0.73407	0.4591	0.64539	0.31074	0.85081	0.50067	0.44664	0.57939	0.81568	0.46695	0.28566	0.30954	0.4599	0.59347	0.3966	0.40242	0.34649	0.58928	0.50491	0.43225	0.55439	0.60056	0.28968	0.13447	0.49961	0.69486	0.86502	0.41184	0.53029	0.45886	0.43641	0.45424	0.63279	0.7584	0.61487	0.0	0.77736	0.349	0.58986	0.54021	0.4098	0.76416	0.54028	0.84923	0.32595	0.00383	0.48952	0.49492	0.63024	0.53184	0.21661	0.42544	0.35725	0.24175	0.38088	0.44535	0.70673	0.57027	0.43093	0.52989	0.55367	0.28104	0.59889	0.53849	0.6041	0.45532	0.4805	0.29644	0.59789	0.73813	0.61778	0.51749	0.456	0.45117	0.54444	0.70779	0.14786	0.62772	0.11847	0.29736	0.42617	0.43663	0.61013	0.61865	0.3297	0.48337	0.18308	0.5137	0.79749	0.58176	0.3646	0.19008	0.36626	0.49581	0.53119	0.30988	0.31931	0.30989	0.32085	0.40014	0.54031	0.42765	0.46908	0.22645	0.3745	0.45229	0.1795
toucan	0.20952	0.46574	0.70125	0.55511	0.51839	0.67476	0.7659	0.49647	0.5171	0.42419	0.74692	0.54438	0.58995	0.66703	0.48286	0.60065	0.56127	0.30868	0.53862	0.52953	0.33258	0.62087	0.55562	0.08206	0.36318	0.98945	0.29994	0.61384	0.55315	0.64669	0.50551	0.42934	0.38101	0.60431	0.71994	0.0	0.55664	0.39372	0.70027	0.39103	0.42876	0.7593	0.4273	0.24763	0.33971	0.38181	0.43434	0.47823	0.68085	0.61658	0.42194	0.61381	0.70888	0.34777	0.63276	0.44419	1.0	0.15782	0.31534	0.46561	0.56677	0.88466	0.65241	0.4384	0.58534	0.66896	0.35823	0.25749	0.5308	0.8223	0.586	0.64792	0.27291	0.68994	0.50852	0.61815	0.57443	0.47967	0.52373	0.63194	0.46446	0.79213	0.58204	0.42289	0.26733	0.51015	0.5304	0.47466	0.69715	0.11831	0.74792	0.52213	0.76181	0.41742	0.37834	0.34352	0.53084	0.5282	0.5986	0.42138	0.34756	0.92463	0.1948	0.46813	0.5172	0.49634	0.24978	0.44542	0.3658	0.43165	0.29828	0.51523	0.59616	0.48991	0.65812	0.19604	0.50171	0.59922	0.55574	0.53328	0.56186	0.60856	0.71917	0.59696	0.06186	0.26674	0.52902	0.79937	0.58136	0.37399	0.63562	0.57949	0.17378	0.46782	0.48386	0.52779	0.33612	0.41832	0.51382	0.58365	0.50469	0.44153	0.46074	0.13991	0.44317	0.64459	0.32595	0.43945	0.18988	0.64946	0.30076	0.48538	0.35963	0.38172	0.59107	0.50655	0.55585	0.35015	0.71923	0.60679	0.72046	0.44173	0.56478	0.35423	0.82744	0.76037	0.52563	0.51379	0.34564	0.43959	0.30137	0.46022	0.40098	0.54481	0.56622	0.39312	0.24603	0.86475	0.54102	0.48594	0.71842	0.33328	0.65248	0.5632	0.0	0.53308	0.23984	0.11252	0.69221	0.62236	0.5644	0.0	0.31446	0.35443	0.36886	0.6482	0.46093	0.41002	0.32563	0.64819	0.40508	0.56044	0.81149	0.64331	0.35014	0.6444	0.89541	0.46069	0.441	0.71096	0.62668	0.47354	0.7438	0.79719	0.63881	0.37575	0.97273	0.46327	0.59607	0.635	0.14635	0.59959	0.66649	0.43182	0.56783	0.65854	0.2421	0.65506	0.54357	0.74249	0.55115	0.74028	0.49168	0.66059	0.63725	0.28332	0.38699	0.46867	0.6747	0.32887	0.54212	0.51972	0.58373	0.49504	0.61095	0.56683	0.47826	0.36741	0.63603	0.55133	0.31583	0.92125	0.43609	0.47331	0.74403	0.29141	0.24095	0.55947	0.22413	0.34345	0.4656	0.45271	0.3214	0.28379	0.4279	0.64452	0.35066	0.76376	0.68444	0.70728	0.71775	0.42287	0.51271	0.81743	0.47669	0.62142	0.66065	0.2463	0.57266	0.88385	0.39192	0.45971	0.09535	0.20614	0.44983	0.85063	0.70668	0.71914	0.3192	0.41606	0.54607	0.36653	0.38274	0.34041	0.33696	0.04547	0.51996	0.59496	0.38271	0.34839	0.45107	0.8925	0.55539	0.40618	0.6329	0.21672	0.6511	0.23809	0.45304	0.65285	0.57245	0.71937	0.44433	0.51401	0.36062	0.4354	0.32464	0.26367	0.44583	0.45637	0.29904	0.15693	0.15259	0.98581	0.33506	0.17377	0.59054	0.46341	0.50907	0.22274	0.60898	0.65001	0.24727	0.64271	0.54442	0.52159	0.59167	0.64431	0.13039	0.50069	0.8766	0.53687	0.46293	0.43447	0.30094	0.59853	0.41659	0.43367	0.58553	0.19491	0.74092	0.51977	0.61389	0.36003	0.6037	0.51883	0.52236	0.54352	0.2839	0.37685	0.37634	0.51054	0.63335	0.75664	0.42934	0.67057	0.46795	0.53964	0.72913	0.71774	0.62932	0.36633	0.59751	0.46729	0.31559	0.41838	0.52107	0.72722	0.31886	0.73731	0.27807	0.52398	0.62845	0.42777	0.41918	0.64664	0.46269	0.43448	0.59388	0.30752	0.82036	0.2404	0.32485	0.15375	0.46617	0.58796	0.39915	0.22546	0.22842	0.25851
trout	0.34899	0.51113	0.47165	0.32856	0.55025	0.35141	0.43862	0.6959	0.60476	0.67047	0.76202	0.70591	0.18534	0.35588	0.57818	0.782	0.67351	0.75994	0.51391	0.42862	0.40683	0.57827	0.40366	0.42725	0.60572	0.78695	0.73899	0.53532	0.33007	0.56863	0.36605	0.29485	0.32064	0.46043	0.41672	0.31567	0.67188	0.65613	0.43584	0.77864	0.61965	0.48271	0.50776	0.31557	0.43146	0.40145	0.80883	0.16554	0.79884	0.27169	0.54108	0.43761	0.09699	0.68083	0.75065	0.30922	0.5754	0.31133	0.50442	0.49861	0.49169	0.60735	0.59352	0.43753	0.56236	0.46885	0.36871	0.54258	0.35544	0.59916	0.69665	0.44356	0.62633	0.44379	1.0	0.27346	0.48486	0.59695	0.36971	0.69804	0.39118	0.5153	0.66486	0.44992	0.0	0.57678	0.47064	0.4612	0.80211	0.19977	0.31887	0.84736	0.33634	0.46901	0.27128	0.63989	0.28424	0.44836	0.59186	0.22608	0.38108	0.38273	0.28754	0.4167	0.47013	0.28157	0.34204	0.85846	0.69222	0.14903	0.28998	0.43002	0.36332	0.1823	0.53772	0.50338	0.66157	1.0	0.41334	0.36255	0.2961	0.374	0.33554	0.58114	0.49915	0.19243	0.53027	0.50421	0.69815	0.3584	0.668	0.5301	0.2267	0.93856	0.23716	0.51904	0.80723	0.59143	0.67043	0.45453	0.42437	0.58081	0.35586	0.79978	0.62192	0.47668	0.14164	0.59375	0.50994	0.67568	0.1843	0.61624	0.38064	0.50575	0.56486	0.81573	0.73008	0.34255	0.35926	0.35818	0.31974	0.34883	0.46309	0.72329	0.3942	0.56596	0.24004	0.61119	0.68249	0.36964	0.46558	0.46646	0.41438	0.75151	0.52883	0.64258	0.57204	0.31287	0.40269	0.39807	0.73061	0.55218	0.91892	0.71292	0.53196	0.4516	0.19373	0.2761	0.52876	0.34935	0.55002	0.30979	0.39914	0.30382	0.49482	0.18889	0.41893	0.68607	0.46506	0.59798	0.60789	0.4715	0.62964	0.33969	0.52828	0.57101	0.5238	0.01522	0.48725	0.76252	0.32482	0.43505	0.7442	0.81052	0.28646	0.58377	0.73018	0.62133	0.39781	0.61503	0.14646	0.22545	0.65135	0.83078	0.30939	0.49641	0.34766	0.20496	0.50293	0.43155	0.65923	0.32628	0.4807	0.58	0.44203	0.45509	0.3808	0.49533	0.8039	0.48708	0.74159	0.26334	0.49826	0.49778	0.28854	0.34644	0.36099	0.22627	0.092	0.75932	0.34051	0.40533	0.53197	0.34847	0.0898	0.37368	0.43297	0.61394	0.94811	0.50983	0.42529	0.4664	0.66365	0.62239	0.76849	0.46066	0.35534	0.83439	0.74251	0.75848	0.70655	0.53555	0.51182	0.41509	0.39139	0.52014	0.86365	0.42898	0.81153	0.73922	0.74696	0.59411	0.2579	0.54555	0.18046	0.48845	0.44589	0.35183	0.35458	0.09702	0.42341	0.54081	0.54433	0.51331	0.30549	0.37269	0.55633	0.50325	0.49007	0.34824	0.36035	0.66565	0.44669	0.60408	0.56887	0.2202	0.27292	0.14465	0.61551	0.50527	0.51247	0.34451	0.76161	0.57855	0.0	0.58917	0.58869	0.47482	0.59335	0.11639	0.6241	0.55699	0.76236	0.5182	0.49734	0.51899	0.31923	0.61441	0.61082	0.78817	0.64013	0.65341	0.37404	0.42464	0.22612	0.3045	0.56471	0.76179	0.49438	0.43664	0.50318	0.40293	0.83574	0.69752	0.42444	0.50384	0.42369	0.76707	0.22847	0.40972	0.43588	0.41073	0.39785	0.34832	0.97039	0.35615	0.36701	0.56711	0.3706	0.36565	0.88016	0.42108	0.75676	0.45563	0.8197	0.24334	0.54341	0.32021	0.59256	0.82865	0.79601	0.81904	0.50626	0.66236	0.58205	0.70047	0.73094	0.57154	0.85433	0.53024	0.40437	0.23	0.45179	0.51886	0.64314	0.21524	0.65358	0.43803	0.66787	0.31934	0.21222	0.54372	0.70038	0.53991	0.48443	0.48684	0.7157	0.2464	0.53603	0.52946
turkey	0.46629	0.8053	0.20176	0.38961	0.626	0.35256	0.53413	0.19733	0.65538	0.44675	0.31559	0.24565	0.47315	0.44616	0.38662	0.69812	0.45591	0.7167	0.0	0.70995	0.17642	0.58774	0.52618	0.22483	0.59301	0.33264	0.35045	0.3421	0.29361	0.80525	0.47923	0.33317	0.37438	0.52172	0.54839	0.71551	0.96541	0.6106	0.56654	0.48891	0.78503	0.51269	0.39922	0.21317	0.74428	0.71062	0.31331	0.57973	0.05636	0.48364	0.23642	0.0	0.34622	0.40889	0.71819	0.43449	0.59682	0.32403	0.35167	0.421	0.30544	0.41681	0.02824	0.67102	0.09481	0.67415	0.51339	0.77353	0.47948	0.79845	0.0	0.73728	0.74886	0.03569	0.2926	0.67759	0.81205	0.55534	0.27256	0.80717	0.36829	0.6905	0.3281	0.44904	0.81212	0.87109	0.91816	0.42517	0.4976	0.63304	0.26157	0.71252	0.68888	0.66621	0.63101	0.51717	0.28676	0.61347	0.61966	0.6928	0.73157	0.30312	0.51649	0.6079	0.42172	0.91464	0.60968	0.59327	0.37714	0.46161	0.44979	0.11256	0.54264	0.92284	0.4334	0.37396	0.83085	0.19324	0.71875	0.3214	0.45659	0.4856	0.51293	0.46508	0.46525	0.63999	0.23034	0.15534	0.55225	0.74499	0.46786	0.48063	0.81974	0.384	0.51695	0.41896	0.60225	0.31682	0.93825	0.90586	0.43584	0.11495	0.20937	0.6569	0.20586	0.54462	0.03495	0.52301	0.55298	0.49672	0.32482	0.67561	0.13625	0.66821	0.59567	0.25265	0.41537	0.53581	0.46335	0.90838	0.88738	0.54856	0.55754	0.53443	0.0	0.47361	0.58967	0.68452	0.21402	0.53902	0.70735	0.39739	0.45331	0.50799	0.57794	0.36011	0.34949	0.55033	0.58678	0.18315	0.20053	0.78718	0.66292	0.67844	0.57691	0.67334	0.42923	0.66188	0.62832	0.35163	0.25096	0.35052	0.52134	0.42968	0.58864	0.72819	0.80396	0.70604	1.0	0.69708	0.28336	0.68494	0.29962	0.67936	0.73038	0.57504	0.70053	0.39681	0.65341	0.7259	0.42549	0.72678	0.83177	0.61972	0.38712	0.60569	0.51329	0.83574	0.36752	0.50756	0.61832	0.35574	0.64492	0.0	0.78784	0.84741	0.55263	0.34628	0.33491	0.49593	0.08936	0.11975	0.69958	0.50712	0.61532	0.46795	0.77607	0.19492	0.37886	0.69394	0.56998	0.0	0.70617	0.40596	0.59356	0.28694	0.56354	0.75017	0.61928	0.62579	0.68268	0.65208	0.36809	0.46139	0.32551	0.38899	0.53074	0.59696	0.29402	0.34215	0.68456	0.33763	0.30531	0.56893	0.3921	0.52339	0.93034	0.56163	0.60276	0.91393	1.0	0.56555	0.5942	0.11874	0.47085	0.17368	0.0	0.71841	1.0	0.34306	0.43503	0.23785	0.69718	0.54893	0.61662	0.76242	0.34672	0.42699	0.66382	0.41674	0.6399	0.62822	0.65663	0.40183	0.50725	0.80834	0.26909	0.6201	0.41379	0.48774	0.39745	0.23359	0.82736	0.77847	0.30441	0.41954	0.59697	0.34665	0.51076	0.41938	0.63682	0.44183	0.36749	0.71142	0.85324	0.61136	0.46558	0.78731	0.31714	0.77297	0.66506	0.0954	0.47836	0.16855	0.66826	0.78827	0.60897	0.33618	0.37944	0.66909	0.59894	0.36821	0.6913	0.0	0.67186	0.63765	0.95103	0.55342	0.0	0.50978	0.44637	0.56373	0.69929	0.48237	0.29212	0.0	0.36307	0.23968	0.6166	0.21061	0.08783	0.23428	0.11391	0.12411	0.47084	0.29337	0.82335	0.48327	0.47147	0.94947	0.3947	0.48197	0.39304	0.45051	0.43585	0.59323	0.76273	0.51104	0.38442	0.36441	0.50326	0.50006	0.24113	0.29817	0.85244	0.25823	0.10991	0.43373	0.11848	0.53953	0.80508	0.73495	0.82794	0.57091	0.52026	0.33742	0.51248	0.2068	0.35247	0.43473	0.4612	0.33446	0.37117	0.38424	0.62227	0.62874	0.09294	0.59331	0.50849	0.12023
turtle	0.50938	0.48348	0.38006	0.62955	0.46509	0.74037	0.4434	0.59148	0.41389	0.45953	0.17898	0.35231	0.37529	0.69944	0.50143	0.31408	0.43309	0.63387	0.41548	0.69643	0.49266	0.58931	0.82799	0.49585	0.39049	0.352	0.57382	0.39859	0.69917	0.44086	0.33904	0.33228	0.5231	0.33627	0.39217	0.40236	0.54305	0.41511	0.27417	0.67485	0.46772	0.35181	0.43987	0.34624	0.62713	0.61152	0.5823	0.43785	0.62901	0.29835	0.39678	0.40967	0.62183	0.54165	0.15102	0.2019	0.375	0.55714	0.59606	0.3495	0.39894	0.91847	0.50665	0.79895	0.0	0.25473	0.58866	0.41002	0.46315	0.19974	0.68268	0.16873	0.82196	0.46457	0.41264	0.03132	0.46039	0.73529	0.28674	0.60449	0.78995	0.48932	0.53325	0.52094	0.56945	0.64857	0.56735	0.52601	0.769	0.85688	0.6014	0.53368	0.68229	0.07995	0.73816	0.70976	0.42398	0.48791	0.72991	0.2876	0.70692	0.42454	0.43179	0.42105	0.68499	0.18407	0.73822	0.62735	0.6102	0.339	0.36303	0.51514	0.50395	0.60711	0.81342	0.16859	0.37451	0.61311	0.19184	0.33242	0.64796	0.24482	0.3752	0.38839	0.59724	0.38645	0.6204	0.1424	0.35387	0.61322	0.23249	0.47145	0.59005	0.06536	0.35398	0.36089	0.51564	0.75797	0.5595	0.35985	0.11505	0.45043	0.69002	0.75747	1.0	0.36443	0.29715	0.17842	0.54767	0.1993	0.25195	0.86981	0.78789	0.27764	0.13103	0.53169	0.39827	0.47981	0.58802	0.91748	0.76629	0.25977	0.58309	0.53624	0.93755	0.08502	0.35864	0.63901	0.51089	0.52288	0.6219	0.8868	0.73099	0.50884	0.58183	0.36605	0.38977	0.75135	0.77578	0.8279	0.56469	0.60557	0.69461	0.61812	0.71449	0.64426	0.45227	0.56522	0.52545	0.3707	0.29541	0.30819	0.5314	0.26265	0.5691	0.44908	0.46872	0.75597	0.23906	0.47277	0.34736	0.26033	0.68308	0.65236	0.72264	0.55727	0.27171	0.36655	0.48665	0.79666	0.5665	0.61934	0.47898	0.69369	0.41356	0.35512	0.36774	0.69154	0.69218	0.53276	0.76831	0.20159	0.32286	0.63495	0.18169	0.30281	0.49668	0.38341	0.44033	0.32315	0.71492	0.56628	0.65155	0.29127	0.58014	0.5351	0.48665	0.33136	0.4633	0.95215	0.7262	0.4014	0.45646	0.52145	0.81591	0.11355	0.43388	0.32886	0.35747	0.63748	0.55219	0.20223	0.07531	0.59552	0.48678	0.49343	0.58746	0.46799	0.39342	0.4826	0.48304	0.31502	0.36841	0.46746	0.85429	0.28657	0.55782	0.30065	0.51585	0.56878	0.11547	0.38343	0.46165	0.455	0.08726	0.78377	0.39677	0.79932	0.4404	0.34269	0.41801	0.4956	0.64066	0.41209	0.47394	0.31182	0.41111	0.51246	0.5593	0.67259	0.59498	0.21628	0.50218	0.70487	0.30911	0.32848	0.44241	0.34232	0.28526	0.79048	0.84989	0.52022	0.50259	0.67466	0.66814	0.60848	0.26655	0.45352	0.46915	0.34846	0.75335	0.64159	0.6263	0.31827	0.65834	0.66211	0.65674	0.65223	0.57139	0.49528	0.70706	0.4613	0.38465	0.80335	0.53231	0.48538	0.62499	0.46394	0.45367	0.54523	0.61112	0.57847	0.8822	0.2395	0.57407	0.62449	0.57529	0.51339	0.66139	0.62937	0.3294	0.59696	0.4234	0.27265	0.38999	0.51677	0.03768	0.49296	0.22398	0.62774	0.46388	0.39759	0.62951	0.73469	0.72837	0.49994	0.66596	0.19338	0.62978	0.41808	0.47425	0.63295	0.74919	0.59652	0.38205	0.14141	0.22528	0.50743	0.38949	1.0	0.61863	0.64147	0.63568	0.29144	0.83648	0.69162	0.72316	0.82656	0.12811	0.65051	0.14985	0.27979	0.38656	0.48783	0.4144	0.52058	0.32046	0.71602	0.32856	0.55878	0.35379	0.32924	0.41928	0.47025	0.76404	0.73841	0.76666	0.52053	0.33417	0.43578
vulture	0.1663	0.42705	0.41596	0.0	0.61181	0.60791	0.46137	0.73584	0.42209	0.7679	0.46913	0.27914	0.58666	0.31721	0.49102	0.55959	0.72626	0.54203	0.47855	0.37083	0.51554	0.59691	0.50951	0.01387	0.5501	0.7487	0.59088	0.7273	0.58926	0.55946	0.34283	0.54973	0.5866	0.28922	0.0	0.48817	0.50462	0.31093	0.42237	0.72449	0.69076	0.31023	0.63655	0.78321	0.34935	0.46445	0.88547	0.2459	0.73057	0.51546	0.52106	0.49515	0.24252	0.5427	0.29292	0.20993	0.29349	0.77365	0.32169	0.27261	0.50427	0.68752	0.69983	0.56898	0.24793	0.36276	0.38278	0.52976	0.17666	0.36295	0.89124	0.14614	0.52537	0.37513	0.24621	0.43366	0.43628	0.31014	0.33411	0.3076	0.51692	0.43727	0.73361	0.55924	0.87762	0.34705	0.46083	0.31187	0.52519	0.41467	0.39332	0.68927	0.22474	0.67793	0.1309	0.36757	0.49185	0.7282	0.74121	0.28995	0.5299	0.15585	0.77874	0.69567	0.52727	0.48379	0.65741	0.72794	0.69685	0.07668	0.53376	0.39028	0.68756	0.50644	0.56093	0.73948	0.38545	0.70791	0.35779	0.5988	0.11329	0.1795	0.41347	0.55725	0.67398	0.34017	0.59861	0.4205	0.35003	0.38607	0.46216	0.50509	0.24861	0.57778	0.60264	0.54724	0.71016	0.44133	0.66578	0.50912	0.6587	0.53026	0.56984	0.38306	0.50223	0.4273	0.37077	0.24309	0.42199	0.34269	0.28286	0.56369	0.48089	0.30402	0.40091	0.43709	0.50333	0.61529	0.57019	0.62277	0.57837	0.71918	0.3231	0.67883	0.52474	0.36713	0.37685	0.55533	0.61798	0.51959	0.43403	0.61326	0.57849	0.65881	0.29329	0.79431	0.55347	0.48245	0.65874	0.35139	0.50692	0.30108	0.81093	0.53848	0.19072	0.85597	0.32769	0.65239	0.53607	0.36949	0.21352	0.49536	0.42058	0.33881	0.43904	0.51812	0.51178	0.39616	0.27345	0.4731	0.69723	0.5019	0.63346	0.68237	0.44343	0.63379	0.41561	0.17698	0.56903	0.72391	0.57637	0.29803	0.47603	0.63523	0.41011	0.24262	0.57444	0.57571	0.45521	0.59439	0.4084	0.48659	0.46089	0.90369	0.27604	0.29763	0.21228	0.46805	0.20145	0.42663	0.4706	0.298	0.52115	0.58131	0.6894	0.52895	0.61718	0.62868	0.63846	0.46422	0.79824	0.53423	0.37261	0.52361	0.40897	0.30905	0.42617	0.6684	0.40703	0.61826	0.50526	0.51727	0.44953	0.28686	0.38021	0.42	0.54599	0.45181	0.42314	0.78529	0.37735	0.37234	0.53468	0.61328	0.8668	0.61408	0.33269	0.61011	0.5577	0.42127	0.68623	0.43697	0.69577	0.56627	0.29054	0.5492	0.35478	0.47627	0.57904	0.62564	0.83832	0.41366	0.5162	0.52683	0.05372	0.54495	0.6833	0.21699	0.56173	0.7663	0.54771	0.32405	0.36451	0.67929	0.52777	0.44163	0.84043	0.38705	0.58127	0.46143	0.66389	0.64146	0.49422	0.39419	0.48004	0.38752	0.52684	0.52645	0.66103	0.50284	0.54681	0.07617	0.36445	0.54101	0.59102	0.57102	0.32318	0.6504	0.44334	0.0	0.39448	0.47804	0.47864	0.67758	0.5241	0.58098	0.49899	0.4789	0.35159	0.23877	0.80524	0.59232	0.63917	0.72467	0.55436	0.68983	0.55912	0.8602	0.74724	0.38542	0.42112	0.84404	0.33643	0.58506	0.80772	0.82775	0.10089	0.54616	0.50979	0.38914	0.40885	0.90415	0.53424	0.45124	0.61912	0.32015	0.58458	0.55514	0.41126	0.71112	0.34213	0.20921	0.90012	0.73136	0.80483	0.5838	0.47871	0.26989	0.19967	0.88618	0.50937	0.74872	0.78351	0.82411	0.39606	0.67697	0.50098	0.77775	0.80741	0.40458	0.40872	0.43946	0.42409	0.72822	0.31916	0.16438	0.70466	0.57136	0.38159	0.58022	0.40326	0.5495	0.41546	0.2187	0.46365	0.24527	0.49537	0.72764	0.35214	0.47803
walrus	0.86064	0.55119	0.41626	0.70694	0.48653	0.70819	0.58711	0.48087	0.51733	0.41886	0.29353	0.13176	0.30559	0.60469	0.51836	0.62172	0.56848	0.0	0.44932	0.45212	0.50257	0.658	0.35529	0.51219	0.3987	0.61671	0.79056	0.52681	0.56765	0.67416	0.46579	0.21538	0.63966	0.30517	0.01265	0.76135	0.53698	0.40064	0.27217	0.62731	0.36955	0.29827	0.16712	0.47347	0.55252	0.74459	0.12539	0.81099	0.8201	1.0	0.38673	0.56479	0.05486	0.57815	0.31871	0.42678	0.54904	0.45922	0.28998	0.0	0.43937	0.47628	0.37227	0.72151	0.10264	0.4832	0.26501	0.31065	0.29514	0.40847	0.77515	0.47363	0.29189	0.00276	0.27	0.3948	0.52469	0.0	0.58005	0.6162	0.76645	0.77747	0.54259	0.29292	0.94034	0.70379	0.28437	0.41375	0.78175	0.47441	0.78669	0.47457	0.24473	0.57567	0.47209	0.546	0.56107	0.43864	0.8597	0.65603	0.63095	0.51152	0.59675	0.65039	0.96502	0.62156	0.74438	0.63629	0.50125	0.51902	0.66488	0.4049	0.11657	0.78785	0.38075	0.70716	0.4455	0.53031	0.49522	0.07962	0.05278	0.15512	0.19295	0.47086	0.71122	0.51223	0.79628	0.14387	0.66693	0.53487	0.28991	0.0	0.55407	0.51701	0.76135	0.72184	0.3427	0.50172	0.6366	0.8108	0.43001	0.78516	0.55561	0.45493	0.41206	0.39977	0.21581	0.69304	0.50027	0.41872	0.35057	0.30735	0.4182	0.51357	0.46761	0.72112	0.50104	0.7834	0.30366	0.5184	0.70627	0.34236	0.5538	0.45484	0.01825	0.3012	0.53566	0.52386	0.51847	0.20402	0.80975	0.57837	0.41106	0.43841	0.50793	0.81868	0.2378	1.0	0.68193	0.0	0.59052	0.47023	0.56384	0.58107	0.37116	0.6303	0.60342	0.12421	0.95663	0.50409	0.42564	0.3324	0.4127	0.43241	0.82012	0.52576	0.41453	0.57418	0.56658	0.22638	0.63584	0.31436	0.83858	0.53083	0.38289	0.40858	0.343	0.7547	0.77422	0.40104	0.57797	0.3453	0.34344	0.5301	0.96863	0.2778	0.47092	0.433	0.6748	0.54216	0.84808	0.47974	0.70405	0.40891	0.09795	0.80319	1.0	0.71324	0.66423	0.48015	0.61248	0.59607	0.4982	0.87061	0.62384	0.37592	0.69192	0.85563	0.28556	0.33717	0.50135	0.35405	0.54735	0.1965	0.68383	0.4748	0.2582	0.53947	0.54229	0.579	0.5579	0.6479	0.48132	0.58103	0.5007	0.14228	0.44686	0.51951	0.59757	0.43038	0.61788	0.26872	0.71644	0.60137	0.59158	0.40386	0.6921	0.46978	0.32267	0.47681	0.85078	0.50909	0.51677	0.27392	0.49416	0.33019	0.16759	0.26649	0.71154	0.61752	0.18875	0.43052	0.72952	0.8202	0.48783	0.4598	0.50946	0.37743	0.55545	0.68383	0.57839	0.42953	1.0	0.51818	0.40417	0.41328	0.66524	0.46865	0.20713	0.35438	0.57122	0.06031	0.68954	0.36552	0.16856	0.53407	0.52463	0.3323	0.41049	0.56453	0.55698	0.43063	0.38445	0.28127	0.30835	0.39526	0.26898	0.2444	0.80287	0.70154	0.74758	0.34438	0.46852	0.1062	0.81077	0.9148	0.586	0.54501	0.76558	0.91415	0.46198	0.32274	0.64375	0.2558	0.41463	0.09288	0.56011	0.74335	0.38706	0.88679	0.23546	0.16172	0.61451	0.59061	0.65212	0.53602	0.65222	0.70323	0.45481	0.56085	0.86121	0.53007	0.3969	0.40218	0.3214	0.44575	0.45046	0.35232	0.19563	0.50506	0.52587	0.2484	0.61083	0.63377	0.63302	0.4291	0.46807	0.69565	0.43627	0.6153	0.14766	0.37499	0.2004	0.12771	0.6093	0.43359	0.39051	0.56794	0.41056	1.0	0.3691	0.91133	0.16007	0.47211	0.79607	0.19216	0.12521	0.65245	0.36608	0.70325	0.80191	0.60738	0.75262	0.83317	0.43659	0.34189	0.57053	0.32474	0.4721	0.24773
wasp	0.27555	0.54272	0.50166	0.64042	0.62508	0.5733	0.61163	0.42629	0.66092	0.46621	0.60038	0.77247	0.45064	0.24247	0.51515	0.61598	0.43208	0.80917	0.41418	0.0	0.36349	0.86327	0.40007	0.3944	0.41936	0.78153	0.72347	0.71223	0.1608	0.77454	0.6276	0.43681	0.73212	0.59569	0.70634	0.56762	0.61943	0.39058	0.22899	0.52337	0.78504	0.79662	0.51517	0.43611	0.41331	0.54986	0.28188	0.34852	0.49572	0.32934	0.29604	0.49595	0.33878	0.59791	0.5292	0.28409	0.42733	0.75697	0.22471	0.41856	0.52887	0.61648	0.59877	0.79631	0.61714	0.36625	0.46263	0.51836	0.5198	0.45918	0.55768	0.62151	0.34881	0.71938	0.22367	0.26516	0.64838	0.50297	0.40909	0.51413	0.66927	0.48638	0.52194	0.71579	0.29778	0.58772	0.43757	0.59513	0.88196	0.60778	0.50789	0.39381	0.56718	0.57353	0.30748	0.42233	0.21402	0.52695	0.67037	0.302	0.47791	0.42898	0.72171	0.55458	0.25921	0.69803	0.39325	0.55684	0.4919	0.42212	0.56403	0.3613	0.6851	0.39704	0.55831	0.4374	0.56417	0.52086	0.4001	0.4154	0.3383	0.62024	0.44411	0.39242	0.44794	0.38073	0.70326	0.41062	0.48482	0.29142	0.70419	0.55635	0.43229	0.69382	0.51215	0.45353	0.34499	0.88564	0.64282	0.18961	0.39354	0.2593	0.12831	0.77741	0.42119	0.17182	0.34242	0.41351	0.32082	0.4755	0.45662	0.41762	0.44057	0.42627	0.37627	0.58258	0.44758	0.69708	0.56004	0.43662	0.12715	0.28143	0.40268	0.35272	0.56375	0.46427	0.36725	0.6218	0.59336	0.16001	0.08453	0.63843	0.47005	0.88146	0.55726	0.33077	0.36979	0.53874	0.55381	0.20193	0.28442	0.395	0.90163	0.40769	0.49146	0.22502	0.37812	0.46136	0.67556	0.34718	0.37004	0.40541	0.36212	0.32902	0.47038	0.32945	0.51622	0.69883	0.3705	0.24541	0.79086	0.42119	0.77813	0.67322	0.37818	0.71975	0.42737	0.61455	0.41976	0.79253	0.50994	0.40282	0.57101	0.13668	0.36759	0.0937	0.51585	0.74864	0.64298	0.64183	0.43952	0.33972	0.45138	0.66149	0.50983	0.45354	0.26361	0.353	0.69405	0.46923	0.33222	0.55563	0.57714	0.60386	0.34789	0.31646	0.31203	0.62167	0.32229	0.51209	0.72041	0.51646	0.58843	0.51347	0.80885	0.52318	0.38281	0.43802	0.46992	0.53192	0.56695	0.43666	0.52948	0.50649	0.35882	0.67063	0.61728	0.29713	0.27502	0.54313	0.38384	0.46243	0.34338	0.3827	0.49006	0.38489	0.78323	0.84466	0.48905	0.54892	0.58996	0.71633	0.5246	0.56449	0.36853	0.60867	0.50233	0.5113	0.35446	0.37923	0.74954	0.47567	0.3051	0.66176	0.2793	0.24492	0.46863	0.38987	0.48391	0.11505	0.20746	0.24435	0.58183	0.59524	0.59835	0.39485	0.09104	0.47554	0.77158	0.61749	0.81159	0.71256	0.8329	0.50782	0.64626	0.43066	0.5042	0.74122	0.08305	0.3168	0.63695	0.37579	0.61087	0.84206	0.53845	0.53336	0.35183	0.37997	0.61528	0.18483	0.51738	0.56169	0.25636	0.30803	0.76811	0.27969	0.56153	0.64995	0.49785	0.45058	0.8162	0.69619	0.63876	0.81117	0.53861	0.66533	0.45358	0.63924	0.55966	0.48232	0.56139	0.68211	0.63176	0.41869	0.63556	0.65191	0.6437	0.52217	0.57358	0.44345	0.38195	0.56025	0.58207	0.52854	0.48496	0.28921	0.39416	0.38802	0.66946	0.86574	0.62592	0.48984	0.5371	0.47309	0.60399	0.5035	0.14672	0.36827	0.6005	0.76299	0.54002	0.53834	0.69113	0.39042	0.51364	0.39657	0.76238	0.25188	1.0	0.32077	0.30209	0.70144	0.6348	0.5051	0.36062	0.47706	0.61677	0.64017	0.49808	0.49932	0.33152	0.42135	0.5106	0.67241	0.44278	0.48338	0.75985	0.576	0.30169	0.60914
weasel	0.59705	0.30678	0.37328	0.58865	0.62552	0.5336	0.89753	0.47523	0.60017	0.76165	0.39845	0.17326	0.49068	0.34988	0.37648	0.63753	0.28073	0.53055	0.39303	0.8038	0.54409	0.53843	0.32235	0.76725	0.54622	0.73171	0.63824	0.168	0.44763	1.0	0.44338	0.59848	0.34288	0.43382	0.57013	0.2376	0.67298	0.4082	0.44808	0.3594	0.56828	0.65572	0.5611	0.58221	0.52981	0.26391	0.343	0.15771	0.3792	0.35476	0.13574	0.6717	0.63909	0.52683	0.41513	0.37853	0.61249	0.48137	0.82379	0.477	0.6437	0.82732	0.05847	0.73599	0.43138	0.08518	0.54582	0.41531	0.42499	0.57754	0.69423	0.69994	0.66071	0.15946	0.35404	0.51423	0.55436	0.316	0.87215	0.28228	0.34909	0.66772	0.78848	0.60136	0.67069	0.49543	0.0	0.63648	0.63722	0.39932	0.59246	0.42494	0.37963	0.63641	0.10295	0.52943	0.64422	0.6001	0.51991	0.27161	0.51932	0.44668	0.32581	0.5564	0.41381	0.32661	0.53059	0.79301	0.81039	0.58718	0.50134	0.36196	0.5023	0.71121	0.59534	0.48168	0.34127	0.31867	0.82147	0.68954	0.87514	0.3466	0.51301	0.71866	0.75662	0.1279	0.14776	0.3265	0.34679	0.60982	0.08219	0.43867	0.45922	0.44661	0.57311	0.39062	0.7269	0.53303	0.5391	0.35134	0.62073	0.51466	0.50768	0.32862	0.56397	0.02312	0.62062	0.24428	0.62473	0.71103	0.58578	0.0	0.32725	0.49944	0.80908	0.73147	0.50865	0.73133	0.34826	0.0	0.49099	0.33306	0.67119	0.34935	0.58836	0.50378	0.46123	0.51182	0.76599	0.41298	0.58301	0.45701	0.55295	0.72405	0.50971	0.36929	0.83021	0.5933	0.39598	0.93193	0.43507	0.30627	0.0	0.53169	0.58713	0.61743	0.55129	0.40801	0.16267	0.53249	0.46824	0.25087	0.72966	0.59086	0.36092	0.45998	0.52773	0.22194	0.25883	0.24553	0.61099	0.606	0.80987	0.57643	0.24069	0.38458	0.41393	0.49097	0.29164	0.81417	0.29088	0.1729	0.41625	0.33382	0.36993	0.69089	0.0	0.35023	0.80351	0.45937	0.05904	0.46163	0.49464	0.14581	0.11483	0.77487	0.61771	0.49691	0.39795	0.29667	0.38889	0.40552	0.47314	0.59036	0.44199	0.64401	0.36438	0.06825	0.48164	0.68532	0.42348	0.54549	0.62296	0.09324	0.73896	0.3704	0.71438	0.40318	0.41181	0.73083	0.48959	0.64243	1.0	0.48692	0.62162	0.17842	0.57342	0.66916	0.51871	0.46685	0.55307	0.37955	0.24513	0.48943	0.37641	0.64067	0.23468	0.71855	0.84368	0.50262	0.84627	0.55507	0.19486	0.35316	0.27571	0.48656	0.68417	0.86492	0.50754	0.82032	0.11501	0.27738	0.80055	0.41089	0.71722	0.59778	0.82176	0.57278	0.63189	0.34228	0.58085	0.66979	0.23393	0.52941	0.51675	0.53485	0.52496	0.35059	0.50736	0.49454	0.36815	0.0	0.25609	0.44047	0.66217	0.58037	0.29093	0.3835	0.50854	0.40762	0.71041	0.55679	0.57173	0.24653	0.18108	0.66856	0.61808	0.86265	0.46026	0.34327	0.69515	0.65843	0.49645	0.34967	0.51889	0.36556	0.54978	0.27847	0.39055	0.54665	0.59751	0.6774	0.28874	0.63188	1.0	0.57437	1.0	0.69923	0.45126	0.6371	0.68449	0.09814	0.32798	0.25403	0.4429	0.64207	0.39348	0.61139	0.65537	0.2596	0.52556	0.83159	0.56019	0.43316	0.1838	0.65732	0.47187	0.65446	0.40574	0.56348	0.70392	0.5298	0.5217	0.52627	0.74426	0.27804	0.26304	0.88453	0.80893	0.53129	0.56494	0.0	0.20098	0.41064	0.53548	0.66433	0.23608	0.84326	0.30274	0.63669	0.64429	0.46918	0.92018	0.71318	0.69274	0.58621	0.33994	0.38511	0.41621	0.47924	0.63904	0.45296	0.49919	0.33323	0.81701	0.65945	0.25998	0.40776	0.55995	0.28516
whale	0.54654	0.30138	0.17931	0.57756	0.63782	0.62981	0.42102	0.64447	0.79501	0.37196	0.63304	0.47123	0.63396	0.33829	0.35239	0.32138	0.50676	0.23739	0.20684	0.22395	0.23984	0.60411	0.3458	0.3781	0.76134	0.4347	0.74217	0.21309	0.39326	0.64224	0.50143	0.38631	0.71137	0.43706	0.8362	0.48334	0.55362	0.63793	0.20713	0.85724	0.44117	0.56846	0.45358	0.49903	0.57491	0.51512	0.401	0.96269	0.41863	0.76067	0.65044	0.56509	0.07665	0.33055	0.07872	0.43132	0.64152	0.74555	0.50239	0.68792	0.58853	0.78162	0.51462	0.59979	0.44142	0.35201	0.57314	0.62336	0.71338	0.59173	0.82472	0.43927	0.39269	0.59652	0.43899	0.26353	0.55706	0.37275	0.21896	0.90987	0.65262	0.29769	0.61165	0.38685	0.36829	0.39312	0.6163	0.28831	0.79727	0.43537	0.74945	0.24113	0.26481	0.41127	0.62838	0.5874	0.45312	0.69931	0.22235	0.22156	0.57282	0.34474	0.52532	0.38604	0.53034	0.27573	0.37475	0.52138	0.61935	0.35948	0.40043	0.16588	0.36475	0.31393	0.32696	0.31189	0.54773	0.4051	0.37001	0.46008	0.44547	0.58704	0.65688	0.33748	0.57825	0.64041	0.53011	0.25282	0.60968	0.78183	0.20335	0.69285	0.36283	0.70019	0.55708	0.82235	0.61574	0.51368	0.64924	0.63592	0.3791	0.33395	0.86855	0.5554	0.69324	0.19813	0.63742	0.08877	0.14388	0.31419	0.25568	0.42802	0.52053	0.45991	0.17484	0.36532	0.59091	0.69984	0.51572	0.1931	0.0	0.3924	0.33485	0.62858	0.43525	0.20097	0.2592	0.63172	0.53464	0.43246	0.75518	0.72976	0.66139	0.85384	0.87634	0.79393	0.34284	0.25277	0.59096	0.39665	0.56432	0.20985	0.67027	0.59021	0.75384	0.65735	0.17233	0.45289	0.78621	0.46954	0.43103	0.31143	0.50821	0.45331	0.55673	0.31681	0.71514	0.60942	0.3996	0.57386	0.56635	0.38998	0.43212	0.68074	0.46602	0.67236	0.55654	0.40769	0.72171	0.61458	0.35733	0.51061	0.37531	0.5479	0.31852	0.71887	0.39824	0.7476	0.58273	0.3858	0.6029	0.30564	0.53442	0.0261	0.32593	0.56373	0.54192	0.53188	0.49487	0.26226	0.61307	0.60626	0.80499	0.46985	0.62733	0.40365	0.32762	0.69708	0.77254	0.60413	0.23212	0.61951	0.60728	0.07778	0.68829	0.49496	0.33223	0.7127	0.53423	0.67514	0.57094	0.32761	0.57241	0.49989	0.92518	0.67394	0.19251	0.59985	0.29714	0.39818	0.40834	0.09315	0.44782	0.64668	0.54665	0.58435	0.50691	0.4839	0.69001	0.45304	0.75094	0.74091	0.48183	0.54864	0.2467	0.75963	0.41388	0.55701	0.5778	0.73336	0.31555	0.26534	0.54589	0.37141	0.52974	0.31692	0.36201	0.42226	0.43413	0.5284	0.38325	0.23011	0.57281	0.80066	0.53977	0.34855	0.40731	0.50222	0.44981	0.15969	0.78472	0.46658	0.43649	0.38388	0.42146	0.25158	0.35317	0.57311	0.34071	0.59596	0.54621	0.36241	0.79272	0.49459	0.58575	0.53954	0.34645	0.38264	0.51511	0.70124	0.52289	0.62228	0.62057	0.73105	0.29094	0.33184	0.46853	0.53732	0.27301	0.19265	0.87334	0.27247	0.58715	0.56478	0.46455	0.46745	0.2413	0.71955	0.33072	0.5577	0.21796	0.75167	0.49958	0.15758	0.80242	0.58526	0.58923	0.3729	0.60445	0.33983	0.24991	0.67268	0.54727	0.71804	0.68523	0.69745	0.72946	0.54741	0.64885	0.7084	0.5655	0.40176	0.7121	0.73012	0.35439	0.61303	0.65501	0.63889	0.57746	0.77373	0.42221	0.11055	0.63602	0.57618	0.62865	0.0	0.65369	0.49767	0.33711	0.55253	0.18223	0.24618	0.42202	0.66251	0.42978	0.31345	0.50486	0.42144	0.71636	0.54608	0.53234	0.30589	0.71917	0.8977	0.77125	0.37576	0.4544	0.59817	0.47777	0.30308
wolf	0.36497	0.68303	0.51913	0.61186	0.52442	0.67765	0.76471	0.28168	0.60833	0.20536	0.5201	0.65136	0.78106	0.41542	0.40817	0.71232	0.53632	0.75358	0.29591	0.3189	0.20807	0.49601	0.45136	0.3325	0.36492	0.57305	0.28907	0.73592	0.48167	0.67509	0.56446	0.2599	0.53465	0.41624	0.54933	0.42187	0.51996	0.22179	0.77195	0.62596	0.58764	0.25832	0.77494	0.62909	0.14829	0.40985	0.53447	0.32597	0.30933	0.00726	0.55034	0.30923	0.29128	0.73659	0.61077	0.29736	0.32224	0.46829	0.3912	0.49895	0.45655	0.61236	0.33969	0.57634	0.84348	0.41994	0.57648	0.0	0.52604	0.63635	0.66286	0.41156	0.35527	0.71378	0.28325	0.1348	0.63289	0.43637	0.39212	0.02506	0.58725	0.56177	0.58303	0.64871	0.43219	0.29051	0.39077	0.64107	0.86746	0.47379	0.40913	0.70316	0.56526	0.61453	0.22722	0.57832	0.25507	0.48149	0.51062	0.4585	0.33757	0.46746	0.25971	0.4893	0.39488	0.56403	0.45292	0.65789	0.69829	0.45895	0.6554	0.54688	0.69758	0.52025	0.4366	0.56983	0.61792	0.27729	0.47	0.46247	0.26366	0.03411	0.32258	0.59005	0.43409	0.55711	0.31167	0.35187	0.59499	0.45324	0.78146	0.33628	0.27214	0.38751	0.27592	0.81195	0.74317	0.71973	0.79014	0.59426	0.63861	0.20188	0.53569	0.60925	0.25987	0.2897	0.30649	0.49695	0.57001	0.44258	0.34506	0.30492	0.41139	0.30758	0.38424	0.43282	0.40253	0.6008	0.64948	0.55238	0.30736	0.77814	0.40319	0.67032	0.39587	0.65123	0.3938	0.91758	1.0	0.44428	0.43289	0.65023	0.63533	0.76511	0.53692	0.35789	0.55942	0.31235	0.43687	0.38216	0.6083	0.4081	0.63461	0.52471	0.73938	0.21492	0.21828	0.37144	0.56533	0.45408	0.54687	0.485	0.17389	0.43754	0.70115	0.5406	0.34346	0.65283	0.48542	0.45905	0.52957	0.52707	0.41209	0.20207	0.35086	0.60199	0.37079	0.81203	0.46499	0.46233	0.28571	0.2709	0.46626	0.45388	0.6039	0.66081	0.45108	0.51828	0.72327	0.5326	0.46289	0.38328	0.49107	0.64473	0.2574	0.39371	0.41465	0.2826	0.81097	0.45393	0.61761	0.58884	0.58305	0.43579	0.72843	0.5588	0.57151	0.4303	0.64836	0.88823	0.50602	0.36162	0.74571	0.68964	0.67118	0.4415	0.67583	0.01065	0.3106	0.7627	0.40488	0.51684	0.28346	0.45531	0.66	0.16361	0.51051	0.53849	0.23998	0.34379	0.41402	0.37489	0.42599	0.60109	0.38961	0.78539	0.1836	0.68118	0.52911	0.72544	0.61629	0.64981	0.6047	0.53766	0.45617	0.26982	0.46423	0.59587	0.56719	0.62777	0.65725	0.48255	0.28207	0.49526	0.60546	0.41114	0.52171	0.46987	0.22386	0.76778	0.46416	0.35666	0.60691	0.66879	0.50192	0.59913	0.33399	0.58297	0.69214	0.4894	0.76156	0.55807	0.40809	0.39802	0.71576	0.4839	0.28565	0.47082	0.48056	0.48274	0.21836	0.75291	0.66951	0.54706	0.05456	0.49918	0.68318	0.45784	0.42521	0.67505	0.79053	0.68051	0.37055	0.448	0.39407	0.26766	0.5066	0.37803	0.49887	0.64431	0.46232	0.59626	0.27944	0.71083	0.52741	0.60023	0.55854	0.60257	0.78063	0.51949	0.55642	0.58275	0.51733	0.54187	0.5024	0.70532	0.2012	0.5148	0.63129	0.48703	0.62359	0.29527	0.42088	0.3359	0.74277	0.71836	0.64805	0.74457	0.96443	0.31452	0.65033	0.49488	0.70662	0.6065	0.44196	0.32952	0.42567	0.29414	0.50707	0.49446	0.39475	0.54609	0.57574	0.7767	0.43406	0.49506	0.42667	0.31324	0.8774	0.2363	0.24056	0.5495	0.63561	0.78246	0.2912	0.4467	0.72508	0.64988	0.2776	0.41488	0.19507	0.52276	0.71878	0.44355	0.82537	0.37921	0.54125	0.33155	0.64026	0.5767
wombat	0.34509	0.14661	0.51124	0.5106	0.60193	0.38475	0.36745	0.61463	0.44251	0.75304	0.3621	0.71244	0.53213	0.523	0.60109	0.90724	0.97521	0.68432	0.60518	0.51726	0.68737	0.52127	0.40779	0.71841	0.32713	0.66952	0.75598	0.45772	0.67685	0.62323	0.75918	0.23385	0.27528	0.42277	0.42631	0.46592	0.8159	0.52649	0.76607	0.43551	0.65364	0.82696	0.27931	0.65388	0.5568	0.59209	0.23716	0.53328	0.80074	0.52005	0.60726	0.60863	0.48308	0.42736	0.70353	0.49297	0.82835	0.47987	0.68076	0.67913	0.64926	0.78914	0.64694	0.38774	0.48817	0.49078	0.75924	0.46362	0.52573	0.52677	0.8074	0.27054	0.64481	0.37883	0.38071	0.85713	0.70328	0.23692	0.40473	0.23316	0.29411	0.5735	0.41812	0.44053	0.13248	0.38772	0.35482	0.36583	0.67903	0.3532	0.22997	0.30085	0.28099	0.94208	0.48043	0.13523	0.51181	0.56672	0.54809	0.34145	0.45926	0.64753	0.44646	0.38743	0.17001	0.21051	0.41193	0.65848	0.68724	0.59618	0.63739	0.66052	0.18064	0.7281	0.53114	0.93416	0.53876	0.19504	0.25337	0.34418	0.15845	0.29206	0.38575	0.61926	0.3856	0.56355	0.27399	0.31927	0.76419	0.42879	0.13387	0.51919	0.3712	0.47653	0.62502	0.47949	0.76548	0.32609	0.51548	0.26358	0.38809	0.49772	0.50776	0.57097	0.68083	0.21071	0.69928	0.1918	0.66584	0.58804	0.59238	0.77545	0.46986	0.65686	0.48948	0.62987	0.52445	0.44908	0.38837	0.45697	0.38364	0.51617	0.42405	0.66987	0.38021	0.4178	0.49591	0.69415	0.28044	0.94672	0.52083	0.62991	0.23694	0.68726	0.66122	0.75646	0.26984	0.52587	0.76982	0.47061	0.48413	0.42879	0.49733	0.36405	0.47439	0.47399	0.3691	0.39531	0.6733	0.43586	0.20815	0.54919	0.75712	0.57002	0.58121	0.28685	0.67163	0.13757	0.44571	0.61495	0.37577	0.42865	0.40477	0.3855	0.32357	0.56078	0.62177	0.38869	0.50452	0.79672	0.49868	0.60066	0.47279	0.49906	0.16957	0.31651	0.55631	0.69962	0.69428	0.84833	0.72653	0.13859	0.39614	0.35452	0.52233	0.47431	0.31213	0.41602	0.31013	0.54635	0.46552	0.35059	0.44141	0.62759	0.36852	0.63643	0.77503	0.7164	0.86891	0.39848	0.13635	0.43082	0.52251	0.3658	0.28388	0.35871	0.44533	0.57048	0.40999	0.53341	0.40377	0.15976	0.45769	0.76856	0.22398	0.60066	0.62599	0.47745	0.36154	0.38551	0.79392	0.61201	0.48189	0.65613	0.57087	1.0	0.95311	0.33232	0.50196	0.33659	0.61979	0.48359	0.73179	0.30692	0.5532	0.30469	0.74147	0.21668	0.70291	0.4977	0.29081	0.71294	0.51505	0.38259	0.21536	0.48879	0.49253	0.38747	0.49207	0.59293	0.21251	0.56732	0.59066	0.19139	0.49729	0.63763	0.45518	0.4754	0.37681	0.69612	0.28165	0.54225	0.41436	0.56252	0.15449	0.58364	0.21142	0.30903	0.77011	0.55116	0.39481	0.2387	0.49197	0.29611	0.21372	0.59626	0.45943	0.58582	0.43377	0.59844	0.62092	0.37615	0.54993	0.52567	0.58267	0.65028	0.64139	0.3373	0.62103	0.47103	0.05149	0.6375	0.58875	0.53833	0.04934	0.23691	0.53352	0.82479	0.57569	0.41202	0.56114	0.50283	0.46508	0.32833	0.60785	0.2213	0.45424	0.53697	0.46818	0.75357	0.38973	0.23903	0.46032	0.33433	0.71606	0.53223	0.41968	0.16633	0.28293	0.26101	0.55952	0.57022	0.42211	0.63514	0.41164	0.73596	0.51961	0.80751	0.45238	0.88126	0.40197	0.36742	0.60578	0.97866	1.0	0.62033	0.82011	0.77206	0.61532	0.14955	0.65874	0.39168	0.56934	0.08571	0.49032	0.44971	0.54568	0.48635	0.50262	0.10566	0.37347	0.46282	0.36343	0.5566	0.35686	0.4682	0.24811	0.2653	0.41086	0.38923
woodpecker	0.28192	0.3148	0.34004	0.70763	0.56602	0.3804	0.74228	0.70943	0.69873	0.4205	0.61133	0.55188	0.75569	0.28219	0.42396	0.59238	0.60749	0.37674	0.40052	0.42723	0.37822	0.6471	0.61156	0.61062	0.19309	0.55187	0.52283	0.34297	0.41217	0.49646	0.65553	0.42906	0.42835	0.80119	0.66285	0.41539	0.23631	0.10596	0.14574	0.48154	0.57952	0.319	0.51557	0.67841	0.49565	0.23599	0.68669	0.81809	0.42166	0.67938	0.53475	0.61629	0.15095	0.21612	0.66899	0.21244	0.44228	0.3365	0.51254	0.68998	0.60379	0.40126	0.99762	0.61772	0.53025	0.63264	0.45656	0.23005	0.63408	0.7047	0.38665	0.57451	0.25342	0.72344	0.90787	0.44484	0.72019	0.72371	0.582	0.65374	0.28832	0.46225	0.46558	0.5276	0.22617	0.4279	0.38607	0.46457	0.56617	0.79453	0.42834	0.46184	0.43363	0.73047	0.60795	0.20943	0.46313	0.66575	0.61567	0.09808	0.35874	0.2008	0.68281	0.27666	0.40804	0.15852	0.34128	0.47487	0.59245	0.30542	0.92965	0.83845	0.68575	0.82012	0.4408	0.35629	0.85095	0.733	0.65111	0.61077	0.63841	0.35967	0.37863	0.124	0.55189	0.12817	0.28677	0.36414	0.4937	0.69468	0.48755	0.26002	0.35793	0.81856	0.44198	0.07302	0.52793	0.63183	0.72173	0.65875	0.61158	0.2575	0.55461	0.43807	0.49157	0.45471	0.48869	0.38894	0.61925	0.55112	0.67612	0.41894	0.3954	0.54795	0.25543	0.6719	0.5074	0.39879	0.36399	0.23938	0.49294	0.45428	0.39501	0.38605	0.81666	0.47384	0.35279	0.50495	0.61927	0.61744	0.58633	0.31781	0.59021	0.73702	0.49983	0.80083	0.51732	0.62417	0.49376	0.23947	0.44923	0.26437	0.71302	0.63039	0.66673	0.51154	0.43401	0.68774	0.87823	0.62821	0.2673	0.40077	0.55594	0.2216	0.54082	0.12316	0.71724	0.6754	0.59302	0.30469	0.22302	1.0	0.53185	0.88711	0.32814	0.59895	0.61387	0.15334	0.77619	0.4339	0.49175	0.43724	0.79868	0.46193	0.2959	0.185	0.53693	0.7485	0.40631	0.63696	0.5537	0.19912	0.20519	0.70219	0.51378	0.25053	0.66825	0.14316	0.70048	0.25928	0.61706	0.59969	0.3704	0.30712	0.555	0.71334	0.03593	0.46957	0.57823	0.3704	0.71928	0.3489	0.43073	0.33722	0.77275	0.36387	0.4367	0.3498	0.48515	0.38175	0.21568	0.39052	0.77102	0.58997	0.26166	0.39675	0.78197	0.57794	0.79489	0.56225	0.26735	0.31147	0.32401	0.71189	0.60208	0.31127	0.4954	0.73512	0.56912	0.57539	0.41478	0.25842	0.51408	0.79331	0.4704	0.74343	0.36252	0.68893	0.74152	0.29588	0.88636	0.59085	0.24795	0.22993	0.42345	0.43138	0.40136	0.49629	0.26502	0.47613	0.45318	0.63857	0.52467	0.37538	0.34633	0.5181	0.43584	0.59817	0.75466	0.26363	0.50351	0.43229	0.29085	0.60574	0.6829	0.50254	0.49271	0.4281	0.33952	0.76996	0.29542	0.42951	0.63767	0.8083	0.7208	0.25634	0.66586	0.38908	0.45829	0.63105	0.54386	0.52826	0.55822	0.3572	0.53361	0.59592	0.58141	0.46161	0.60876	0.581	0.50489	0.61447	0.47983	0.294	0.80117	0.74132	0.65722	0.33185	0.35257	0.31527	0.20683	0.50853	0.41221	0.41562	0.5577	0.55005	0.61702	0.48414	0.57253	0.16498	0.17889	0.20581	0.48887	0.52392	0.611	0.48687	0.50011	0.61116	0.42591	0.57852	0.81316	0.37072	0.79121	0.54118	0.66335	0.65279	0.12021	0.34863	0.3648	0.6942	0.34784	0.701	0.72046	0.45245	0.57131	0.47427	0.74701	0.09251	0.53276	0.23292	0.39086	0.51346	0.5219	0.33909	0.54016	0.32713	0.63854	0.77473	0.79043	0.52962	0.69332	0.41086	0.61108	0.48528	0.47802	0.51088	0.35059	0.40778	0.40518	0.67067
wren	0.38743	0.49266	0.25106	0.7156	0.71262	0.70886	0.72336	0.64535	0.4854	0.41141	0.31557	0.54435	0.8093	0.3873	0.56149	0.6185	0.40049	0.39705	0.46128	0.30736	0.54265	0.31618	0.59834	0.67477	0.38572	0.95365	0.35251	0.60633	0.65	0.66538	0.46479	0.58251	0.43983	0.31489	0.33779	0.72283	0.65498	0.6865	0.30287	0.55255	0.90259	0.47866	0.55875	0.25052	0.45045	0.56249	0.25359	0.40174	0.60535	0.36005	0.42423	0.31412	0.49265	0.53473	0.48074	0.53338	0.3905	0.51437	0.24127	0.31073	0.56577	0.84374	0.36408	0.76792	0.38595	0.6423	0.40874	0.52286	0.39519	0.22974	0.69165	0.42517	0.53448	0.33396	0.51362	0.32952	0.84712	0.53905	0.43524	0.18625	0.54722	0.84344	0.47735	0.49162	0.83943	0.60741	0.58494	1.0	0.96021	0.81246	0.33854	0.62329	0.74551	0.53709	0.58962	0.19885	0.37239	0.83093	0.70595	0.37979	0.75568	0.59761	0.26912	0.61582	0.596	0.12782	0.4477	0.37604	0.68991	0.41052	0.74862	0.56295	0.49036	0.67989	0.59018	0.75122	0.5711	0.55243	0.31252	0.29465	0.31404	0.26847	0.4089	0.40656	0.39178	0.7845	0.25626	0.4067	0.58723	0.64559	0.28489	0.10256	0.37012	0.73454	0.43354	0.77916	0.55729	0.62995	0.51082	0.53334	0.87108	0.6152	0.45603	0.46074	0.46497	0.48894	0.18531	0.26289	0.64393	0.32589	0.29056	0.58102	0.57303	0.28851	0.6823	0.22814	0.64327	0.37241	0.41649	0.91033	0.87112	0.46236	0.14069	0.68635	0.5786	0.65869	0.62796	0.665	0.52762	0.41571	0.55976	0.89732	0.11587	0.61932	0.32338	0.77693	0.64503	0.44365	0.38534	0.34156	0.48529	0.24477	0.31778	0.53565	0.51064	0.37278	0.24264	0.64805	0.41793	0.55124	0.46006	0.50874	0.28833	0.06845	0.72433	0.72942	0.37202	0.37745	0.36534	0.73393	0.80572	0.13409	0.57868	0.66485	0.29464	0.82431	0.43616	0.30033	0.6132	0.67561	0.26558	0.0882	0.50206	0.4199	0.74643	0.23458	0.22623	0.65464	0.49963	0.58228	0.42007	0.56794	0.14167	0.32886	0.42794	0.34357	0.46936	0.36172	0.40695	0.65764	0.42284	0.16649	0.22318	0.64042	0.3808	0.45136	0.574	0.71194	0.45749	0.86063	0.43314	0.08071	0.7405	0.57079	0.54157	0.14035	0.38843	0.4723	0.58128	0.50793	0.58235	0.31172	0.29274	0.66208	0.70986	0.57535	0.59217	0.30035	0.2699	0.64291	0.73183	0.38491	0.54437	0.34034	0.42797	0.65802	0.54854	0.44627	0.7669	0.62527	0.53298	0.16419	0.6217	0.42182	0.89021	0.34351	0.32283	0.39411	0.70424	0.35065	0.24975	0.25312	0.23201	0.62213	0.69697	0.62193	0.57493	0.62268	0.38057	0.70848	0.57798	0.60603	0.50438	1.0	0.2705	0.23262	0.37452	0.41643	0.68677	0.66217	0.53975	0.49764	0.20627	0.42967	0.60624	0.15053	0.20614	0.53578	0.43419	0.23848	0.19494	0.3803	0.4646	0.46816	0.71743	0.55664	0.56552	0.53218	0.37282	0.18983	0.7282	0.69209	0.69871	0.53911	0.57566	0.49366	0.35667	0.50758	0.61057	0.34418	0.30482	0.60001	0.41843	0.43373	0.45097	0.63172	0.24133	0.60989	0.60281	0.5478	0.59576	0.73117	0.69095	0.11092	0.25372	0.61469	0.60263	0.61495	0.54731	0.7009	0.32613	0.60808	0.44096	0.46944	0.58909	0.66688	0.41504	0.34033	0.47924	0.23341	0.55437	0.82642	0.66576	0.52253	0.24934	0.64062	0.63038	0.19361	0.40237	0.87414	0.5899	0.1326	0.37745	0.47704	0.56733	0.4753	0.49103	0.7397	0.82804	0.46478	0.30212	0.29919	0.52236	0.79872	0.29318	0.92692	0.23329	0.45936	0.41826	0.25187	0.39239	0.32449	0.37466	0.40475	0.69253	0.26529	0.4979	0.47	0.32674	1.0
yak	0.24723	0.44327	0.37923	0.5451	0.78175	0.42651	0.70615	0.74102	0.5928	0.3896	0.53528	0.20366	0.49796	0.50673	0.23479	0.60404	0.35186	0.44712	0.6277	0.35779	0.75574	0.60864	0.03528	0.8255	0.34205	0.58248	0.61239	0.64487	0.48968	0.57829	0.48693	0.3367	0.85549	0.64278	0.40589	0.53595	0.90942	0.63148	0.78163	0.53159	0.82982	0.72908	0.27386	0.27551	0.40849	0.86938	0.37552	0.70909	0.33607	0.3731	0.20189	0.69188	0.63287	0.52737	0.5082	0.30499	0.76271	0.29422	0.24948	0.78261	0.22776	0.36119	0.07338	0.5261	0.70109	0.92584	0.38534	0.43098	0.81345	0.78701	0.51511	0.53402	0.36523	0.45387	0.68586	0.12597	0.21873	0.48799	0.35971	0.63901	0.19187	0.02205	0.35074	0.31841	0.91183	0.03341	0.77103	0.39761	0.71355	0.51786	0.24456	0.32546	0.81265	0.87185	0.24937	0.51443	0.24398	0.67226	0.87161	0.40006	0.76212	0.79739	0.80064	1.0	0.60418	0.48531	0.79411	0.76893	0.13813	0.47758	0.81865	0.60292	0.40434	0.68573	0.86448	0.64307	0.78818	0.16979	0.49441	0.1024	0.38661	0.61849	0.13616	0.47772	0.39488	0.13022	0.13084	0.40627	0.58999	0.63226	0.4618	0.54083	0.82826	0.26978	0.73837	0.21573	0.35588	0.53321	0.33417	0.52605	0.24111	0.54893	0.78818	0.11945	0.53469	0.43557	0.35326	0.49793	0.62187	0.43212	0.46109	0.4737	1.0	0.65224	0.4038	0.55004	0.0	0.58499	0.64604	0.47138	0.30306	0.0	0.54024	0.39196	0.483	0.66343	0.63669	0.76156	0.5948	0.24997	0.47793	0.55745	0.71526	0.38785	0.53993	0.39744	0.24293	0.81779	0.50772	0.23147	0.48341	0.26717	0.55133	0.36734	0.59622	0.41692	0.18552	0.50185	0.65955	0.62768	0.29173	0.52153	0.49936	0.18612	0.28609	0.39655	0.5948	0.57636	0.49483	0.11209	0.43771	0.54396	0.92103	0.50044	0.59385	0.70613	0.63621	0.41042	0.20243	0.45015	0.58837	0.49663	0.58679	0.53631	0.67833	0.66547	0.41531	0.45865	0.6108	0.48144	0.45097	0.51482	0.06086	0.57598	0.40217	0.59568	0.3324	0.38292	0.69576	0.63189	0.21902	0.61548	0.61703	0.47296	0.39003	0.34422	0.77894	0.55844	0.39317	0.05365	0.51711	0.45403	0.47068	0.50677	0.75549	0.03366	1.0	0.51382	0.61901	0.50108	0.3665	0.52705	0.50923	0.53887	0.52322	0.4311	0.3728	0.56748	0.60935	0.27289	0.47904	0.42724	0.386	0.51976	0.77482	0.4197	0.89273	0.38388	0.44167	0.29764	0.83636	0.36699	0.62624	0.30836	0.27577	0.53106	0.17857	0.70399	0.63581	0.65756	0.14046	0.61525	0.37861	0.43528	0.63671	0.42186	0.60088	0.22717	0.78829	0.37198	0.53508	0.46862	0.68197	0.37641	0.1534	0.58425	0.54079	0.40841	0.31099	0.90413	0.65232	0.31709	0.69853	0.71057	0.18651	0.51535	0.36433	0.28659	0.5727	0.54223	0.42914	0.5439	0.06201	0.30913	0.91184	0.4488	0.2911	0.69319	0.63062	0.87513	0.25145	0.55875	0.40287	0.36205	0.64107	0.4119	0.38142	0.48824	0.53997	0.88938	0.54249	0.58539	0.755	0.6076	0.27041	0.6857	0.63277	0.52602	0.53172	0.49033	0.37629	0.21113	0.63541	0.05499	1.0	0.33763	0.43695	0.54582	0.52638	0.58378	0.3249	0.47961	0.31862	0.37178	0.67017	0.92611	0.3785	0.5349	0.3769	0.80893	0.10489	0.37576	0.52885	0.66199	0.71837	0.64932	0.34149	0.46621	0.29235	0.55064	0.17138	0.62684	0.4378	0.48846	0.44704	0.51079	0.57607	0.31307	0.59519	0.57279	0.38119	0.53262	0.88841	0.68663	0.58005	0.45145	0.01632	0.28586	0.26714	0.50397	0.6183	0.93539	0.54599	0.48499	0.40038	0.7216	0.49668	0.41414	0.42508	0.1502
zebra	0.38944	0.30929	0.46578	0.37331	0.52922	0.49252	0.60221	0.38786	0.46327	0.48099	0.50711	0.57686	0.45397	0.69176	0.4237	0.60855	0.30148	0.30035	0.1849	0.3971	0.29479	0.62078	0.34921	0.67687	0.76335	0.57017	0.61417	0.195	0.25956	0.45463	0.54489	0.42757	0.64221	0.70186	0.7147	0.51552	0.52131	0.33737	0.07878	0.53757	0.66572	0.57984	0.63591	0.80822	0.53799	0.46752	0.59639	0.41014	0.50207	0.56746	0.17729	0.80616	0.06281	0.75524	0.33279	0.32175	0.37914	0.81226	0.46017	0.34946	0.51383	0.77699	0.70255	0.73226	0.37559	0.46608	0.376	0.7509	0.38584	0.76835	0.59599	0.53625	0.50174	0.42554	0.53433	0.34347	0.45052	0.48741	0.35482	0.54968	0.43713	0.63628	0.48169	0.58662	0.91458	0.61091	0.47044	0.31479	0.7722	0.52497	0.42365	0.52252	0.43702	0.39481	0.33332	0.31002	0.52399	0.58285	0.59037	0.67795	0.60551	0.39559	0.66277	0.30106	0.47339	0.33329	0.50579	0.56562	0.53407	0.31734	0.61894	0.30174	0.51483	0.41634	0.77818	0.31234	0.3092	0.51886	0.4824	0.44593	0.51168	0.26716	0.51369	0.53262	0.42322	0.5297	0.85829	0.2497	0.58349	0.5705	0.35648	0.35487	0.24248	0.36786	0.6478	0.55061	0.59736	0.51817	0.57595	0.65237	0.57045	0.45921	0.67308	0.52527	0.89825	0.40486	0.50721	0.31251	0.19777	0.43666	0.41183	0.64841	0.35362	0.10336	0.49199	0.51455	0.51631	0.68775	0.69445	0.30744	0.41549	0.58727	0.52065	0.25871	0.6472	0.36042	0.23826	0.65221	0.36864	0.39463	0.17955	0.70764	0.67842	0.66196	0.5136	0.58922	0.89264	0.52743	0.7396	0.7382	0.64703	0.33594	0.66492	0.14691	0.91785	0.31776	0.60546	0.30242	0.74365	0.07042	0.49253	0.68323	0.75803	0.30024	0.44958	0.35748	0.51611	0.75015	0.2005	0.30776	0.64643	0.34933	0.38628	0.66885	0.57806	0.8776	0.4994	0.45163	0.50658	0.24905	0.53205	0.54185	0.53371	0.46068	0.19448	0.33586	0.41737	0.49964	0.56294	0.57308	0.81071	0.36032	0.58442	0.42992	0.46767	0.12057	0.35656	0.38671	0.54141	0.57216	0.24424	0.75078	0.80544	0.22354	0.70111	0.47458	0.249	0.28962	0.31109	0.61095	0.55605	0.5496	0.57255	0.55761	0.9648	0.3519	0.26632	0.30271	0.54752	0.72896	0.42694	0.75203	0.35027	0.44271	0.6692	0.29317	0.50106	0.29389	0.35429	0.39332	0.36315	0.2778	0.33253	0.60337	0.45579	0.44041	0.48033	0.25512	0.35771	0.30576	0.47578	0.91377	0.16398	0.69692	0.80771	0.50261	0.45345	0.32495	0.73212	0.72666	0.56699	0.47177	0.51854	0.44632	0.22553	0.66937	0.53671	0.46842	0.55609	0.5896	0.38608	0.52175	0.37882	0.81865	0.68567	0.36546	0.29662	0.21107	0.88987	0.57671	0.79184	0.71432	0.20614	0.51759	0.42603	0.54917	0.54262	0.61254	0.38147	0.66496	0.12816	0.4065	0.73997	0.55777	0.30354	0.41949	0.50996	0.26581	0.46491	0.49752	0.49823	0.70161	0.48406	0.71868	0.58845	0.22449	0.46082	0.51766	0.72632	0.22363	0.66572	0.36522	0.55902	0.36581	0.64415	0.6151	0.30805	0.68238	0.44746	0.57989	0.06301	0.72103	0.54253	0.45495	0.56635	0.53413	0.70753	0.5961	0.51191	0.4942	0.37858	0.6436	0.3542	0.75677	0.48204	0.35154	0.58722	0.52764	0.68432	0.6098	0.53096	0.48919	0.75739	0.84789	0.78669	0.34976	0.45124	0.59538	0.4634	0.66457	0.22961	0.36404	0.7295	0.58813	0.7521	0.1307	0.59746	0.56168	0.49877	0.49139	0.26971	0.29945	0.68032	0.53502	0.3293	0.52514	0.34287	0.54539	0.39779	0.66577	0.71808	0.23134	0.65328	1.0	0.18842	0.22512	0.56772	0.50209	0.20462	0.48263
